100
36 1856
2 1186
85 2627
83 391
32 4904
53 6570
21 1016
38 6884
1 5262
15 739
89 3412
44 5004
74 5661
59 4210
36 6151
91 1591
36 1015
29 2399
42 6676
62 2141
38 2127
4 1599
98 3840
100 2513
96 187
89 1828
27 832
95 2280
47 5087
96 6482
56 6289
15 6794
71 5080
30 3061
47 5908
1 1951
37 5961
47 811
94 4466
80 1975
53 899
14 924
89 5228
13 881
66 2832
86 1743
42 5720
29 4248
45 4790
93 5208
88 2563
10 2084
73 2231
52 5471
40 1231
68 5085
100 350
62 4783
90 6070
89 889
11 3186
80 3495
99 2317
31 51
88 3131
79 6038
88 3328
86 444
50 5958
90 2355
81 6397
33 2002
73 989
31 1326
43 6302
22 564
19 318
23 1959
87 1286
73 5843
87 6760
64 2426
7 87
43 258
33 2857
37 6778
61 6866
26 345
52 4609
17 4258
13 6757
70 3390
5 3287
41 2250
84 2691
42 2826
13 4713
100 798
22 5637
66 3287
0 16 25 41 37 49 10 3 26 5 6 2 29 22 48 47 36 15 20 12 21 47 47 40 3 5 3 4 14 28 21 11 44 41 49 39 8 38 18 11 41 50 43 7 37 17 38 50 32 43 10 2 35 13 10 15 18 23 15 17 3 4 32 3 34 14 28 27 33 11 34 32 28 26 46 50 16 40 20 31 23 47 17 10 32 20 4 3 3 16 40 37 45 14 50 13 25 5 13 4 
18 0 28 2 50 26 41 25 16 26 37 47 45 15 45 11 38 39 11 21 34 39 50 14 14 24 47 39 8 26 8 35 34 5 17 43 43 19 34 28 31 32 27 19 33 40 24 49 7 39 18 26 27 28 50 20 43 49 12 18 17 31 33 14 46 23 15 24 29 9 46 35 50 12 17 7 17 41 16 16 3 12 50 25 44 40 36 24 38 7 13 9 20 34 43 31 6 14 36 11 
46 2 0 12 12 35 1 5 5 20 44 44 21 7 21 39 43 40 32 7 39 6 14 9 7 40 26 47 16 47 13 36 29 4 32 29 46 15 40 20 48 2 8 7 47 23 1 24 36 44 24 16 39 13 35 3 8 44 42 25 37 50 36 30 15 5 3 44 37 34 14 47 12 9 39 1 31 26 44 21 44 26 13 4 47 20 32 38 18 34 19 1 40 46 27 7 42 29 31 19 
31 40 6 0 31 13 6 40 42 16 1 16 19 5 15 21 22 2 39 36 16 37 45 48 18 25 19 32 20 5 31 50 19 23 37 27 20 1 29 17 30 24 22 48 16 5 34 39 12 6 46 26 20 16 29 5 32 27 46 12 23 23 49 25 18 46 48 7 14 33 13 43 33 6 26 23 49 19 35 26 14 23 4 20 37 20 42 48 3 3 30 6 29 37 47 32 36 26 9 44 
21 5 13 8 0 18 14 33 9 46 18 1 3 18 50 36 21 22 46 36 49 34 23 11 2 16 11 21 20 47 18 32 6 15 27 36 27 7 48 10 22 2 40 23 30 30 38 14 2 36 9 43 32 42 31 36 5 8 39 40 33 35 35 23 7 3 44 12 32 6 29 9 13 17 43 49 3 40 47 38 10 35 39 26 49 14 11 36 8 29 33 28 8 20 9 12 41 21 50 20 
32 37 2 32 20 0 10 11 44 42 39 26 27 43 44 29 23 38 4 19 25 30 35 32 15 44 32 35 16 19 45 3 2 39 44 20 45 40 29 20 22 18 25 20 40 33 29 28 36 29 45 37 42 21 29 16 48 24 34 10 18 6 31 33 29 35 4 4 4 50 33 10 8 43 1 24 23 34 13 36 34 30 1 28 43 45 5 44 33 5 38 35 39 49 22 14 6 30 24 8 
4 10 28 30 50 32 0 28 9 5 48 19 36 39 20 41 36 22 7 40 30 38 8 27 34 32 48 24 11 38 17 3 22 5 13 16 29 22 5 39 1 37 17 5 46 34 17 18 24 25 39 37 4 20 6 40 20 12 21 48 2 44 36 38 40 45 36 4 2 49 42 15 50 6 12 50 38 47 24 23 17 33 18 12 22 2 47 28 34 23 18 33 16 13 16 36 26 47 19 16 
46 27 10 34 39 18 36 0 13 23 35 7 20 15 21 47 30 50 26 17 23 11 12 38 23 11 14 40 49 47 1 12 22 15 4 28 43 19 26 4 34 8 3 3 1 13 49 50 38 39 38 21 27 34 46 26 35 17 10 14 38 2 9 33 50 8 43 15 14 23 24 50 10 24 30 41 43 46 35 16 17 1 18 42 42 4 19 37 3 42 28 6 18 33 4 17 17 31 37 12 
38 20 16 24 23 9 44 17 0 34 15 4 42 1 49 36 20 31 24 31 2 15 10 36 22 47 31 2 40 17 21 31 44 2 9 4 8 35 46 14 4 9 48 35 47 48 4 30 12 27 41 35 5 50 23 13 14 50 45 36 7 42 21 10 18 2 20 50 13 6 39 35 16 32 16 29 46 25 42 36 14 33 35 49 10 15 11 9 49 34 6 45 19 39 45 39 8 41 34 10 
40 16 11 37 23 23 50 18 37 0 2 35 9 45 30 15 36 11 26 27 16 19 33 42 10 44 29 37 15 2 20 7 29 14 31 26 2 42 39 17 19 18 27 17 16 18 5 19 5 21 13 12 34 30 28 20 33 22 47 8 38 27 6 27 14 20 7 34 25 28 13 35 13 41 28 3 47 25 32 1 38 43 23 50 24 18 19 24 15 1 2 41 39 40 20 27 50 50 38 29 
43 4 21 24 29 14 15 41 42 50 0 15 17 26 28 18 39 17 3 29 43 36 37 19 30 18 27 30 4 25 16 15 48 49 32 29 44 50 47 23 9 26 33 23 12 3 43 7 5 30 7 50 40 47 35 12 16 25 42 19 45 30 10 3 7 35 44 33 47 21 46 9 39 33 10 38 13 23 11 28 10 19 44 29 28 40 6 6 13 24 13 6 18 20 48 26 46 43 3 30 
50 34 18 15 10 32 24 36 2 39 48 0 35 39 37 35 11 39 50 16 32 26 22 23 38 50 6 15 48 1 46 2 43 13 4 10 45 28 13 41 37 49 36 45 47 12 1 37 46 45 1 10 10 43 20 41 43 36 36 36 41 37 4 45 27 31 5 5 28 36 11 4 45 1 3 43 11 18 47 43 50 38 7 28 27 46 33 31 23 21 48 5 36 27 28 47 24 48 10 33 
37 17 34 2 49 15 6 6 36 31 33 48 0 38 3 46 15 48 38 35 39 45 40 29 17 25 10 34 6 12 34 13 44 8 11 38 26 39 39 38 45 44 19 1 27 18 39 45 3 2 8 44 34 1 10 19 12 8 41 32 9 11 18 18 11 36 12 26 29 37 3 25 4 42 10 35 10 8 48 4 21 26 16 37 35 8 9 13 15 5 24 17 31 38 24 39 1 46 42 46 
33 11 38 13 48 17 47 37 27 39 22 50 3 0 37 26 30 20 6 18 48 30 43 11 13 38 9 23 48 24 43 31 30 34 7 47 47 5 21 27 41 40 36 26 47 45 21 1 29 4 29 12 41 39 34 20 14 30 15 9 18 39 12 20 12 49 28 11 21 21 23 46 7 5 14 14 35 16 35 44 46 16 36 37 1 34 32 15 44 29 40 39 1 17 39 8 25 50 31 31 
42 6 46 32 36 44 15 36 35 11 42 40 48 42 0 7 40 11 34 47 47 38 11 2 44 20 14 21 4 3 42 33 40 5 42 15 9 10 15 49 30 37 49 22 23 21 3 35 7 31 22 22 50 8 48 26 47 37 21 29 6 43 10 7 17 41 4 22 7 30 43 25 26 3 41 49 11 39 3 26 9 27 5 24 38 12 45 1 18 6 10 24 42 6 2 36 14 49 18 42 
37 18 30 4 17 36 30 3 36 31 14 5 37 43 2 0 25 18 18 39 46 27 16 14 47 31 8 14 26 35 28 44 1 16 38 22 9 21 49 6 50 36 49 42 7 31 21 35 5 21 45 12 16 12 20 28 38 7 17 32 18 7 2 11 7 29 25 32 31 14 32 27 22 46 1 5 7 32 13 25 7 19 28 15 10 48 10 4 45 16 39 13 48 21 38 31 35 2 46 29 
39 20 36 5 22 22 17 35 48 37 42 22 2 43 39 20 0 19 12 34 35 48 31 37 10 33 33 3 24 27 31 36 17 19 44 21 18 36 34 9 3 39 24 43 49 42 6 40 30 32 35 3 12 21 49 40 5 44 45 47 21 38 8 38 7 7 39 27 44 11 40 17 32 19 20 14 48 16 34 36 4 11 26 46 30 3 47 44 17 21 5 13 18 35 39 25 37 22 14 37 
37 45 33 11 8 27 45 23 36 33 37 16 5 8 1 47 9 0 5 4 36 50 8 26 30 4 19 31 36 38 15 1 46 43 47 37 12 37 14 45 49 2 43 34 37 27 32 8 29 49 1 9 34 20 10 11 31 46 13 23 2 46 50 14 3 40 50 17 6 5 40 38 9 42 43 24 46 36 26 5 44 37 34 35 34 1 41 50 2 39 28 1 45 28 25 7 43 10 36 36 
1 36 2 16 29 42 23 36 15 27 23 29 29 6 29 48 14 49 0 26 45 5 24 37 36 17 3 24 16 39 43 30 36 32 19 19 37 6 21 9 13 38 21 25 31 29 24 41 49 25 20 20 37 32 5 47 4 12 35 7 35 1 11 20 16 44 49 18 43 27 26 28 21 50 9 28 37 50 6 37 3 31 32 46 24 43 29 14 17 6 38 50 18 38 25 20 39 26 19 44 
12 2 11 39 28 37 17 10 34 24 10 44 13 33 41 45 7 11 27 0 44 4 12 5 29 18 1 32 11 41 40 48 28 22 47 3 32 1 37 23 42 40 34 31 1 35 44 5 10 20 2 43 48 22 10 4 21 39 19 46 43 28 31 11 39 5 33 41 1 39 37 14 47 40 50 15 45 42 7 43 48 12 33 30 8 24 10 44 37 1 38 20 45 6 7 38 19 6 43 33 
18 30 32 33 19 43 31 15 3 47 10 8 43 20 34 45 34 35 21 3 0 10 21 49 1 45 46 29 26 32 44 2 2 22 19 36 44 12 49 33 3 36 2 39 47 25 16 50 19 31 28 37 30 26 18 41 8 20 39 6 48 31 10 37 35 38 50 21 7 2 38 32 23 46 6 33 15 23 46 38 6 36 30 35 43 2 2 32 29 22 34 5 17 14 22 46 10 14 33 41 
6 7 18 49 16 33 25 12 22 49 45 3 4 21 31 36 5 38 21 5 20 0 29 23 18 45 15 44 13 36 47 35 10 20 8 26 35 47 32 46 23 8 12 1 9 40 7 34 9 18 4 49 10 38 20 45 36 38 14 37 7 3 4 25 16 45 38 10 25 50 16 22 24 40 23 26 37 39 44 19 43 36 46 9 48 21 3 35 24 43 35 35 20 6 9 6 25 17 22 13 
44 19 30 1 9 17 47 43 2 26 5 31 41 4 40 26 28 47 32 25 7 43 0 34 20 35 39 46 41 29 31 15 11 36 15 29 3 31 24 43 40 15 2 50 47 38 50 6 48 39 47 9 29 13 12 33 40 6 45 46 34 3 41 2 13 1 6 39 2 16 11 4 19 30 20 47 49 31 39 48 38 48 35 48 2 13 28 25 47 48 48 13 5 20 46 42 15 7 19 21 
16 38 48 5 24 6 47 33 31 12 32 11 27 31 41 46 19 11 3 10 32 28 42 0 18 1 11 23 10 23 27 36 22 39 21 22 36 9 50 21 26 24 13 40 32 4 48 10 15 40 46 24 31 17 39 35 23 20 40 18 3 46 45 34 14 43 24 6 36 24 15 11 46 3 2 49 33 20 26 39 49 16 6 18 24 17 40 7 16 28 19 29 35 47 38 14 47 45 31 9 
41 29 32 30 6 26 21 19 6 13 20 47 19 20 15 26 49 19 15 20 40 15 3 7 0 19 24 18 46 36 28 43 26 1 7 45 43 5 18 43 33 32 27 24 10 14 13 31 14 43 14 48 47 4 3 19 42 20 21 40 44 25 15 32 40 21 8 41 22 40 15 31 19 15 12 37 11 34 43 37 32 17 5 28 10 18 29 36 37 5 8 24 18 43 16 36 9 6 28 25 
22 47 42 48 24 42 46 46 27 48 2 48 20 2 14 5 6 50 8 30 3 34 22 13 41 0 1 27 36 33 27 5 35 1 37 7 19 50 13 44 43 15 48 25 44 17 37 11 26 41 15 48 8 38 44 26 12 42 35 4 16 16 37 41 15 25 15 42 6 4 23 25 39 13 20 29 42 38 1 11 47 47 1 6 32 22 27 15 2 44 35 41 18 3 28 20 25 44 35 6 
44 2 10 19 43 36 16 8 9 31 11 26 27 19 3 32 5 10 46 15 46 28 45 29 21 50 0 21 48 23 50 3 46 4 31 30 25 37 18 34 34 34 5 28 41 31 39 22 2 4 32 16 12 1 38 27 25 25 25 9 35 44 48 7 2 9 19 10 32 47 7 48 32 40 42 42 24 37 34 9 11 13 21 7 2 1 14 24 18 39 18 10 5 38 27 16 40 24 43 32 
25 46 39 49 35 18 1 32 36 14 8 37 3 17 50 46 43 39 30 10 15 38 50 46 32 17 6 0 41 26 23 16 27 42 23 1 38 20 13 15 44 33 45 50 18 19 30 43 44 12 2 44 46 50 46 49 25 30 1 28 40 43 35 46 26 29 48 47 13 12 12 40 48 28 33 13 19 14 3 43 3 3 48 24 1 7 4 43 39 16 3 42 22 10 25 30 10 6 42 8 
42 32 39 43 27 50 32 32 39 13 41 37 19 42 50 44 40 44 50 44 42 28 36 34 35 15 46 39 0 43 17 25 13 13 2 46 14 32 9 45 20 38 28 23 20 45 28 42 28 3 49 20 24 24 39 9 33 20 22 18 22 14 20 34 9 47 25 25 20 49 41 5 7 50 20 27 26 40 27 3 42 23 1 33 2 25 25 4 43 45 6 21 36 36 2 49 48 48 32 49 
48 15 29 30 47 9 21 31 44 48 41 50 40 33 17 29 28 10 40 50 47 3 34 24 26 12 1 22 21 0 6 22 39 15 20 39 20 18 37 11 38 6 14 22 44 10 3 17 30 7 27 49 27 9 19 18 42 14 41 38 4 30 32 14 4 34 30 41 37 13 32 47 27 10 19 2 47 18 14 24 28 7 49 50 17 48 26 11 9 45 6 47 44 12 13 40 30 7 19 34 
13 47 36 32 37 5 11 50 30 4 27 45 27 38 50 37 4 8 3 46 48 44 8 7 28 10 49 14 42 8 0 46 22 44 48 17 5 25 41 4 7 48 19 19 25 29 4 49 43 25 10 43 28 15 32 24 30 13 1 42 21 47 11 38 31 45 33 47 43 30 36 2 13 36 7 32 29 6 40 50 4 28 28 20 25 11 39 24 42 10 42 24 16 31 46 24 16 46 15 19 
9 29 5 1 47 8 49 40 3 28 11 30 35 10 45 1 18 48 7 18 26 3 36 31 35 6 47 11 10 37 37 0 15 16 26 40 2 19 28 31 20 11 49 45 25 44 4 42 48 32 46 46 44 26 28 47 11 4 47 31 11 35 6 3 19 10 15 21 41 20 36 20 44 12 25 34 23 41 20 4 17 43 33 46 41 17 10 20 27 25 31 43 26 34 17 38 7 7 25 48 
11 45 49 27 2 48 46 28 1 29 10 11 5 36 29 25 29 7 23 41 11 14 46 44 18 40 25 6 9 32 21 45 0 39 48 44 47 26 43 29 47 35 39 26 42 42 40 34 9 45 43 27 44 49 7 47 31 5 13 10 14 18 6 23 12 17 10 28 14 40 31 19 21 27 46 47 49 44 10 17 33 4 5 40 2 34 50 45 8 25 24 43 19 20 17 39 15 10 21 16 
47 16 34 9 3 11 46 50 37 15 15 10 42 14 46 49 24 13 28 49 6 33 2 26 43 23 30 32 48 30 12 14 21 0 13 19 3 37 43 44 13 44 14 7 27 48 17 4 47 43 6 14 41 5 38 46 23 42 36 37 45 23 45 43 37 16 21 11 17 40 32 11 1 17 50 32 28 43 28 11 26 5 36 21 38 2 40 33 4 48 6 5 7 19 13 31 33 22 41 50 
23 1 36 50 33 44 5 27 37 25 33 19 41 35 18 35 22 15 30 6 39 42 12 40 15 17 44 6 18 23 15 8 7 2 0 13 31 48 44 46 15 19 16 17 47 7 4 34 9 36 6 20 2 44 40 6 48 30 43 1 28 23 22 18 2 5 43 8 12 5 14 35 14 25 45 45 10 47 50 15 43 3 34 33 37 41 17 46 3 34 39 19 44 14 3 35 32 2 40 29 
48 24 33 31 44 24 11 48 36 34 31 20 22 42 23 29 50 41 47 27 7 46 33 48 45 8 1 17 9 41 21 2 50 32 15 0 26 17 40 11 24 36 14 40 10 1 19 6 25 41 30 1 2 11 13 16 40 48 14 34 3 23 22 8 13 40 15 44 28 25 37 44 9 35 45 22 8 31 43 31 47 33 25 40 49 20 9 46 29 46 18 1 9 22 24 23 40 20 13 28 
25 2 29 3 24 10 14 23 35 31 48 41 34 4 23 30 6 22 45 34 32 45 29 47 39 19 42 41 24 42 7 50 30 49 6 13 0 36 18 7 33 50 46 44 22 5 9 7 11 50 18 16 24 28 46 36 35 35 18 33 48 16 37 40 44 12 13 21 43 39 18 25 23 4 3 21 27 33 49 11 28 10 26 49 35 29 40 8 3 39 32 50 43 37 38 50 20 26 1 21 
13 8 45 6 26 37 37 43 20 49 20 47 17 17 18 48 38 32 36 37 47 47 40 18 23 22 19 20 10 2 49 2 36 12 10 44 17 0 28 23 29 36 44 21 25 5 18 10 39 4 12 23 23 19 47 4 3 49 19 3 37 49 17 48 39 29 29 18 46 21 33 37 15 16 48 34 17 25 20 38 25 3 27 2 37 32 10 35 24 17 23 26 29 44 26 38 14 26 7 30 
48 17 8 10 49 4 26 35 23 1 23 19 2 42 20 20 45 12 34 20 15 38 1 46 12 16 21 18 13 41 4 41 1 40 29 5 13 36 0 12 39 2 12 29 5 11 43 34 5 11 33 6 37 12 44 19 8 29 50 43 23 31 48 6 28 50 45 34 21 47 38 32 29 38 34 41 28 40 29 34 7 5 29 48 4 4 36 11 28 36 2 19 39 5 37 20 2 34 50 26 
20 8 28 23 2 34 10 6 46 24 12 1 6 25 33 28 14 32 6 43 10 12 8 46 28 20 6 32 45 8 40 2 48 42 29 44 36 17 47 0 35 29 35 33 7 19 1 21 7 23 45 3 33 44 8 10 4 29 46 9 28 41 37 44 16 50 38 17 14 45 26 50 17 47 18 40 26 48 38 16 29 10 40 36 46 10 36 2 15 11 27 20 36 12 16 33 16 17 31 9 
17 25 50 15 27 44 45 9 38 39 37 24 14 7 14 16 50 42 6 25 1 47 19 10 26 36 44 44 20 31 10 4 13 46 3 15 29 13 30 1 0 36 14 15 28 44 49 28 46 49 37 16 35 42 43 2 16 4 12 24 1 2 39 23 11 46 19 9 9 48 22 25 41 38 3 19 33 26 2 47 48 10 33 10 37 16 31 22 21 40 35 8 40 40 17 17 29 18 3 14 
48 9 21 39 49 44 5 33 3 15 17 10 18 33 2 16 43 46 23 44 1 17 9 40 34 40 39 42 24 40 31 26 40 4 40 18 15 5 31 50 20 0 40 30 3 35 6 22 15 5 4 35 10 24 9 47 33 22 42 24 17 18 34 11 44 47 47 21 25 35 21 44 26 8 42 15 45 16 18 37 42 10 2 34 22 11 50 30 2 42 31 28 47 7 8 17 44 1 1 21 
35 34 24 19 42 15 7 14 23 8 28 20 27 33 20 3 6 23 22 24 2 17 41 46 35 50 8 22 50 30 24 33 12 7 6 1 19 34 16 15 34 20 0 38 6 48 39 42 35 17 39 38 6 24 29 16 49 14 9 9 30 50 36 16 16 29 7 36 8 44 15 28 23 42 41 47 42 44 33 48 3 13 4 44 6 35 33 42 42 32 28 38 25 10 21 40 20 7 47 26 
45 16 14 38 4 39 1 8 34 9 26 7 28 31 1 15 34 2 12 16 35 20 3 14 1 11 11 27 44 31 10 11 11 38 15 33 25 7 22 23 48 34 25 0 34 7 39 33 12 44 29 50 15 39 2 17 39 48 41 50 10 48 16 45 11 26 41 37 9 35 27 15 2 21 50 44 43 35 35 1 27 46 6 45 45 25 13 44 27 49 24 24 36 17 3 49 19 46 35 38 
15 40 12 37 17 46 30 34 11 32 50 47 38 36 31 32 47 19 18 50 38 17 17 24 11 16 16 38 15 41 31 24 50 40 32 43 18 46 24 20 12 25 49 39 0 5 5 18 34 26 22 19 39 41 42 2 25 7 4 9 36 19 17 11 41 24 42 19 45 48 41 39 31 39 9 43 32 4 37 20 21 45 37 38 48 34 13 16 33 43 5 12 24 17 26 28 39 31 30 21 
10 26 8 34 36 18 11 8 25 39 22 28 42 28 1 22 28 7 26 15 4 20 11 19 33 35 7 29 33 13 18 37 48 16 20 9 9 16 9 30 14 11 28 45 34 0 47 12 25 47 21 21 43 13 31 19 16 34 23 16 39 13 45 23 17 34 3 38 43 21 38 16 13 10 36 2 33 26 12 10 22 26 15 13 37 13 18 31 13 2 10 37 29 9 41 12 42 26 47 30 
34 7 19 38 32 40 23 26 38 43 40 46 42 35 21 17 31 48 18 29 14 18 37 17 4 23 6 44 28 32 25 49 11 4 24 47 8 30 45 19 32 14 26 31 36 6 0 20 35 16 6 29 30 1 40 44 5 29 12 48 14 27 30 20 1 5 17 47 3 18 27 4 50 50 31 42 25 15 3 36 29 23 12 37 25 38 22 3 2 25 30 8 2 32 27 41 7 35 38 29 
37 2 15 7 36 12 30 47 2 33 7 5 29 38 42 20 31 39 33 46 23 24 15 15 19 3 18 38 48 35 11 36 33 16 23 24 7 12 41 46 25 39 1 7 41 18 44 0 48 21 41 25 32 46 16 19 11 6 24 24 31 13 8 15 20 34 1 36 31 23 48 36 1 16 10 12 29 14 40 44 48 19 7 18 48 31 44 32 39 28 3 3 8 44 3 37 25 22 44 46 
8 21 10 12 4 44 17 5 41 37 47 48 34 7 16 2 21 35 9 25 26 19 39 46 24 8 26 24 23 9 39 11 6 33 13 38 20 46 10 35 36 30 33 25 7 35 43 17 0 12 13 14 6 32 24 22 16 16 25 2 9 17 11 8 35 20 33 17 5 23 49 28 14 39 39 9 7 42 15 11 41 25 32 37 22 41 28 47 46 50 9 24 21 43 44 15 44 9 33 18 
14 19 7 50 10 44 33 41 10 13 27 41 38 39 9 29 7 27 26 50 35 36 27 29 22 1 43 22 31 5 9 35 15 16 48 1 6 37 45 15 8 25 23 9 14 43 43 41 45 0 43 42 45 30 5 42 43 5 49 16 1 22 23 50 42 5 12 45 10 18 2 16 16 17 35 2 32 31 10 15 37 8 19 1 1 48 43 34 36 29 35 47 2 37 36 40 48 1 30 19 
29 31 44 26 43 13 17 8 10 17 45 25 35 45 38 7 34 33 3 4 28 25 6 17 39 49 34 42 38 44 48 25 22 1 11 12 11 50 18 9 2 14 21 12 14 5 28 30 37 27 0 49 36 20 39 38 48 10 36 39 16 15 50 20 21 21 37 29 49 18 10 8 42 43 7 43 46 2 11 36 8 18 32 31 27 13 50 15 4 34 8 19 40 3 33 1 16 9 21 7 
26 14 5 35 17 18 26 41 20 9 11 23 46 25 9 43 18 19 48 19 12 8 1 19 22 5 13 28 50 41 7 29 44 39 47 6 7 47 44 20 4 25 10 19 1 3 34 25 39 39 13 0 17 36 38 23 5 9 24 37 32 45 8 33 23 39 24 47 18 5 1 32 33 38 7 33 8 48 37 20 37 10 11 30 30 15 15 45 21 28 44 36 17 14 29 50 29 6 5 13 
3 22 32 8 17 43 46 22 8 30 41 38 7 12 3 25 1 36 23 18 28 23 27 11 27 28 9 27 30 41 41 38 42 44 7 20 44 20 30 50 50 15 49 2 11 25 23 25 18 14 39 21 0 12 1 17 49 46 4 32 13 38 38 3 23 9 26 41 3 47 8 7 41 43 41 17 3 30 50 21 15 37 29 34 39 7 39 1 48 40 2 47 29 11 17 46 22 49 34 35 
31 29 15 15 2 36 12 12 27 10 40 50 37 3 39 50 10 17 24 1 32 14 41 16 46 5 17 25 50 36 4 5 25 16 43 26 38 15 42 50 33 40 25 7 43 34 37 1 50 35 45 4 20 0 28 42 11 36 3 29 24 42 3 11 22 31 34 6 12 11 1 6 21 46 38 50 19 44 3 36 12 25 28 40 33 13 9 45 4 30 12 31 35 7 34 28 8 24 8 30 
2 15 4 12 45 50 43 45 10 22 13 15 16 33 45 24 46 43 3 14 42 30 39 10 32 2 31 48 15 40 8 29 40 6 18 18 28 16 5 41 44 25 12 39 8 46 5 43 7 50 33 14 50 35 0 44 25 13 25 5 3 33 34 8 3 28 13 45 47 23 37 5 4 37 50 29 36 12 15 48 3 40 20 33 30 33 42 20 30 19 42 15 16 47 2 19 20 17 22 32 
21 15 41 25 28 40 46 12 46 18 45 40 4 6 23 27 25 37 8 25 25 7 22 10 11 44 30 40 8 5 23 10 24 48 1 34 48 37 23 47 36 14 6 23 35 29 10 17 22 13 11 24 7 8 2 0 45 43 8 4 23 47 21 8 32 22 42 34 11 18 9 36 27 32 43 8 1 44 48 34 30 6 11 29 17 34 5 40 49 38 25 32 30 29 13 3 29 3 40 40 
45 19 32 12 4 3 28 32 11 19 10 36 33 28 2 22 22 26 46 18 14 20 10 50 36 47 9 26 9 20 32 10 30 31 24 32 9 26 5 34 18 44 20 1 23 6 9 14 24 40 41 9 14 35 40 48 0 16 36 19 39 44 5 33 42 2 37 30 37 22 13 49 2 46 41 13 10 37 6 1 48 8 35 21 16 39 26 46 25 18 4 13 3 2 16 13 38 22 40 9 
14 15 4 6 34 48 17 30 19 1 21 27 40 35 31 32 46 40 1 40 50 29 17 9 18 21 40 4 13 37 12 42 47 23 30 26 31 39 34 41 41 38 40 16 41 36 33 36 23 49 27 14 20 4 42 5 6 0 9 39 13 24 18 35 42 42 48 43 18 47 29 46 15 32 36 14 45 13 36 18 38 14 13 44 11 22 39 14 8 41 42 39 36 11 8 25 7 9 32 39 
40 26 1 23 50 44 39 26 41 41 24 50 34 46 44 5 10 9 12 45 49 41 3 5 15 9 16 31 35 50 8 29 11 14 5 19 48 4 35 25 17 22 39 20 12 9 6 2 10 5 8 22 3 16 18 22 2 21 0 3 14 43 13 15 29 39 27 7 19 3 34 10 16 26 50 17 7 17 29 34 48 4 27 25 34 4 16 40 3 7 48 38 6 17 4 43 33 24 6 16 
30 6 22 10 11 22 19 27 15 36 34 22 24 44 50 41 27 26 13 23 25 33 15 36 18 11 44 36 48 36 41 19 41 29 35 29 27 48 46 46 7 3 5 19 47 33 34 14 50 40 25 15 32 34 20 49 21 34 33 0 46 8 11 12 8 38 22 38 27 28 34 48 44 7 37 30 40 33 15 16 40 5 42 16 1 13 4 39 8 17 7 30 16 36 46 12 23 49 33 28 
49 12 28 47 39 8 1 34 36 2 33 18 28 14 47 11 3 18 20 30 49 2 18 38 8 43 49 2 43 43 4 4 22 45 33 35 8 32 50 15 40 17 23 34 4 24 25 37 19 49 23 2 9 24 12 1 50 48 21 50 0 19 45 40 18 39 49 43 20 18 9 10 3 47 45 24 1 33 35 17 36 45 41 36 35 18 41 1 30 16 31 20 38 14 24 28 28 18 32 50 
3 4 20 32 8 49 5 24 14 44 4 26 34 5 42 34 32 28 39 38 31 3 6 34 40 35 4 18 20 41 39 31 11 33 25 7 50 32 47 27 9 6 2 5 29 46 25 18 26 46 47 37 32 5 15 6 29 37 9 49 46 0 22 20 11 43 30 8 32 25 43 37 2 15 2 22 17 33 6 28 4 44 23 9 15 3 50 46 47 17 8 5 11 20 46 1 50 20 14 20 
5 5 50 9 47 35 50 35 14 5 25 14 20 44 14 22 16 42 11 26 29 8 42 10 27 30 32 14 39 20 22 35 37 21 23 22 9 17 49 26 49 28 43 18 39 22 14 29 36 33 19 29 39 35 23 24 9 2 11 24 12 24 0 29 36 6 45 39 15 35 6 9 30 1 29 45 27 9 35 45 48 9 33 3 34 45 45 22 9 27 26 20 27 50 39 17 21 34 35 6 
42 13 28 49 22 3 19 41 28 25 29 47 39 9 45 40 6 12 39 31 43 21 43 49 20 40 15 45 43 39 33 38 43 11 46 34 40 28 32 37 21 1 36 47 26 2 29 48 27 37 16 38 8 1 48 40 39 39 6 28 48 44 3 0 28 10 26 44 22 14 6 16 36 16 30 9 40 25 3 47 19 26 31 27 18 39 8 24 4 50 22 29 5 45 38 41 15 48 40 20 
29 17 30 19 15 39 16 36 28 18 7 24 34 24 21 10 36 39 1 8 26 45 41 50 47 5 46 7 28 20 42 50 5 18 43 10 30 14 45 6 44 42 40 48 16 16 20 47 4 33 15 30 43 26 50 35 40 26 24 24 31 43 38 31 0 42 26 1 19 40 45 31 24 23 7 48 10 42 41 29 6 23 21 45 5 40 18 37 1 33 15 14 11 24 50 39 12 24 32 18 
50 47 42 16 20 49 2 8 25 42 1 41 6 38 26 49 13 27 5 22 16 42 20 19 44 17 5 31 47 31 36 6 46 7 24 27 34 27 33 36 28 26 38 4 17 33 9 19 50 33 29 50 46 6 33 8 31 28 26 19 2 48 11 43 44 0 30 11 45 35 5 39 43 19 38 5 10 40 16 9 17 11 1 31 29 16 3 1 13 6 1 8 43 1 35 22 40 23 2 41 
23 2 33 9 27 41 24 24 1 43 31 6 11 1 2 35 46 1 1 26 42 39 10 15 8 32 49 24 8 34 28 12 38 39 45 47 46 25 6 33 44 12 3 34 44 50 32 21 8 50 9 48 11 48 16 43 45 2 33 30 22 26 42 6 48 5 0 16 26 25 43 36 44 35 25 42 15 7 48 25 36 28 15 40 20 36 49 36 9 25 14 25 34 30 43 42 35 8 4 19 
14 35 26 24 6 14 1 43 34 41 20 49 17 48 40 3 19 22 1 4 11 35 5 15 30 3 24 19 19 37 8 44 38 41 4 41 18 5 11 49 27 26 31 32 14 11 20 39 6 8 18 29 39 24 45 21 46 27 7 6 37 26 16 4 38 5 6 0 9 36 12 21 14 18 43 25 25 45 39 17 33 16 9 23 46 25 13 37 30 19 34 30 29 28 41 34 24 9 20 37 
13 24 9 13 6 33 8 19 41 14 11 36 17 44 27 50 9 39 3 27 14 12 19 18 16 18 43 43 37 22 20 39 21 30 34 46 37 38 19 43 50 4 7 17 22 6 25 23 24 41 23 32 25 25 9 25 20 40 16 24 21 22 8 48 42 14 38 28 0 32 46 6 2 47 45 24 31 27 46 1 49 28 32 46 27 49 20 39 11 30 45 46 39 47 36 47 36 40 25 13 
25 1 48 28 10 4 31 2 46 48 12 29 4 44 23 37 46 22 4 8 37 39 31 18 30 18 49 5 21 6 19 23 46 25 4 30 20 20 27 13 48 33 16 6 34 5 16 30 32 36 43 16 32 31 21 10 5 30 6 16 50 48 10 24 27 7 35 4 19 0 49 29 9 5 47 13 44 35 37 44 3 18 14 32 16 39 47 34 34 19 21 5 16 43 39 15 42 22 11 8 
14 31 33 40 49 1 12 46 43 45 8 34 48 28 28 28 1 35 41 31 5 43 26 3 7 3 10 13 40 4 4 40 33 41 21 27 11 10 39 2 15 47 4 13 18 1 15 1 15 49 39 8 39 46 14 26 37 39 24 20 24 27 41 27 48 9 4 34 40 45 0 25 28 44 4 5 32 25 9 23 39 25 21 41 31 20 5 6 4 42 36 30 50 41 27 48 27 34 17 21 
4 42 40 11 16 41 10 50 16 12 25 44 29 36 39 49 31 23 4 26 9 8 13 10 33 17 4 23 41 23 18 22 34 31 5 38 43 32 46 34 42 7 3 29 11 14 4 25 24 12 24 27 40 21 10 10 15 22 13 19 31 4 45 39 47 24 3 11 5 8 36 0 33 44 5 29 39 8 21 35 20 32 8 46 42 20 37 5 2 38 3 43 18 11 37 2 24 40 2 18 
9 21 1 23 30 5 48 10 24 42 20 41 28 1 27 32 15 3 45 18 13 46 25 39 32 25 27 47 13 46 35 2 21 33 32 8 24 34 13 42 15 18 5 6 6 28 16 14 39 24 41 7 42 33 24 35 20 31 6 6 30 8 26 34 45 42 42 7 27 26 44 2 0 23 12 1 5 42 48 8 3 45 14 27 48 31 14 42 11 17 25 33 32 7 36 36 36 8 3 30 
7 35 22 30 26 41 16 35 38 50 1 29 8 34 29 6 49 31 18 48 7 1 13 13 47 39 13 31 13 29 36 1 16 42 18 38 48 6 49 32 24 30 17 39 10 16 13 39 8 32 40 35 43 38 47 41 32 16 28 34 31 10 41 36 28 8 4 15 48 41 25 32 15 0 28 33 26 31 32 1 14 50 44 13 3 40 30 5 34 47 37 19 5 38 8 22 24 9 41 10 
10 43 40 18 38 16 32 32 36 41 20 29 23 36 17 9 43 18 26 38 16 18 34 31 19 41 5 31 28 34 16 47 27 10 31 3 23 27 27 8 41 29 44 33 48 39 29 35 30 9 21 42 17 20 17 50 6 48 10 47 41 10 36 41 6 17 27 3 43 50 20 22 36 46 0 28 49 42 44 36 11 37 45 40 44 7 4 3 47 44 12 25 19 29 43 27 40 20 5 38 
13 23 33 21 5 10 17 49 2 48 38 4 29 46 26 45 27 5 15 47 20 25 25 30 40 26 47 8 42 38 12 48 20 42 36 9 17 33 1 33 8 43 27 41 37 30 14 4 6 27 29 42 26 45 3 41 17 27 36 10 12 6 31 9 25 11 50 3 20 14 39 20 2 50 10 0 23 26 19 16 37 42 21 15 36 48 1 7 13 48 46 7 14 44 50 4 3 6 50 43 
20 12 41 43 11 26 20 26 8 43 28 44 5 9 39 10 33 32 36 12 21 4 43 11 15 31 31 34 18 10 50 25 46 45 50 31 23 21 36 8 16 10 4 9 6 39 47 18 16 28 42 17 41 35 5 41 21 7 39 26 2 7 40 27 1 14 1 46 21 30 12 8 42 6 47 27 0 23 35 40 40 8 13 50 39 8 9 42 15 44 44 46 23 16 15 1 22 44 35 16 
19 29 31 28 26 9 33 27 45 2 24 14 13 6 41 37 50 28 28 33 9 6 10 7 25 39 47 44 34 8 41 49 13 17 46 49 49 16 36 48 26 35 46 41 4 15 23 26 3 2 21 19 38 44 30 10 23 9 23 33 29 49 43 21 34 46 34 36 41 15 32 28 26 30 15 25 6 0 45 25 34 27 14 16 42 10 9 26 21 50 35 7 44 26 25 11 24 28 40 8 
29 27 18 6 44 33 26 18 38 46 29 27 46 40 9 36 33 25 38 34 42 23 25 49 32 10 4 17 45 18 7 20 3 36 42 48 38 6 17 22 19 14 39 29 33 2 39 27 30 33 45 30 13 7 8 43 18 29 15 35 13 29 41 2 27 14 28 44 47 27 42 20 36 33 4 37 8 41 0 27 35 31 25 27 13 9 9 13 9 25 47 43 46 48 12 31 33 10 50 36 
47 40 34 11 37 1 12 13 17 43 15 41 12 16 21 41 33 30 1 1 36 28 44 18 42 8 7 30 1 41 6 19 33 46 39 16 10 26 43 34 3 1 42 42 21 41 9 24 26 44 26 16 22 35 5 16 23 36 28 33 45 38 9 2 20 48 22 33 13 33 12 15 20 28 43 19 25 7 42 0 19 22 9 8 10 1 7 6 35 17 9 6 43 18 45 25 3 1 8 37 
9 45 6 23 48 3 50 29 32 24 22 25 11 28 19 33 31 38 12 44 44 4 24 40 12 29 49 24 24 3 3 16 17 42 30 11 39 49 9 38 12 27 31 7 12 7 43 28 17 33 48 42 28 19 24 46 43 35 49 47 22 16 6 12 49 21 23 7 4 32 6 48 37 50 3 36 44 46 17 7 0 36 40 28 34 50 37 16 7 28 47 29 36 25 24 24 4 33 8 18 
44 36 30 4 26 19 10 39 46 44 35 9 26 31 16 31 34 39 19 5 49 15 18 10 24 36 50 23 38 20 27 18 22 40 13 19 19 13 5 3 18 13 26 21 42 24 22 39 30 33 43 32 36 46 10 23 17 47 44 10 43 17 45 22 14 7 34 8 22 31 2 49 31 10 29 8 17 29 10 28 20 0 1 36 3 30 36 44 43 32 22 39 47 27 46 18 7 41 36 12 
2 16 3 42 38 27 36 28 36 29 11 25 35 21 43 48 12 21 5 27 45 18 47 3 15 47 50 18 14 50 8 20 34 30 17 28 25 46 10 5 15 29 28 11 38 6 50 44 27 15 27 19 26 3 32 20 32 3 3 15 21 10 25 47 43 5 15 21 43 33 31 8 45 40 10 8 38 21 42 44 33 43 0 3 43 36 26 37 23 37 5 31 4 43 9 29 46 43 29 8 
17 22 25 20 48 29 30 18 31 36 37 9 11 11 31 16 44 9 7 33 22 40 33 23 44 47 36 19 18 50 35 23 32 21 35 35 50 12 29 41 33 21 20 38 28 31 3 5 27 22 45 20 37 39 20 38 3 32 9 9 36 25 4 7 38 15 12 42 32 39 37 37 13 45 20 42 11 15 7 34 45 46 30 0 26 49 12 24 36 12 41 18 12 43 15 18 3 48 46 15 
10 21 4 39 15 34 16 39 20 4 41 46 47 1 14 14 6 3 27 28 19 41 48 5 43 21 18 23 50 43 50 3 24 46 11 27 36 26 7 6 41 1 49 45 31 7 45 31 2 19 41 41 8 50 45 28 50 23 26 30 11 39 47 37 2 3 47 19 24 36 49 32 8 32 9 39 39 24 35 21 44 42 44 38 0 20 9 40 18 29 17 3 46 21 12 44 44 38 11 22 
49 46 47 31 6 33 24 26 15 29 4 22 17 31 12 22 31 20 30 27 48 40 46 18 43 35 44 30 25 43 32 39 27 36 6 26 42 10 2 37 48 3 8 37 43 23 25 47 4 33 31 25 39 27 48 17 31 46 32 25 39 4 19 36 38 23 45 36 20 8 4 35 34 22 37 32 27 46 19 16 17 28 50 49 8 0 16 41 5 41 14 35 22 13 13 38 38 40 30 15 
32 43 8 2 46 41 43 18 15 28 3 34 38 3 18 5 16 40 36 35 23 40 43 7 8 36 10 42 21 36 46 39 32 42 24 35 21 13 41 27 5 33 27 6 34 33 13 49 44 21 43 37 46 3 39 47 45 2 37 50 37 35 6 45 9 43 12 49 49 3 14 50 36 47 33 43 1 30 18 21 24 48 30 4 42 17 0 29 33 13 16 10 3 47 45 28 3 4 45 18 
49 8 44 47 9 30 42 14 19 8 11 13 40 50 22 1 39 11 7 33 16 27 8 28 49 38 26 18 13 23 25 15 5 28 13 22 5 18 18 47 31 7 10 29 15 22 5 37 17 20 17 40 8 11 49 10 1 33 1 4 35 46 38 37 9 34 10 20 20 14 33 31 18 39 48 39 45 2 50 44 3 27 5 50 48 34 10 0 20 30 9 43 3 12 4 19 37 24 11 45 
15 16 9 13 14 31 24 18 10 4 42 1 4 41 4 1 31 22 43 9 21 1 32 47 38 36 31 42 5 4 2 16 29 14 42 4 28 33 14 20 50 50 6 41 48 9 4 29 33 33 5 27 5 43 35 41 49 3 36 21 5 47 32 34 6 36 20 21 25 12 21 38 38 23 17 44 49 18 7 38 20 15 19 17 16 34 29 15 0 33 27 4 40 45 21 49 48 7 38 19 
7 21 50 37 15 11 27 36 45 50 4 23 10 48 23 23 30 44 27 16 17 13 50 8 6 7 13 1 8 36 8 4 29 17 31 4 45 41 35 26 3 32 30 34 48 22 36 48 47 19 43 26 11 49 28 21 24 36 48 23 33 39 30 40 35 9 37 24 44 27 5 33 32 26 49 35 1 37 13 15 11 43 15 16 12 32 38 16 32 0 15 49 17 44 46 23 26 41 22 47 
15 19 2 36 29 41 18 42 30 45 33 26 47 4 11 40 41 19 15 18 17 10 48 33 4 11 32 46 2 8 6 18 9 17 14 42 28 45 40 19 25 23 11 40 27 32 47 24 35 11 17 48 23 47 44 8 24 3 4 45 24 19 16 27 47 1 40 32 26 21 24 21 22 4 24 37 33 13 33 38 49 29 17 37 31 9 12 37 46 24 0 16 20 35 22 43 48 41 25 36 
9 19 12 7 42 2 15 7 15 25 35 25 44 3 10 43 19 1 37 14 5 8 13 19 35 26 2 45 17 40 8 46 48 29 7 2 30 36 16 50 33 32 7 13 39 21 19 14 41 5 25 39 28 39 32 46 5 31 24 21 12 24 46 44 24 39 6 48 50 10 18 32 36 21 24 45 19 33 16 24 24 16 37 39 32 3 43 20 41 26 17 0 36 24 16 28 48 3 21 49 
9 7 8 29 31 47 14 1 23 10 17 33 7 37 5 41 48 10 37 18 22 31 27 1 4 14 37 21 25 25 44 16 44 8 2 46 39 2 31 19 47 27 17 50 33 22 24 13 19 4 50 47 9 7 49 29 26 2 10 47 16 31 13 26 47 36 27 9 5 39 18 4 38 20 14 15 50 1 42 37 9 50 6 33 3 37 36 24 9 21 5 22 0 23 49 17 26 47 16 37 
10 34 19 6 14 43 25 15 48 33 50 21 31 20 11 6 5 21 47 13 18 25 42 23 20 8 30 19 13 11 4 22 17 16 41 15 22 39 38 6 16 3 7 5 11 14 6 14 34 29 32 39 11 27 34 48 43 23 11 48 2 50 2 7 35 48 34 13 26 10 45 9 32 50 26 5 42 27 46 31 41 20 46 31 20 13 22 33 36 2 38 19 32 0 23 49 24 33 35 1 
8 39 47 35 32 16 20 12 48 14 29 2 2 1 13 1 10 40 37 33 32 12 18 11 29 15 37 46 14 44 12 50 17 12 30 2 28 6 35 49 15 49 32 45 7 8 27 1 29 7 46 5 35 48 2 45 33 22 38 5 42 14 3 45 39 17 22 47 34 13 42 48 2 42 16 12 16 35 36 23 17 43 41 47 41 47 42 45 6 23 11 17 18 3 0 11 44 16 45 50 
32 31 29 50 50 46 45 50 40 33 30 17 42 47 14 30 35 23 5 43 3 29 47 10 21 46 10 47 22 6 9 3 11 11 36 14 49 45 35 19 29 43 7 39 23 38 20 34 9 15 17 22 23 6 38 28 19 50 3 41 14 39 31 33 14 38 9 17 49 3 43 17 29 25 14 27 49 48 9 45 1 41 33 9 1 26 20 28 18 44 13 49 44 22 42 0 45 35 5 48 
24 10 50 5 17 48 6 9 11 12 30 23 2 17 22 14 47 46 3 43 40 40 19 5 18 21 12 46 47 16 43 24 33 33 31 44 45 19 12 14 21 20 17 33 49 48 11 31 26 28 20 36 50 15 1 16 39 12 11 4 35 17 43 6 13 41 5 36 12 12 5 30 24 26 20 15 35 27 5 8 14 43 18 40 39 26 49 36 41 43 48 47 11 16 13 9 0 48 42 26 
41 25 11 12 23 45 31 33 34 16 37 14 46 1 30 16 13 12 21 25 28 3 26 33 47 27 37 19 2 21 20 4 50 28 50 45 33 3 1 26 50 24 17 8 38 46 41 47 42 1 33 5 16 35 7 42 45 22 29 9 45 38 47 45 38 4 8 13 13 34 45 10 50 42 12 15 33 49 35 7 26 16 26 31 24 1 1 25 38 9 1 24 36 12 17 9 17 0 38 42 
50 37 6 15 25 28 34 16 10 39 24 22 1 12 20 43 33 41 1 26 1 8 10 24 48 22 36 42 48 19 11 6 12 20 38 28 43 6 32 44 49 31 35 35 42 47 39 35 44 1 37 10 13 38 6 34 8 20 48 28 10 29 41 47 5 27 17 1 48 39 5 32 28 1 44 2 22 40 30 25 6 46 46 47 15 36 26 44 25 13 15 1 30 44 1 31 32 37 0 47 
24 31 41 28 16 4 36 23 10 21 26 19 26 46 2 41 30 42 21 29 14 50 30 15 6 20 8 34 37 16 18 49 36 10 9 10 5 45 25 9 24 18 20 8 15 17 32 11 36 36 50 1 47 11 45 27 47 35 33 40 12 37 29 11 43 48 32 49 15 4 18 50 27 15 24 45 28 42 10 28 13 30 45 12 28 42 2 29 30 45 38 17 33 20 6 24 44 16 46 0 
