150
72 7198
44 8391
30 2083
98 5757
58 2621
77 7344
34 3926
30 4969
68 7329
69 3314
86 7273
48 3845
22 802
48 2503
93 1363
14 8381
3 1800
31 76
61 6691
83 3219
13 2297
50 3830
43 2982
37 1863
53 8904
35 5390
94 1812
30 8594
24 1796
4 7889
25 1285
7 5262
81 8520
53 423
24 1779
99 4870
38 2275
81 9238
92 10012
26 6870
92 10423
28 4092
55 6352
21 8819
19 8681
59 403
43 7029
18 7227
74 2116
3 2946
87 2806
57 3521
67 5670
11 2488
29 4029
13 9172
62 6326
84 6390
8 5368
72 9326
50 8489
43 10319
64 9718
64 3260
13 6710
79 5145
30 1144
28 7379
97 473
21 1372
29 2506
52 5308
13 1769
73 5411
21 10196
96 6056
6 3443
97 6618
61 767
93 9344
62 6566
23 10328
63 1950
49 4103
39 2730
36 7795
58 5194
26 5771
36 3345
43 1461
82 10495
66 10411
36 4181
31 5667
68 7966
28 1790
72 6516
2 10333
9 8257
100 7021
19 3464
2 7418
85 5760
32 2428
32 2770
73 6223
31 7393
90 396
26 6308
9 9304
32 7309
51 6827
60 6702
70 2564
89 2220
7 6397
13 7077
83 9290
37 10488
74 6692
36 5942
54 3305
74 10487
92 939
7 2790
56 7548
67 7117
61 9726
58 2447
21 6447
21 4554
68 1343
96 3747
58 5007
12 2378
67 8630
49 7575
8 1963
99 9115
39 617
34 4119
39 8593
77 227
15 10456
6 3430
63 3338
7 1103
56 8619
100 7616
25 4079
0 29 25 6 33 8 34 38 40 5 25 24 15 21 33 1 19 3 27 35 47 13 4 12 32 16 9 18 2 34 42 48 38 33 33 42 3 47 20 16 38 38 33 36 34 6 22 45 11 46 47 31 41 7 24 45 3 32 26 18 15 47 15 35 13 10 19 29 44 20 33 50 40 46 36 15 26 22 40 39 25 21 19 18 25 27 32 6 27 1 40 41 15 25 43 32 19 19 28 2 25 43 12 30 36 37 8 10 50 40 14 46 39 4 23 31 10 10 17 5 38 40 10 7 31 26 21 42 33 49 17 23 47 24 18 6 13 41 10 24 46 37 48 30 27 9 12 18 25 44 
26 0 21 44 2 4 26 19 37 42 27 12 33 22 36 50 6 21 27 42 30 30 5 2 30 32 41 43 38 42 42 49 1 8 21 44 10 23 19 33 23 28 14 27 5 29 21 39 11 4 1 25 41 11 13 11 26 43 40 8 13 20 40 15 37 25 36 26 10 22 34 29 26 50 2 47 36 46 23 37 21 45 13 40 19 41 46 48 9 41 1 2 8 31 11 24 26 32 5 21 30 24 12 11 17 15 33 9 1 46 8 10 2 31 39 6 6 26 17 45 6 41 37 18 19 14 45 17 46 24 41 13 6 38 29 2 47 39 20 12 10 35 39 45 6 19 42 17 18 47 
46 44 0 37 40 23 47 37 10 1 6 45 49 23 33 38 15 42 42 17 14 21 31 32 48 41 37 35 33 46 5 5 18 43 4 38 21 49 3 11 2 30 4 38 49 42 4 19 23 16 13 48 23 45 31 19 46 18 28 38 28 2 17 18 45 1 28 23 5 31 15 19 30 26 4 5 27 38 25 9 26 6 4 2 29 35 38 11 14 1 37 13 14 48 28 48 19 38 3 32 5 34 35 1 41 18 36 1 25 3 5 1 31 19 29 26 19 4 41 17 40 42 47 23 29 33 10 46 31 26 15 16 13 48 34 23 29 44 15 38 16 37 35 41 14 17 40 9 45 18 
47 21 43 0 23 46 25 34 24 47 38 44 47 18 38 45 43 39 35 40 26 2 12 11 28 18 4 46 14 9 16 4 1 28 46 11 46 18 49 9 27 21 44 25 40 1 32 24 9 30 15 44 37 20 36 36 48 28 8 46 5 13 12 35 30 4 12 3 49 14 6 19 38 23 10 37 10 19 38 22 48 6 34 12 23 13 40 8 32 40 20 43 4 47 25 20 14 30 43 26 21 41 26 4 29 15 4 19 23 19 16 27 35 39 37 38 39 44 42 27 21 50 33 26 48 49 29 21 43 2 6 35 47 42 6 3 29 49 14 44 17 37 16 27 30 14 39 18 9 36 
11 28 47 15 0 38 24 12 7 3 50 36 3 38 28 22 34 32 25 3 37 15 50 33 42 1 31 39 20 29 42 48 45 25 45 16 2 12 7 12 13 6 24 50 16 11 50 21 33 4 14 44 50 5 22 26 34 26 23 25 17 30 43 29 44 20 13 12 43 29 46 24 20 7 13 50 49 13 21 11 50 21 39 50 47 20 38 47 37 28 49 30 2 12 25 18 2 11 8 43 20 32 39 10 37 15 20 49 31 38 27 39 41 27 48 44 40 4 5 14 21 42 24 30 7 24 30 38 15 5 5 36 8 34 34 27 17 5 8 17 14 3 33 46 6 4 37 11 45 9 
47 32 16 32 6 0 5 13 39 5 38 5 29 48 47 32 41 10 10 5 28 33 22 21 8 46 47 29 7 31 39 21 35 2 43 13 30 11 31 43 38 26 2 28 29 29 27 2 10 9 30 7 13 23 42 13 2 19 30 17 24 49 40 14 18 6 43 47 12 16 26 48 15 21 33 44 41 25 1 11 24 10 37 47 20 41 29 40 45 12 29 44 36 32 6 19 28 22 2 44 22 2 33 10 21 22 39 49 23 35 6 48 21 30 38 32 16 17 20 20 6 22 35 47 19 10 36 39 31 14 32 36 15 38 48 15 21 47 45 48 33 19 36 48 41 29 44 34 10 35 
7 23 10 6 27 49 0 34 10 22 9 43 34 1 49 19 30 40 9 18 37 2 7 8 33 23 37 41 32 15 27 2 50 12 30 35 44 46 43 44 27 7 41 37 15 13 42 8 30 21 22 25 9 27 45 15 25 46 4 2 15 11 10 23 10 26 20 6 10 2 1 21 45 4 30 46 13 14 15 39 50 41 28 30 29 41 1 11 9 33 3 33 47 35 18 47 18 21 37 3 31 36 25 25 47 6 45 24 29 49 23 27 17 47 40 40 43 47 15 9 6 39 42 8 14 35 8 7 13 39 17 35 23 9 3 4 34 35 8 15 38 19 4 34 25 24 27 14 10 4 
50 34 18 15 15 15 47 0 3 36 4 43 34 35 9 28 41 27 35 16 46 46 48 7 18 15 47 4 7 5 20 27 19 27 44 40 19 43 25 26 19 41 44 42 47 37 3 27 5 46 15 48 30 44 40 47 25 2 24 40 16 15 45 24 29 49 40 8 37 12 3 21 19 45 19 26 21 38 32 19 9 29 10 39 1 30 25 50 25 25 35 38 1 40 5 33 19 41 28 34 21 34 32 38 19 45 23 39 35 17 10 8 37 18 3 48 5 23 13 8 16 12 2 23 38 42 38 26 12 22 32 6 30 24 40 14 42 9 26 33 35 11 12 26 37 23 23 27 13 43 
15 18 24 29 32 43 41 2 0 48 47 25 24 37 25 2 25 12 35 15 23 27 15 23 28 28 25 41 36 36 18 15 40 2 32 1 3 5 45 36 47 38 19 33 19 39 34 27 12 31 8 5 19 25 8 43 16 32 16 11 2 42 25 12 25 15 33 36 6 50 50 7 41 8 21 17 46 10 25 7 40 1 6 24 12 13 1 31 48 18 4 30 13 34 32 4 26 39 2 26 12 50 22 41 24 39 9 23 36 25 39 25 33 14 48 35 1 50 31 35 8 14 17 11 45 38 30 17 30 24 4 48 35 45 2 20 37 7 3 9 28 50 32 25 22 3 41 13 18 7 
5 29 37 43 39 21 13 12 31 0 20 17 21 50 28 48 47 22 15 45 6 22 11 2 41 29 47 31 15 35 45 43 6 50 37 27 37 36 11 26 23 26 50 34 36 4 32 5 1 42 24 4 15 45 18 28 35 40 26 13 40 32 19 32 40 2 22 20 43 12 27 28 40 9 26 2 42 33 44 28 30 30 48 19 26 2 50 33 32 24 16 14 10 27 37 7 28 48 25 24 34 21 37 42 34 30 4 21 6 31 47 22 11 8 25 15 6 3 11 22 44 17 46 1 41 15 5 35 29 33 23 32 47 7 49 37 27 5 3 21 42 38 13 35 39 37 50 18 33 48 
22 15 40 1 13 12 7 34 46 43 0 32 39 39 27 19 50 44 15 18 9 38 44 10 40 33 25 31 31 40 14 43 27 7 38 9 3 21 10 21 3 32 44 5 6 8 22 26 16 3 12 8 1 34 35 32 48 11 16 37 16 3 26 7 1 24 20 44 16 45 22 17 44 40 21 40 46 34 34 2 49 29 19 30 41 41 17 29 11 30 11 32 8 19 3 37 32 26 46 5 11 4 6 25 41 34 18 37 16 1 9 40 10 19 39 5 11 29 31 5 28 1 17 37 39 8 43 29 13 29 10 50 42 45 27 28 5 13 22 23 18 19 30 47 40 18 23 40 36 48 
41 19 32 49 2 28 28 23 43 2 39 0 40 45 36 2 22 17 10 20 11 7 16 32 23 7 42 25 40 41 41 1 4 27 12 30 34 41 7 32 47 39 48 1 3 41 36 11 12 26 49 23 1 12 38 17 43 13 42 21 9 48 23 12 32 30 20 10 47 33 43 19 31 25 30 27 36 8 32 15 49 31 44 5 13 37 47 18 32 17 50 48 16 7 37 25 7 40 5 44 6 46 10 3 34 1 29 47 15 17 19 35 13 5 35 24 27 22 12 28 8 21 26 10 25 15 17 17 2 29 40 42 42 4 7 25 19 4 31 19 24 3 37 50 35 44 32 24 34 21 
43 4 27 21 13 32 27 18 23 30 8 41 0 14 43 8 49 9 7 27 16 28 47 26 38 11 19 44 20 11 32 11 11 14 36 3 45 50 22 49 32 26 12 23 13 6 44 36 20 24 34 45 7 47 33 48 45 41 42 38 8 24 30 10 31 22 12 22 10 4 23 2 49 42 6 44 46 12 10 34 30 40 2 4 8 25 10 5 5 6 5 28 17 28 6 25 48 17 2 7 2 40 10 6 14 45 36 43 19 19 6 20 19 34 45 7 37 42 47 11 33 45 44 2 17 44 25 18 29 39 28 23 41 41 25 2 21 26 8 4 5 1 3 50 4 44 28 28 6 28 
15 17 36 33 50 40 25 3 48 18 10 41 6 0 16 50 13 47 30 26 27 24 14 43 41 16 38 26 30 48 17 50 49 4 14 7 15 10 24 49 34 1 24 9 42 32 26 39 11 2 5 16 12 24 27 35 47 14 37 14 33 9 2 41 22 28 20 2 8 24 14 8 1 43 50 47 48 21 29 5 41 14 50 42 36 24 11 44 23 21 35 22 50 15 21 14 24 50 8 46 44 1 34 34 10 46 5 33 18 35 9 13 36 12 12 33 17 24 24 45 48 11 3 33 39 8 9 13 48 50 36 24 3 15 41 35 8 12 39 25 35 17 50 16 15 40 47 32 46 11 
37 43 44 8 3 42 24 34 20 35 44 1 44 40 0 48 23 31 44 24 13 25 12 44 12 41 1 11 36 16 47 12 41 14 34 4 45 42 24 32 48 38 30 44 16 44 17 10 24 47 45 15 49 15 48 23 38 28 11 37 14 28 35 13 16 38 25 19 15 45 36 42 32 14 34 32 36 8 47 39 16 3 13 16 25 17 7 10 35 22 1 10 11 41 38 44 3 7 34 22 48 21 8 29 3 26 41 10 44 41 41 5 29 40 21 12 43 8 36 12 50 29 46 17 34 38 37 49 4 41 4 10 42 20 5 23 18 36 27 42 12 1 9 48 34 43 14 44 22 39 
27 27 10 13 7 37 13 40 26 6 32 2 16 13 16 0 42 22 31 8 14 5 31 6 14 26 38 22 23 3 7 20 24 22 3 44 7 24 34 34 14 25 12 29 9 16 34 22 31 34 25 25 13 12 21 19 26 46 18 7 7 41 5 32 22 30 9 41 24 3 6 43 35 22 13 14 30 1 38 29 3 17 1 41 5 42 42 31 11 1 33 18 9 38 40 39 7 24 17 15 30 41 4 1 9 47 45 26 38 34 42 14 18 18 7 8 24 16 29 14 34 10 19 23 25 49 28 46 4 43 19 28 24 37 20 16 15 10 30 8 33 10 45 42 29 49 25 39 24 35 
36 30 41 1 18 2 33 35 42 27 31 25 2 5 41 26 0 50 39 32 33 26 45 14 30 43 45 24 5 35 3 48 20 15 3 21 37 21 34 17 8 13 26 15 30 31 48 43 13 5 43 32 23 35 47 8 20 15 46 20 39 42 14 17 8 29 26 8 30 22 42 12 30 13 15 30 21 21 47 12 34 43 2 41 9 49 2 23 39 23 33 2 44 15 41 27 21 23 43 11 23 38 37 12 40 32 24 3 39 9 39 24 4 13 3 50 2 29 28 39 26 2 4 17 2 7 18 44 15 23 31 17 22 30 44 36 43 8 38 24 16 28 37 18 25 40 20 43 46 46 
20 19 19 9 25 50 18 42 12 37 34 42 38 17 44 5 23 0 30 20 36 25 43 16 30 34 37 40 50 2 21 1 26 8 5 44 17 44 30 17 16 16 42 10 41 4 30 21 31 4 48 40 17 35 46 31 44 41 24 36 10 2 39 18 15 22 43 24 24 31 3 31 2 40 6 33 47 17 13 29 18 14 26 8 43 28 37 49 8 9 3 18 8 13 28 19 22 49 17 26 39 29 39 7 35 29 18 37 42 10 10 24 19 35 41 4 10 31 29 43 50 22 49 31 46 4 13 42 48 5 43 1 37 31 34 16 23 9 35 3 34 45 25 10 20 24 35 17 21 13 
34 49 4 50 32 27 33 43 28 37 38 35 42 49 20 49 36 27 0 9 49 44 12 27 26 28 30 12 34 37 34 2 24 28 9 10 24 33 29 10 35 23 10 21 50 15 35 25 44 5 38 41 16 48 1 39 30 24 16 44 3 14 26 42 12 49 49 15 20 30 30 12 18 18 20 9 39 37 6 34 14 18 47 5 13 21 45 15 36 46 50 9 50 47 27 11 41 26 12 14 49 26 40 27 10 31 26 50 23 29 21 28 25 12 47 2 43 37 49 33 4 22 37 31 31 50 2 19 42 48 40 21 18 39 26 38 39 17 15 13 39 11 15 2 36 14 10 8 38 29 
3 39 37 12 26 10 13 27 13 3 37 19 45 34 2 5 32 33 6 0 42 46 40 27 11 50 24 14 32 30 6 36 45 30 45 48 21 19 11 19 41 30 42 42 43 4 43 47 25 18 3 43 7 30 24 34 14 13 43 49 50 14 19 41 16 39 34 39 49 32 28 20 15 48 47 37 49 7 44 35 25 15 2 24 15 4 15 39 24 2 22 47 10 19 33 11 50 16 7 20 38 1 32 44 40 13 17 30 3 20 36 37 47 32 13 22 4 2 33 31 40 45 29 28 49 36 18 14 13 38 30 18 43 43 12 36 7 31 37 12 1 48 17 36 11 26 50 21 19 50 
6 7 44 6 13 47 42 2 50 6 12 37 34 43 28 11 38 11 23 7 0 36 18 3 32 38 39 15 21 27 37 14 13 23 34 49 35 23 10 25 3 42 5 10 47 40 21 4 27 33 7 22 28 49 26 28 27 30 29 14 46 19 31 49 48 40 7 13 35 31 15 50 26 26 33 16 24 25 33 43 44 24 16 8 50 37 23 42 10 5 26 27 50 42 34 12 34 3 46 29 37 19 38 49 8 3 14 29 48 13 12 40 11 26 42 5 29 19 33 26 45 35 6 35 2 42 10 36 7 43 43 6 3 27 10 23 2 49 6 7 45 12 30 29 16 31 45 37 17 37 
48 15 17 19 36 23 37 25 5 29 16 33 18 38 49 3 15 42 47 8 38 0 17 40 37 40 16 38 42 14 43 35 15 1 42 22 17 35 35 32 27 13 25 37 23 8 39 13 34 43 11 39 1 12 43 13 13 11 33 46 49 17 44 32 26 47 14 9 23 26 4 37 24 34 2 1 24 23 7 33 14 9 19 48 27 19 11 50 26 11 18 15 11 18 20 1 32 27 8 11 15 40 11 31 9 18 3 25 30 13 42 24 12 29 35 9 17 36 36 17 9 27 44 5 16 1 3 21 26 12 15 35 16 45 42 47 31 25 35 27 44 27 11 45 37 32 50 22 6 31 
29 7 2 19 42 10 14 48 16 41 30 15 9 10 2 36 31 2 25 47 44 8 0 36 31 31 3 27 23 31 45 10 32 17 26 2 8 43 25 47 47 20 46 40 30 28 10 45 25 26 3 37 2 8 42 8 46 30 46 41 6 34 41 19 6 36 7 3 6 32 17 43 16 26 37 36 39 34 25 29 3 30 45 50 41 47 6 19 44 32 14 27 17 13 13 44 8 12 18 23 37 34 4 39 50 41 25 45 9 18 18 41 43 42 45 28 37 44 21 5 6 30 47 16 4 10 1 22 45 36 50 25 40 19 9 25 42 34 6 39 38 11 36 19 11 34 36 11 33 12 
39 47 33 20 43 13 48 32 11 43 37 47 47 29 31 36 44 24 39 44 50 10 8 0 16 40 2 48 41 29 45 22 20 20 49 7 32 7 11 10 15 20 18 33 39 34 48 13 40 39 44 39 17 11 29 41 40 31 35 40 41 21 36 25 2 45 12 32 15 17 26 30 2 4 44 26 40 47 34 22 21 38 20 21 42 27 4 36 29 6 18 39 2 49 26 31 9 4 23 1 28 38 49 14 29 11 10 32 45 39 14 49 29 7 16 42 33 23 14 12 28 29 9 22 41 30 28 19 5 8 15 23 9 46 1 48 43 16 28 2 47 35 29 28 14 7 29 41 47 6 
37 33 32 10 47 37 32 12 14 38 17 40 42 22 32 30 6 19 49 20 14 24 32 23 0 24 28 50 23 46 29 1 16 33 43 5 16 1 1 44 18 15 34 25 40 20 24 8 26 21 40 30 47 26 34 50 42 43 17 44 35 34 14 11 28 31 27 27 4 50 16 4 44 10 23 8 49 41 17 46 43 21 39 25 29 21 41 49 29 40 28 20 30 1 6 9 33 50 33 38 35 44 48 20 30 17 24 8 29 41 16 50 45 34 29 22 1 48 30 15 42 2 31 30 35 24 1 31 4 33 32 44 42 1 26 1 32 7 20 27 30 20 5 19 24 11 48 29 36 18 
6 23 25 38 9 25 6 2 24 16 12 19 44 18 13 9 39 3 36 21 41 21 19 12 21 0 5 41 6 47 48 29 18 41 34 6 35 29 16 42 8 39 34 27 44 26 1 25 10 45 4 17 30 50 19 15 26 47 2 40 46 8 7 33 2 25 31 13 31 39 15 32 36 21 36 3 24 41 32 44 32 14 24 8 16 29 24 2 48 5 27 1 25 14 34 25 40 49 19 20 11 22 14 15 23 39 4 47 20 32 6 16 46 18 5 35 30 1 38 21 25 48 38 2 50 39 10 32 37 23 5 32 31 33 9 28 13 22 10 14 48 34 15 20 41 43 42 36 17 28 
14 24 42 5 45 33 48 48 14 11 12 30 42 35 34 47 11 8 47 40 37 46 44 11 14 4 0 4 36 46 13 27 22 22 37 49 43 47 42 25 39 21 39 23 27 5 18 30 7 6 24 11 24 48 9 15 6 35 32 4 32 3 41 13 30 20 12 50 7 24 5 29 21 25 16 47 12 49 24 40 5 48 30 12 18 28 2 34 23 35 16 22 20 2 2 24 48 35 32 8 39 15 20 34 46 41 41 39 15 19 8 44 6 50 10 30 40 49 38 44 28 12 23 21 37 27 48 5 22 10 41 13 25 19 7 2 23 24 49 6 43 43 19 33 45 48 3 5 16 1 
12 40 32 14 13 34 50 18 7 47 7 2 28 37 6 39 43 39 2 12 46 3 47 7 46 43 44 0 7 20 14 11 20 30 10 10 7 3 29 39 38 39 14 31 19 39 12 40 41 46 37 1 42 37 29 14 30 3 2 17 44 42 17 32 16 28 1 8 25 22 30 29 15 19 6 47 32 35 28 38 5 33 38 4 28 36 42 27 9 24 7 47 14 6 12 48 40 1 32 32 33 12 18 3 6 18 4 15 20 7 36 5 22 11 47 6 1 39 49 5 22 9 27 39 13 3 25 32 46 12 43 2 43 26 7 45 47 20 13 46 35 23 21 37 43 39 27 40 40 24 
40 25 27 1 25 5 6 16 39 26 11 24 43 16 27 35 43 5 46 34 10 38 11 39 47 39 21 34 0 11 9 41 22 50 44 41 3 30 40 17 6 29 30 9 2 21 33 22 4 48 37 8 40 30 2 44 19 1 35 31 4 38 18 37 11 49 19 28 25 5 48 5 32 38 46 9 25 2 5 38 27 50 23 48 41 19 23 16 42 22 22 26 6 3 18 36 1 18 28 27 48 35 39 1 1 42 20 24 29 48 2 12 6 36 10 24 23 24 23 3 31 46 4 43 33 48 50 45 35 6 34 50 49 21 4 33 1 34 45 39 17 24 30 50 25 48 22 48 4 29 
42 20 31 22 14 29 29 40 7 32 3 40 5 48 41 2 13 31 48 19 2 40 37 28 15 43 41 13 7 0 2 28 48 15 43 28 48 39 38 11 14 20 6 10 47 14 16 42 25 48 5 25 13 12 8 37 31 18 9 40 38 7 39 25 8 11 37 40 40 21 50 39 10 14 6 44 31 17 17 46 4 3 26 23 14 26 14 11 29 20 26 47 25 5 40 10 18 19 18 32 9 16 13 37 7 9 15 44 22 8 45 42 21 1 7 41 45 46 28 30 31 28 11 40 46 8 6 25 17 38 30 24 8 32 20 4 17 35 45 19 1 1 46 19 35 4 25 48 20 26 
44 16 35 5 12 25 48 29 41 10 2 32 1 42 42 13 14 24 5 31 1 50 37 1 15 1 21 31 48 33 0 7 1 34 24 14 7 4 7 33 2 11 25 46 15 48 17 48 43 36 41 8 3 23 46 30 9 50 42 12 48 45 27 20 37 9 30 12 25 40 36 41 21 35 26 14 24 40 11 32 36 43 13 8 29 42 22 7 27 14 13 39 15 49 27 7 38 4 43 25 24 26 21 31 27 14 35 28 33 40 2 47 45 31 50 23 45 2 34 2 25 31 38 43 15 42 49 50 40 36 18 37 46 36 11 32 4 46 10 34 12 37 20 17 13 25 39 26 40 16 
6 37 41 49 1 8 41 38 13 33 14 45 27 14 6 42 19 46 28 42 19 18 7 2 9 32 44 20 36 50 30 0 11 4 42 27 46 17 45 48 35 35 14 40 49 21 31 22 36 3 11 6 14 8 2 15 20 42 10 11 2 46 50 46 47 23 26 36 3 40 21 7 31 37 44 36 9 11 6 13 26 13 25 12 9 33 42 48 47 37 25 13 16 21 10 39 21 34 10 35 35 13 19 45 13 46 18 28 28 8 12 29 49 36 3 15 2 29 8 10 40 25 27 10 31 50 12 8 1 50 35 15 37 41 48 21 31 36 20 49 17 2 22 30 22 28 13 22 3 41 
34 28 18 4 34 14 16 34 37 15 6 38 28 7 41 46 2 2 23 28 11 33 36 9 30 30 7 25 37 11 39 2 0 29 44 17 9 30 33 23 12 5 6 45 6 5 46 32 38 11 46 16 19 5 42 1 11 42 28 16 45 49 44 29 21 8 14 45 17 50 41 1 42 7 35 14 4 18 25 7 17 6 42 23 17 8 42 49 49 40 28 12 15 15 40 21 42 11 33 39 27 44 1 36 26 12 7 12 24 11 9 50 30 16 40 46 41 31 2 13 46 42 42 43 4 43 32 30 28 19 8 31 41 39 42 12 46 28 28 27 4 47 28 48 7 17 50 36 19 11 
27 10 36 19 20 36 25 8 41 7 31 33 3 45 35 29 34 24 31 37 38 24 43 39 20 7 1 6 40 27 30 32 13 0 30 8 42 17 39 28 15 41 19 15 50 38 25 42 13 27 46 7 7 47 48 23 45 24 8 13 33 1 31 28 44 7 13 45 7 45 18 43 35 33 45 32 25 17 1 42 10 50 3 7 10 37 4 17 40 2 13 2 34 47 40 48 36 30 15 25 37 41 5 27 10 6 19 12 4 23 27 11 15 6 38 29 7 2 33 41 35 43 30 44 15 44 31 39 14 44 35 45 12 47 32 12 47 45 5 23 41 14 46 8 23 49 46 33 43 11 
33 46 30 11 27 28 8 39 26 1 33 26 50 43 6 2 2 30 26 42 26 43 11 1 44 40 40 10 46 21 27 48 49 8 0 41 47 27 21 3 6 48 14 38 20 8 43 48 4 47 15 21 41 33 31 14 41 43 12 23 4 32 20 28 23 22 45 16 4 7 14 25 15 1 23 6 28 9 27 19 21 12 9 7 18 39 11 49 43 26 43 18 26 10 21 5 25 17 38 7 25 22 25 19 33 13 42 12 25 41 25 45 50 49 3 37 29 16 9 2 11 46 18 46 42 25 5 34 48 6 20 14 3 48 43 7 2 18 4 13 36 24 32 2 26 18 45 2 10 13 
47 13 24 47 39 29 50 37 50 20 39 11 36 28 29 1 16 8 42 30 13 38 37 1 45 50 17 34 32 12 48 45 38 20 45 0 28 20 35 41 48 29 16 22 44 40 1 19 47 34 2 44 10 50 6 49 36 47 48 14 44 7 30 12 22 21 4 19 49 21 43 2 37 41 3 15 8 12 20 39 7 39 43 34 42 38 8 37 30 33 40 9 37 25 1 2 29 13 36 16 45 3 37 35 10 41 1 9 14 22 2 25 30 15 27 29 23 19 44 1 47 2 11 40 17 45 13 15 9 45 37 23 11 27 25 42 15 46 39 7 24 6 50 23 10 31 26 18 40 12 
24 1 3 7 42 15 31 22 36 12 21 21 43 16 28 38 46 37 26 6 11 40 39 3 20 48 34 27 32 40 24 1 46 32 42 19 0 48 17 24 3 12 16 9 20 45 28 14 26 8 9 4 15 16 34 23 30 32 1 14 26 10 26 45 25 19 10 50 26 22 15 31 33 43 40 26 35 50 19 44 41 14 29 1 31 31 9 13 21 24 1 31 42 43 23 42 43 25 11 18 37 20 40 36 1 7 7 21 16 40 3 26 28 42 3 24 17 35 50 38 23 32 12 7 5 46 5 16 26 39 29 33 41 30 2 16 20 45 49 34 30 15 50 22 12 47 38 12 4 48 
40 35 32 16 19 6 24 33 8 35 47 35 3 10 35 39 12 33 6 24 24 44 43 34 35 11 37 43 46 9 39 40 50 5 6 7 36 0 5 7 8 36 18 18 3 23 34 44 49 9 39 21 34 5 14 31 3 1 15 15 45 23 9 37 26 7 24 28 3 29 32 44 1 4 28 34 15 14 22 12 27 5 16 27 32 9 26 1 45 49 1 13 37 4 29 49 4 39 38 44 30 32 7 30 49 37 29 13 44 43 44 50 18 38 46 49 2 22 9 16 37 19 38 15 40 34 6 43 15 39 2 41 23 40 34 4 50 24 5 45 42 44 27 11 42 8 1 26 24 1 
21 37 12 38 15 15 15 32 1 37 35 24 41 26 33 25 29 19 10 48 35 34 39 47 50 11 34 47 32 38 40 25 48 10 34 26 19 31 0 32 48 13 45 37 41 37 41 23 36 15 42 20 29 43 19 1 9 4 31 29 44 36 9 30 20 37 38 45 12 1 41 24 33 44 17 9 21 28 9 21 48 4 16 5 3 8 28 48 18 32 46 10 39 29 45 30 11 7 40 13 13 6 11 17 9 47 36 19 11 3 46 15 14 42 7 48 7 7 25 27 42 39 32 46 37 45 41 5 17 30 39 6 45 21 17 37 37 46 2 44 37 42 29 50 9 44 50 30 48 38 
15 24 47 7 30 17 40 10 7 5 1 47 41 13 37 3 28 20 29 31 26 14 25 18 25 48 26 44 49 7 12 10 39 50 36 30 32 7 30 0 8 37 48 11 23 21 42 13 7 36 36 34 23 20 6 50 39 19 49 39 39 8 10 13 24 2 1 32 20 38 32 41 5 9 21 38 22 25 7 45 29 13 43 28 11 43 35 17 21 29 38 22 42 46 47 44 8 44 9 31 37 26 35 1 21 25 38 2 23 13 15 5 2 17 44 40 3 42 18 30 5 27 49 29 22 3 36 5 19 45 42 25 32 37 47 10 24 27 8 7 13 3 13 47 27 30 13 3 7 19 
30 44 9 23 20 50 1 22 28 40 48 21 29 35 24 3 25 48 46 11 32 41 35 35 31 2 2 18 1 47 28 26 8 5 29 17 48 12 31 16 0 47 9 41 15 24 3 17 39 6 24 32 45 36 23 24 34 41 6 29 23 45 10 35 28 34 33 29 38 46 49 19 10 41 28 38 48 30 30 3 50 17 39 28 10 43 49 13 2 26 20 12 26 28 22 17 34 25 4 2 4 20 30 29 38 11 11 36 26 1 46 27 31 29 48 14 49 47 26 36 7 2 16 9 16 44 20 7 17 35 39 1 14 34 5 39 28 25 30 24 32 42 34 33 47 39 8 3 28 19 
10 17 21 5 13 24 41 28 9 35 15 25 1 14 17 41 3 23 11 49 19 50 2 20 46 29 38 8 10 21 34 3 7 45 14 33 11 48 13 10 49 0 49 23 3 6 30 26 41 4 30 28 22 42 48 6 31 9 29 3 45 18 47 26 10 30 25 37 49 38 37 1 50 43 47 6 15 19 3 10 1 35 30 49 15 6 20 20 34 16 31 27 4 45 41 27 23 49 38 22 23 7 1 22 24 5 37 37 25 50 37 40 30 15 22 41 31 44 20 43 28 44 36 26 5 30 30 25 30 3 27 44 48 8 9 46 31 35 17 36 3 14 43 17 49 7 44 24 22 21 
31 41 18 40 29 31 19 42 21 25 10 36 20 49 15 44 24 5 29 26 43 17 21 31 36 11 43 15 43 15 7 48 18 15 19 48 32 48 50 31 13 20 0 27 29 15 4 29 42 47 32 8 47 34 18 13 31 27 10 13 7 9 9 18 2 33 41 32 8 30 26 34 17 27 14 50 14 20 25 45 33 5 48 13 30 17 19 7 40 26 44 12 46 35 8 32 33 41 37 47 23 17 45 22 3 49 33 48 18 5 49 41 3 14 3 32 23 29 49 34 16 49 22 2 26 1 24 45 24 44 20 44 5 36 10 13 22 13 6 26 44 40 38 33 40 21 5 30 31 11 
48 36 7 10 31 33 35 10 37 33 15 44 42 29 20 22 50 29 22 17 22 13 21 37 18 41 20 41 33 27 36 10 25 24 25 3 4 46 33 45 16 15 10 0 17 48 48 43 31 3 23 29 34 34 47 29 48 28 22 10 6 33 35 47 43 11 47 10 2 23 2 45 37 35 9 43 29 17 31 38 17 38 31 29 2 24 4 22 19 30 1 41 26 12 26 48 25 1 31 17 4 46 1 50 22 42 49 26 25 17 6 2 47 26 10 39 25 7 33 5 35 36 39 50 46 13 17 33 27 31 3 3 49 8 12 38 10 33 37 8 23 31 34 26 1 14 25 18 49 38 
8 28 44 3 3 17 16 25 35 22 40 21 39 23 33 2 18 35 8 18 30 22 22 2 14 14 20 21 46 6 50 9 4 12 33 37 18 27 43 6 37 15 11 41 0 50 14 36 30 5 12 46 50 34 7 45 27 2 18 15 50 47 5 42 42 42 7 16 23 32 13 13 28 46 2 28 33 42 27 29 16 9 28 45 39 31 21 18 7 25 16 24 31 4 21 28 16 3 33 19 4 24 36 6 1 43 17 12 5 47 43 45 25 18 16 10 26 33 49 10 13 28 40 43 24 41 40 12 13 30 31 42 38 11 43 24 42 39 34 26 30 8 48 40 48 16 23 33 33 20 
1 36 34 33 18 33 11 4 7 11 10 30 33 23 20 41 45 4 48 30 17 34 33 45 35 35 48 5 18 19 9 7 26 50 27 6 17 39 14 28 26 31 4 12 20 0 26 13 5 40 8 38 26 36 28 19 49 12 20 2 20 27 45 36 9 38 8 12 46 19 35 12 36 8 7 16 15 9 32 50 47 27 1 4 24 2 36 34 21 35 5 14 35 39 11 48 10 11 26 2 50 11 4 2 50 46 20 29 36 23 45 40 29 43 40 40 17 6 11 46 45 24 50 1 29 2 23 31 44 9 20 10 16 9 22 13 14 15 9 36 8 50 48 42 3 46 18 31 2 39 
4 27 20 5 21 23 21 24 36 25 30 19 13 9 27 30 24 31 38 33 20 26 9 26 40 10 11 35 24 48 33 49 9 50 1 25 22 16 4 7 18 41 5 41 27 31 0 39 2 8 45 44 44 46 4 26 50 31 28 34 43 12 34 47 45 37 49 30 10 40 25 11 40 43 32 37 32 22 43 44 13 23 28 47 2 48 2 28 43 20 11 45 21 29 42 33 38 4 24 18 42 31 21 14 30 36 17 19 31 32 41 17 41 33 1 50 44 19 34 36 43 44 11 25 8 46 20 35 10 7 50 29 23 34 8 49 36 32 3 34 37 38 30 5 42 49 44 25 2 23 
22 4 21 5 19 9 17 36 21 21 23 8 3 38 16 27 42 26 50 15 20 49 26 27 18 4 37 49 40 24 44 47 11 39 37 46 40 42 17 25 44 32 37 34 49 39 22 0 49 50 44 6 21 31 42 30 25 1 22 20 24 33 15 1 14 29 16 19 16 44 10 41 49 39 47 6 4 42 27 31 22 31 16 27 50 40 27 21 30 18 16 40 37 19 31 2 45 22 4 17 41 43 28 1 10 16 31 6 11 2 3 49 33 27 36 15 23 12 22 21 42 48 7 18 24 38 49 47 39 48 22 24 48 5 13 2 34 6 35 46 36 7 42 7 11 42 35 49 36 12 
37 18 41 13 10 9 31 5 43 15 35 38 29 25 27 44 35 30 15 45 43 14 44 28 4 39 13 16 6 6 20 50 3 47 3 37 42 1 18 48 27 40 46 31 47 9 5 21 0 1 9 42 39 46 40 10 4 18 29 13 29 14 15 6 7 38 1 9 1 43 8 15 17 45 2 10 29 2 31 4 44 33 27 2 6 45 47 15 20 31 19 50 42 33 42 29 1 48 35 29 28 32 18 1 20 4 5 5 3 20 17 34 6 4 7 28 15 14 7 26 24 3 21 14 16 40 48 9 29 49 42 29 9 37 33 50 29 39 20 12 34 33 39 34 42 31 12 1 11 47 
9 46 27 28 5 5 41 1 25 10 18 23 14 16 2 15 42 8 37 5 41 3 4 31 46 49 38 15 18 14 19 19 44 44 25 18 36 29 11 12 18 3 27 9 2 15 40 42 15 0 7 21 39 9 48 11 46 42 30 1 5 41 32 12 38 27 1 19 23 48 25 38 1 36 23 29 39 29 2 5 41 17 7 7 38 22 11 9 50 29 20 3 38 27 30 31 5 25 31 2 45 38 10 28 21 48 28 2 23 39 6 30 50 10 24 41 44 46 28 49 6 36 29 27 18 16 8 6 45 46 29 17 28 45 27 35 25 35 9 40 1 34 32 40 14 17 4 12 2 33 
27 9 48 42 26 46 42 27 48 11 3 29 50 11 7 1 19 11 17 13 44 25 13 6 30 36 37 37 13 47 15 15 12 23 33 15 16 20 50 37 26 9 1 9 24 39 49 19 1 1 0 38 3 34 23 29 40 26 32 2 16 42 16 2 13 19 21 44 36 1 8 2 30 7 36 24 4 20 41 4 30 33 11 49 27 44 37 50 8 38 47 22 35 42 33 43 29 25 44 19 9 3 19 18 35 42 25 50 42 3 24 11 41 27 15 22 29 24 37 40 25 20 11 10 34 30 44 46 1 23 50 7 2 28 26 5 35 32 19 32 4 30 50 18 37 36 2 46 32 11 
42 29 26 37 33 10 20 20 15 46 2 36 49 25 38 29 26 4 24 42 39 49 33 25 11 45 14 24 46 25 19 41 37 26 44 44 48 31 37 25 30 47 22 46 48 14 26 38 13 24 21 0 26 4 11 1 31 14 23 11 17 4 31 12 47 33 20 6 27 21 41 15 4 11 11 20 38 48 5 10 7 31 5 47 7 44 4 42 12 20 43 20 23 25 36 34 39 13 12 47 41 14 9 14 16 47 14 50 1 32 45 8 34 9 16 23 13 10 26 48 40 24 23 31 38 17 16 35 3 45 22 50 7 16 28 6 19 26 37 3 16 50 16 16 8 36 12 1 41 14 
37 13 12 7 32 44 8 4 27 2 37 19 2 45 43 5 49 40 30 40 1 23 16 7 11 8 44 15 19 38 12 10 13 32 43 2 19 38 6 44 37 49 23 4 28 14 34 27 16 4 15 11 0 22 46 48 15 12 31 11 35 50 31 34 42 32 5 47 20 46 1 26 35 2 21 32 15 45 9 48 33 25 40 46 22 41 22 28 35 50 43 6 5 49 4 17 27 27 13 39 20 17 17 15 40 10 33 26 42 38 11 2 45 34 42 27 24 29 50 4 1 49 16 50 11 20 14 46 30 13 21 18 5 18 9 2 21 46 47 27 14 24 38 23 31 11 9 36 35 20 
26 28 5 36 38 20 17 17 7 14 23 49 11 2 29 6 35 10 31 11 13 27 18 1 27 48 40 50 4 1 44 5 5 31 5 26 4 46 26 20 1 43 30 35 24 24 21 40 2 16 39 8 32 0 24 34 41 12 45 4 23 4 26 36 39 42 42 22 13 14 31 13 49 40 30 16 44 2 2 17 31 9 26 43 45 37 48 48 38 50 12 28 8 30 41 43 44 16 3 36 42 23 6 45 27 24 9 11 3 8 31 18 47 4 50 21 5 14 16 39 15 25 19 21 22 39 48 21 15 49 1 17 11 19 2 36 34 40 10 49 15 14 7 49 45 50 7 35 2 25 
14 39 36 29 30 47 31 15 35 26 36 26 50 13 47 41 44 40 14 44 42 28 32 2 28 3 39 6 41 1 3 34 47 36 19 35 24 21 26 40 47 21 20 34 40 16 40 3 27 40 10 30 32 29 0 19 20 29 6 32 27 32 21 25 30 50 34 9 19 49 27 27 45 45 2 25 43 46 4 24 46 36 23 11 38 50 11 16 20 7 23 6 13 30 19 38 46 31 43 22 47 41 19 31 21 12 16 39 45 15 12 31 5 14 10 5 18 44 11 6 28 49 48 38 10 28 39 23 46 49 21 44 3 43 17 2 20 27 42 5 11 46 41 28 31 24 13 39 23 44 
49 15 6 16 31 50 33 35 5 11 37 35 40 44 38 24 6 16 11 20 25 30 18 38 18 33 5 5 32 18 12 11 13 39 5 48 20 24 39 9 13 27 27 14 47 35 22 38 10 43 49 36 49 11 47 0 35 39 6 26 43 26 2 5 22 4 43 42 5 34 13 23 46 40 10 47 29 6 1 21 27 8 44 14 15 21 25 37 15 38 8 2 25 20 35 23 8 47 7 48 13 17 35 18 18 37 27 23 41 47 29 30 36 21 43 34 22 19 46 19 50 7 3 3 49 2 25 47 18 29 38 23 19 50 42 50 32 38 43 38 11 39 1 48 41 35 35 13 24 17 
43 46 1 7 39 14 9 37 22 49 25 11 50 21 8 2 8 34 38 27 36 36 37 19 32 2 4 18 27 45 24 11 37 13 48 32 3 10 45 38 8 7 32 29 30 19 38 36 5 38 26 17 16 24 36 14 0 25 17 26 10 45 32 5 23 17 33 1 40 22 30 30 10 42 30 18 30 24 40 44 3 37 29 8 32 2 11 9 22 7 33 45 12 31 16 11 18 6 3 43 38 33 34 35 14 47 8 42 26 10 30 9 26 46 33 6 25 24 6 44 30 22 26 6 13 4 15 20 4 2 31 26 49 6 23 2 42 45 30 4 7 1 14 40 40 34 27 42 45 31 
44 43 30 28 19 22 37 42 33 25 19 26 49 15 48 15 5 30 43 48 6 13 25 10 25 7 35 23 15 48 27 4 22 5 44 28 4 17 2 37 35 43 39 16 17 16 6 10 15 29 50 43 5 45 29 16 9 0 17 27 30 25 23 8 46 23 33 45 22 47 23 6 13 38 20 12 38 27 37 16 48 13 25 1 28 8 17 45 34 28 46 30 49 29 37 16 44 4 38 20 12 21 45 12 36 50 18 43 42 48 13 15 1 38 30 10 31 9 39 36 40 8 24 16 15 18 29 24 31 8 24 41 4 3 31 7 16 21 44 7 45 3 31 25 18 25 44 15 32 15 
4 41 46 46 1 7 46 5 19 50 11 23 48 41 29 45 23 17 36 24 49 48 16 23 40 26 9 8 13 7 32 47 2 11 19 32 19 50 38 4 20 8 24 26 37 21 47 46 6 10 49 3 24 26 8 43 18 24 0 26 3 26 38 39 16 6 45 36 13 46 18 39 22 26 44 32 38 14 45 4 15 12 26 49 47 7 46 8 48 32 25 17 35 47 15 5 41 6 42 18 17 19 3 24 32 6 8 22 39 7 7 11 17 31 42 11 13 10 35 31 47 12 31 40 21 48 3 26 30 33 15 47 35 3 39 32 49 35 10 32 32 14 16 1 2 26 33 9 23 4 
37 4 41 3 46 29 22 18 21 14 43 6 45 3 4 43 42 43 45 40 45 35 41 14 13 4 8 11 8 40 3 45 37 41 43 47 32 29 29 4 33 47 12 32 41 16 3 34 1 16 24 41 9 24 1 11 22 42 36 0 22 15 41 30 49 44 39 10 42 36 1 2 19 46 6 21 4 36 38 24 11 41 24 16 35 42 48 25 42 48 49 12 40 36 42 40 38 3 18 31 1 16 49 10 50 28 19 39 17 48 1 50 4 50 27 15 45 48 46 12 24 26 12 31 45 28 8 43 19 21 26 6 18 40 25 10 37 46 47 13 41 41 22 20 31 13 6 4 14 7 
26 17 30 45 32 36 32 8 23 5 45 42 1 2 40 30 25 5 38 26 29 35 44 30 38 3 49 15 23 29 3 10 36 49 38 35 12 43 40 4 12 23 1 10 22 20 33 24 35 48 5 10 4 22 25 50 8 13 24 28 0 7 8 13 2 34 11 45 27 35 48 2 28 12 17 13 33 8 13 25 3 21 23 2 49 3 36 12 9 17 40 40 11 18 23 40 48 33 7 9 10 11 38 18 37 25 50 44 42 23 29 30 5 13 17 8 46 50 3 35 44 26 23 26 16 23 16 18 37 8 25 40 43 19 37 17 9 17 26 49 40 17 38 35 29 46 4 46 36 24 
12 5 40 8 15 12 19 1 23 42 19 6 2 22 11 3 44 6 37 31 49 17 18 19 15 17 1 9 19 9 2 49 37 30 4 37 29 38 9 2 3 29 1 12 46 16 39 15 45 10 10 9 27 11 24 48 9 50 25 45 6 0 45 45 43 43 10 27 36 35 32 21 26 26 1 17 26 42 24 4 32 16 47 21 36 32 6 5 2 6 47 11 32 30 28 7 49 21 49 43 13 29 19 27 2 4 33 19 8 41 27 45 21 6 39 41 25 1 20 1 22 39 28 43 8 11 44 30 32 15 48 37 50 33 6 23 3 38 38 41 28 49 22 24 49 5 17 39 13 26 
35 13 12 26 9 33 16 31 35 23 26 27 29 9 6 47 27 25 30 28 47 47 46 24 48 4 11 10 10 21 11 36 38 22 11 25 41 33 27 11 36 28 8 22 4 5 16 50 31 2 13 28 28 48 4 38 26 47 3 21 9 24 0 10 19 10 20 3 34 30 21 27 43 15 4 39 44 30 19 3 2 16 12 35 35 44 27 44 43 16 16 23 50 42 15 31 41 3 19 46 5 3 35 5 23 8 32 47 36 2 40 34 18 6 15 17 10 22 47 5 30 38 2 39 32 22 47 21 41 18 8 34 49 49 12 24 47 17 21 47 3 40 25 27 29 42 48 39 42 24 
17 50 46 26 44 40 14 23 27 45 37 34 38 3 21 32 47 28 32 30 19 34 17 37 7 9 35 3 35 46 28 8 18 41 32 49 20 3 5 18 42 48 22 7 43 11 1 46 27 35 26 10 25 22 29 6 29 25 27 29 6 32 4 0 40 13 23 39 16 40 12 23 40 17 30 28 42 34 49 40 35 18 15 11 30 38 6 48 30 10 25 35 20 38 36 27 48 42 16 23 15 10 31 46 43 3 7 18 19 44 48 5 22 29 30 14 46 21 15 25 17 10 25 38 4 13 4 11 47 15 2 23 28 43 7 41 2 3 49 45 15 13 17 19 27 20 4 33 14 24 
23 49 30 17 44 3 11 28 36 34 44 13 43 11 17 43 50 4 37 5 17 24 16 37 50 12 47 40 25 10 22 34 28 45 22 36 32 20 40 16 20 11 36 46 24 37 41 17 22 10 22 40 21 33 22 9 11 39 41 50 46 44 3 48 0 15 50 14 13 20 49 31 19 25 26 40 48 27 39 11 33 38 40 23 32 2 9 34 17 43 34 30 16 24 50 48 11 25 36 4 5 46 7 26 15 48 3 3 1 45 15 10 24 10 14 23 29 16 43 48 1 32 37 5 47 16 34 7 47 22 30 27 37 27 44 10 50 10 2 48 28 43 42 24 49 24 45 19 28 39 
44 50 36 44 27 3 10 46 40 27 26 21 1 34 36 31 32 10 47 29 24 3 1 43 41 42 22 13 9 13 18 44 24 47 48 32 17 44 34 14 25 8 39 50 46 19 9 34 33 38 20 18 21 47 33 6 46 39 37 24 31 24 43 28 5 0 4 23 49 42 50 3 23 37 22 30 49 46 25 23 12 50 25 17 47 10 47 15 39 4 15 39 3 29 3 47 48 13 28 16 8 15 8 38 41 9 6 6 27 31 34 49 3 50 48 8 9 10 31 42 28 11 46 6 15 29 16 21 4 6 24 1 18 38 24 33 12 40 10 21 43 6 25 44 40 43 42 18 48 20 
33 35 13 42 5 10 45 25 13 34 23 39 29 21 35 30 46 41 20 38 49 5 6 19 45 35 38 1 15 39 46 24 44 43 37 48 17 32 21 43 13 1 15 16 15 22 18 25 33 22 34 8 7 28 40 50 19 31 2 11 37 21 39 48 16 2 0 15 43 38 5 16 8 37 25 45 44 5 35 45 37 10 10 40 38 31 15 3 14 16 15 31 29 3 5 37 30 48 6 20 48 8 36 26 33 41 31 30 1 26 46 43 9 21 8 18 29 49 17 24 4 36 8 9 7 14 42 45 7 4 29 37 35 3 7 50 35 24 50 17 12 9 13 8 31 3 20 20 12 25 
30 43 14 33 50 49 1 8 2 48 40 21 5 22 43 42 14 18 35 13 35 9 5 43 6 2 29 44 7 26 34 25 12 9 37 29 14 50 26 25 16 16 8 19 44 48 30 36 18 33 27 50 8 41 35 41 15 2 49 6 18 26 20 31 21 7 24 0 47 43 26 8 31 15 1 14 3 27 2 14 4 1 20 38 44 22 32 8 1 28 38 16 37 24 32 18 38 18 47 25 48 2 40 13 33 5 11 6 35 17 12 30 3 17 9 2 24 44 21 48 29 40 45 27 24 31 29 25 24 24 30 28 33 39 14 32 14 14 30 28 21 50 12 15 10 39 5 28 17 23 
31 46 32 24 4 16 49 19 12 46 36 6 14 46 36 35 18 2 50 14 14 7 30 30 10 49 9 26 38 4 39 32 20 28 23 9 23 44 34 22 23 23 8 39 27 6 17 18 5 46 4 24 27 12 19 43 36 15 1 7 3 45 12 38 22 5 9 5 0 1 42 42 27 44 44 9 1 14 39 28 15 37 33 25 29 1 5 19 40 18 50 28 13 28 25 6 27 13 25 32 28 5 32 6 32 18 29 42 18 20 47 26 33 14 14 17 25 49 24 1 14 17 29 47 4 49 18 49 17 47 20 28 4 18 23 47 29 20 11 24 44 3 29 28 42 46 23 21 16 1 
26 17 30 33 30 26 29 24 34 32 8 50 44 33 6 21 19 12 44 12 40 42 50 31 15 6 50 20 2 48 32 2 1 21 44 8 22 44 27 12 25 6 11 10 29 12 50 26 49 16 1 10 11 50 37 37 10 13 43 18 8 29 32 16 14 47 47 18 49 0 39 10 31 3 14 14 31 30 35 5 5 36 41 5 36 21 31 50 31 18 40 36 13 32 43 31 3 5 43 18 1 26 21 19 44 31 1 13 39 10 35 45 18 49 9 22 4 36 32 23 45 14 22 32 47 12 32 45 31 6 26 30 1 35 24 22 10 1 19 28 7 28 31 20 29 31 32 4 20 49 
19 10 33 23 39 46 40 40 49 9 15 39 25 15 46 26 16 49 47 48 6 36 7 21 19 2 42 4 27 24 24 21 6 38 1 32 28 3 28 7 37 16 49 22 34 15 5 12 16 2 33 1 35 34 3 22 45 30 39 26 32 13 20 14 47 41 31 32 11 3 0 15 29 2 9 9 32 30 2 21 29 9 1 17 11 48 47 3 40 8 48 50 22 49 9 43 47 28 36 34 23 17 25 35 24 36 2 6 20 10 32 48 3 26 27 32 19 48 43 35 23 30 11 4 25 40 14 32 47 16 29 49 35 11 43 12 19 38 33 3 3 3 21 40 26 1 22 47 13 43 
21 27 48 28 37 14 12 49 15 24 8 1 1 28 7 2 44 43 39 31 30 48 15 3 49 20 12 3 29 36 40 13 2 26 22 43 13 38 38 13 23 26 18 6 34 39 36 9 30 3 3 28 3 5 26 2 31 5 36 49 48 5 9 31 17 43 44 22 42 38 1 0 35 14 20 48 26 44 43 48 38 10 10 45 36 18 7 12 34 7 17 17 26 39 23 8 17 49 6 29 9 29 2 25 33 24 33 49 41 34 14 26 33 7 21 29 34 40 17 19 21 40 40 9 45 40 47 40 18 45 12 49 9 23 21 13 24 28 8 8 44 1 43 5 15 48 11 38 31 21 
40 42 25 11 8 50 35 21 8 39 14 13 31 13 31 17 44 36 32 21 47 36 19 10 5 21 26 20 23 10 28 11 14 31 33 37 30 9 9 27 39 18 50 4 9 29 39 16 23 4 42 31 1 19 50 10 40 3 13 18 13 40 7 40 40 34 20 39 4 19 10 21 0 45 18 36 6 9 28 11 23 12 46 19 13 3 30 43 9 31 28 8 6 45 12 36 12 1 15 32 37 10 1 16 11 11 25 46 39 11 1 32 23 37 43 29 7 40 7 46 40 26 8 48 17 33 1 26 14 22 27 6 20 26 10 50 25 43 45 12 1 50 47 42 30 21 15 28 6 41 
15 36 12 20 4 49 13 38 18 39 50 48 44 48 21 2 35 8 4 31 7 19 15 49 39 19 27 23 32 43 4 4 42 47 19 41 5 50 24 41 46 6 35 34 9 44 33 5 30 25 18 47 28 24 30 48 15 27 24 35 17 19 6 23 37 28 47 23 24 33 1 42 6 0 9 36 43 7 26 33 9 41 43 30 22 43 47 16 15 35 35 48 17 41 27 46 6 39 9 29 26 14 26 24 7 21 28 18 39 35 15 36 4 30 16 48 31 50 12 19 32 30 7 26 38 2 36 38 38 13 17 29 2 40 11 21 24 48 2 31 31 36 31 15 16 43 41 20 36 32 
13 13 48 26 1 15 50 41 39 48 27 16 13 1 12 31 47 29 46 9 11 17 28 17 22 20 45 5 42 27 19 42 17 13 12 48 46 31 44 15 20 13 3 22 34 49 10 27 1 41 12 10 19 8 40 22 36 17 29 44 21 31 31 28 45 48 22 37 31 44 38 20 3 25 0 3 9 35 4 41 42 30 37 34 4 41 2 16 5 36 48 33 48 23 8 49 12 6 34 10 28 34 26 17 34 2 41 5 45 20 23 24 50 16 28 11 39 11 47 14 22 42 37 21 4 40 42 47 27 40 49 9 2 10 32 12 20 47 50 6 23 3 18 44 23 15 29 17 2 49 
46 31 49 15 12 36 5 44 31 19 9 5 35 38 45 13 35 41 16 23 17 34 26 16 36 39 46 11 28 29 50 46 22 5 20 12 44 1 25 29 32 40 9 24 33 27 17 14 9 20 24 45 43 46 12 42 35 17 23 18 23 4 14 43 8 34 30 1 2 43 21 17 11 14 37 0 10 50 6 41 27 41 40 14 11 9 12 40 25 34 16 9 4 29 18 42 26 4 43 8 46 47 5 32 48 19 44 3 18 44 47 27 39 10 46 47 20 44 46 2 43 9 18 42 29 9 9 13 44 8 33 6 3 12 21 21 48 4 41 31 11 12 50 50 43 31 15 10 23 44 
3 14 24 10 36 41 23 28 1 16 2 26 23 24 3 41 2 10 24 24 39 1 23 4 16 48 28 2 27 34 16 22 20 6 5 3 21 12 41 31 50 13 7 7 45 34 40 1 22 38 32 5 30 18 32 10 21 20 42 16 33 46 22 28 47 2 11 50 30 22 7 28 24 28 34 46 0 6 5 36 29 40 46 23 34 40 41 13 13 29 47 37 3 15 8 9 22 34 43 25 26 6 38 28 9 46 15 34 44 22 9 29 6 7 5 45 18 44 45 19 46 33 47 12 3 27 31 35 18 48 35 21 35 32 35 24 37 42 17 39 16 20 16 20 11 28 20 6 32 13 
23 10 32 2 34 16 20 27 25 39 41 18 19 32 6 14 28 9 41 23 24 9 3 42 44 20 48 49 18 25 46 13 46 32 33 35 50 19 48 41 18 23 2 40 11 35 40 26 22 6 35 35 42 22 5 17 33 2 14 6 44 4 38 38 8 9 5 26 46 40 5 3 12 25 38 19 31 0 8 19 5 8 21 17 22 1 10 47 18 43 18 16 18 14 41 31 1 20 42 48 6 45 33 48 26 6 27 1 17 3 8 22 39 17 39 27 18 5 33 35 46 7 7 13 26 15 5 42 42 7 48 18 21 28 27 21 23 2 19 26 10 39 15 39 9 37 10 41 27 14 
24 32 32 21 21 10 31 26 46 43 44 8 13 47 41 44 15 10 2 3 43 9 25 24 43 10 41 24 7 36 33 46 40 36 13 7 1 41 25 23 22 14 47 34 25 6 2 3 49 26 48 1 15 22 23 29 49 48 45 8 49 30 31 35 50 18 44 12 37 23 25 9 34 18 18 14 4 40 0 37 33 24 42 41 35 39 46 19 26 12 20 44 38 35 50 22 24 41 47 5 36 27 49 33 28 45 22 11 46 14 12 35 36 16 45 30 37 35 4 12 41 45 49 20 34 7 34 43 48 37 46 17 23 27 11 8 18 5 26 40 33 38 30 36 6 5 24 23 12 13 
42 47 38 33 2 34 36 42 4 25 15 48 37 39 18 40 40 25 8 39 45 46 35 34 15 18 30 40 47 35 8 49 38 38 22 34 29 18 19 24 27 11 43 4 22 13 33 41 1 18 3 5 26 40 20 18 15 49 38 36 49 44 23 50 42 45 36 7 46 44 35 10 1 9 48 42 9 15 33 0 1 38 18 26 12 32 30 24 23 40 12 33 25 25 35 12 34 31 41 37 3 20 21 31 31 28 49 19 17 26 45 32 28 44 1 25 11 27 38 22 47 17 5 24 22 40 41 38 32 2 31 1 17 39 3 34 7 9 32 13 14 2 5 19 9 27 41 10 24 8 
39 18 7 44 18 39 32 6 49 41 9 14 48 36 4 25 41 25 1 19 30 8 28 21 8 40 44 39 30 18 46 30 21 33 34 10 9 41 48 19 1 4 34 46 43 24 2 36 3 50 1 4 43 17 14 29 31 32 31 17 3 41 46 10 33 12 48 17 2 16 23 9 4 49 44 13 14 8 47 9 0 39 41 24 1 40 1 7 18 35 5 14 45 27 48 3 12 11 48 41 34 46 40 35 24 21 23 20 3 2 18 37 22 21 45 22 18 46 26 20 42 22 14 18 12 7 45 8 28 28 6 44 21 4 48 5 20 6 36 8 46 11 9 31 5 27 32 13 43 15 
43 30 27 7 20 43 27 7 18 36 38 13 6 42 10 12 27 2 21 33 13 4 40 27 1 50 22 14 17 26 37 10 6 25 29 25 13 48 10 30 38 24 38 18 26 43 17 16 34 26 11 32 8 45 15 40 45 26 36 9 4 48 34 8 20 23 30 26 35 2 1 17 42 35 19 46 4 7 24 24 48 0 40 3 23 13 45 45 44 49 27 22 50 33 17 13 7 19 47 4 46 16 40 27 35 50 43 16 43 15 50 21 28 26 22 29 31 39 12 24 10 37 23 45 38 15 11 33 49 17 26 47 3 14 50 17 47 40 12 35 10 9 45 28 48 3 37 23 29 49 
16 15 50 48 32 3 6 34 39 30 35 36 11 2 22 39 17 12 44 25 11 13 28 41 40 24 36 10 36 9 29 10 6 45 2 38 13 13 48 13 27 19 44 29 33 22 33 46 19 10 28 29 20 49 10 25 4 30 33 26 32 43 32 6 11 17 39 41 40 3 37 16 25 37 42 7 38 4 5 2 9 33 0 30 24 34 23 11 21 39 3 18 2 40 27 32 20 28 6 25 32 11 45 34 38 21 21 10 2 49 4 48 26 14 18 6 5 17 18 39 5 37 39 11 45 13 33 3 14 49 11 34 11 45 36 6 19 32 30 38 50 31 40 11 21 37 45 23 24 11 
24 12 18 48 49 38 36 16 43 2 10 18 12 41 35 25 43 6 12 21 48 16 21 36 16 15 48 8 2 29 29 47 4 39 24 48 40 47 35 4 4 24 4 10 20 41 42 7 40 32 14 43 6 18 3 41 39 48 48 49 40 41 28 47 10 3 8 28 24 1 6 28 17 39 50 35 2 3 37 38 3 36 1 0 19 24 34 10 12 4 9 47 48 42 23 39 18 10 33 5 23 28 6 8 47 19 33 26 41 42 24 38 14 14 30 11 30 23 24 10 26 22 35 28 28 30 49 27 20 46 48 9 41 1 36 28 41 22 20 5 24 17 26 6 48 17 22 50 23 49 
5 21 4 2 49 14 3 47 33 6 31 14 28 1 17 6 33 35 17 23 33 8 19 31 28 21 44 41 40 10 39 28 21 20 36 37 32 30 43 50 13 31 48 15 35 9 28 15 5 42 20 25 44 3 21 35 50 4 6 44 38 3 47 9 35 26 13 37 33 16 50 21 34 27 8 23 25 36 22 21 29 30 5 43 0 31 48 43 9 9 49 46 15 20 16 34 28 50 25 39 9 25 5 11 50 32 48 7 32 49 45 10 4 31 5 17 36 9 2 22 46 33 21 47 8 50 42 13 19 46 9 33 2 48 42 40 17 38 10 3 28 44 32 24 36 49 28 49 45 18 
49 36 45 13 35 42 17 19 18 39 1 17 40 6 8 32 42 46 41 21 50 13 16 32 6 36 42 8 24 25 32 2 38 42 31 49 14 30 30 37 11 6 13 37 2 26 24 4 27 11 32 2 20 13 9 35 26 20 28 41 6 45 36 49 37 46 8 18 16 37 33 20 45 24 48 22 14 44 49 30 10 4 33 1 34 0 24 37 19 24 47 42 6 39 31 39 22 16 19 10 23 40 1 37 22 27 10 45 43 11 7 13 19 31 26 4 24 8 33 20 38 12 17 8 42 23 34 36 49 27 49 33 34 16 35 37 8 10 35 23 46 41 40 16 30 23 22 50 20 23 
24 1 33 2 15 30 5 29 49 11 19 29 34 30 42 11 32 16 18 20 13 46 42 49 26 18 21 49 36 40 16 43 2 2 18 37 7 14 35 41 45 6 22 31 6 28 35 39 21 2 47 47 35 5 6 22 9 35 36 36 1 50 28 30 33 41 35 37 26 15 27 32 29 13 12 9 34 9 48 47 27 11 16 39 40 14 0 17 30 21 33 38 46 44 19 43 18 36 3 41 36 36 42 3 39 17 27 2 24 40 36 2 21 48 43 12 24 25 6 44 43 34 40 13 40 48 27 50 36 48 30 19 32 13 36 12 48 11 29 18 17 16 6 34 49 17 44 9 28 43 
30 45 26 40 40 5 20 4 11 29 41 40 4 41 44 36 31 49 20 46 43 22 24 6 12 21 39 2 18 45 26 22 35 5 9 4 14 15 21 33 7 28 44 2 26 49 41 28 46 17 20 40 34 5 19 31 40 15 34 16 27 3 33 50 7 1 39 6 22 8 14 12 11 13 16 26 16 39 16 46 18 50 12 13 45 23 17 0 8 8 31 48 30 48 8 23 25 27 38 5 18 39 22 11 37 31 36 2 43 3 44 15 37 17 27 42 23 21 1 8 18 29 40 1 13 19 46 30 19 49 44 18 26 37 10 26 7 5 6 20 46 14 10 23 17 47 13 2 5 34 
28 45 38 41 22 33 20 32 12 12 24 39 28 41 38 35 48 10 8 30 9 13 16 46 6 47 31 18 25 2 14 2 26 39 40 43 10 40 21 49 32 40 9 34 46 30 17 12 9 32 23 41 34 26 43 21 25 47 38 32 47 20 24 35 4 2 46 18 25 4 26 35 3 47 24 3 11 36 17 44 13 26 10 22 20 4 14 40 0 31 32 25 27 28 13 25 2 18 37 26 41 34 36 14 15 48 22 26 37 18 43 45 23 46 23 42 26 20 42 18 45 19 25 8 3 35 2 38 45 43 2 9 14 36 6 11 6 34 50 39 17 2 3 34 9 37 40 10 4 42 
1 50 26 19 49 14 23 42 39 10 40 36 20 5 19 47 24 1 27 31 47 41 7 35 11 36 41 5 1 43 14 8 28 29 26 24 35 21 46 40 36 8 32 3 9 44 1 49 41 16 42 5 34 46 43 17 15 16 10 43 10 14 12 27 48 2 49 30 39 39 33 39 19 18 15 12 8 25 13 39 22 20 7 4 45 43 24 9 12 0 45 19 43 47 50 8 27 41 48 22 10 7 13 36 24 36 31 47 44 43 50 20 19 21 14 48 35 24 17 48 18 47 18 37 40 9 40 12 10 41 32 47 5 49 33 39 47 2 50 48 20 34 4 12 4 33 43 45 27 36 
34 32 8 4 39 33 48 29 50 33 18 44 40 15 14 27 24 26 45 10 7 16 10 19 38 2 50 49 43 37 21 13 21 3 12 4 49 7 10 11 48 29 43 2 42 10 31 3 34 13 21 50 41 17 30 44 14 48 12 44 40 33 35 17 33 25 7 26 30 2 41 22 13 7 48 12 18 18 34 30 12 20 7 30 2 40 48 43 13 9 0 30 21 14 1 47 20 22 49 43 22 42 13 45 31 24 4 25 13 26 32 17 3 24 37 46 20 2 10 45 36 24 22 3 8 30 31 17 14 40 31 46 8 10 31 35 32 26 34 22 3 21 39 28 47 34 39 16 2 12 
42 4 7 17 41 29 15 6 11 48 40 34 13 27 37 48 15 37 38 40 29 44 26 31 37 31 48 42 17 27 34 24 23 41 36 21 29 45 49 19 49 19 38 50 34 39 12 37 14 25 25 25 26 9 2 22 46 21 29 29 30 41 39 11 43 41 45 47 29 12 47 37 40 30 30 37 27 48 21 34 38 15 21 21 40 43 29 13 8 13 21 0 5 4 12 34 36 21 40 36 1 6 50 42 26 16 16 35 32 7 40 39 30 44 29 33 43 14 22 22 42 22 10 24 42 17 31 8 50 21 30 32 18 40 21 34 34 43 8 6 13 23 18 48 3 10 13 9 22 16 
10 48 15 29 11 22 48 30 47 41 7 37 32 19 26 1 19 41 9 8 9 42 27 37 27 44 15 42 31 4 22 40 39 34 32 27 3 32 6 9 1 19 20 18 4 47 16 3 41 48 27 21 14 43 7 16 35 15 32 29 13 21 23 25 50 5 22 32 29 18 13 17 28 11 36 19 3 50 18 4 26 7 35 29 41 12 30 7 27 29 10 46 0 50 34 4 8 10 42 26 5 14 39 15 42 1 20 21 33 47 33 36 30 9 43 4 23 36 11 37 31 2 4 9 47 6 50 40 32 5 42 25 20 44 46 30 27 49 34 1 17 10 43 21 10 6 17 30 20 9 
50 45 29 37 36 11 4 45 27 43 13 49 30 9 34 38 5 19 11 17 28 15 26 8 10 17 10 12 29 26 17 35 9 41 49 6 34 22 1 19 34 19 22 44 32 21 29 5 25 9 2 27 39 42 43 26 41 19 25 13 24 11 36 36 44 1 37 44 1 30 17 40 42 44 17 32 2 13 27 50 17 24 16 28 4 20 4 39 46 36 21 18 24 0 1 4 18 35 1 6 16 46 10 38 33 17 6 40 35 30 13 38 34 32 39 23 3 11 6 22 26 46 19 8 27 7 17 5 45 6 7 43 29 30 3 17 12 44 36 41 17 2 9 6 1 27 39 23 13 27 
50 22 12 43 32 42 50 18 35 23 41 27 36 38 11 32 24 35 46 46 41 24 6 14 26 17 47 16 42 39 13 10 1 40 21 20 50 9 18 16 2 28 16 17 23 7 37 33 13 5 5 44 12 44 47 25 49 17 43 10 16 16 14 16 9 39 11 11 9 29 9 8 1 6 18 39 27 32 1 3 4 41 5 28 50 37 24 5 17 28 30 17 34 1 0 42 23 49 50 7 16 13 12 5 11 14 36 7 3 39 23 9 8 32 5 2 17 12 37 36 42 29 37 17 25 42 45 6 38 11 18 37 16 6 3 30 36 47 18 34 38 27 33 42 19 49 8 48 34 24 
19 4 18 31 31 35 8 43 28 20 8 40 5 21 45 30 39 32 31 24 36 9 39 47 45 49 16 2 40 24 17 1 8 34 49 23 31 5 14 7 26 6 34 24 11 11 26 2 50 31 34 2 14 24 11 49 5 26 22 4 25 37 42 2 8 25 31 30 10 13 35 10 30 7 14 47 20 12 17 31 19 26 23 46 45 27 48 47 37 7 16 39 28 25 37 0 21 42 43 38 26 7 2 6 24 7 1 5 28 37 23 12 4 29 20 11 12 16 33 50 4 21 25 43 26 35 18 12 42 21 33 26 47 11 7 35 20 45 18 11 19 29 44 13 42 43 11 3 43 40 
3 1 13 10 39 9 18 47 45 16 8 42 10 44 16 4 34 17 12 12 7 36 47 18 6 37 46 40 46 42 20 12 4 32 47 28 49 10 9 33 27 9 24 19 33 24 34 39 41 47 21 10 2 41 6 31 36 4 20 41 16 32 30 2 5 12 23 17 24 6 15 8 4 37 45 15 43 22 9 32 48 13 1 41 9 24 41 14 33 47 18 36 26 32 8 23 0 3 4 17 1 24 45 2 50 45 4 35 49 44 30 49 40 9 10 50 47 1 36 5 34 24 48 40 2 42 17 48 20 23 43 47 45 16 2 49 18 22 31 39 38 8 4 36 46 38 18 39 22 41 
9 43 9 6 5 14 17 30 7 40 45 1 36 14 48 25 45 33 50 31 50 34 24 34 29 28 9 50 43 33 44 8 39 32 19 45 8 34 37 10 25 13 32 26 45 7 7 14 12 22 39 40 27 16 12 13 22 41 24 20 29 45 19 3 45 10 34 14 46 18 40 1 30 14 34 37 8 46 1 44 10 41 8 35 1 7 34 44 18 21 43 5 35 1 46 38 24 0 45 10 48 10 29 1 29 20 31 33 34 36 45 41 29 15 6 36 1 16 24 48 45 39 27 48 33 34 44 25 24 5 45 18 34 24 48 19 22 18 19 33 20 7 26 42 18 18 12 14 32 44 
33 44 29 6 50 39 20 35 34 21 45 40 34 36 37 11 46 23 8 37 30 47 31 11 50 31 36 35 12 48 31 38 3 15 25 2 49 1 31 37 40 48 14 27 11 28 26 39 22 7 13 30 41 8 35 45 44 41 50 46 32 24 33 50 37 45 45 22 8 23 50 20 50 39 39 43 17 13 50 4 38 24 9 27 30 17 9 26 50 49 41 42 12 32 39 4 49 20 0 35 33 9 42 33 48 8 36 29 12 45 16 8 10 2 11 2 13 1 19 18 39 42 3 20 14 38 4 30 34 12 5 14 17 44 19 24 46 48 6 38 22 22 4 35 31 13 22 17 12 48 
21 32 47 48 47 37 28 10 18 39 19 43 44 33 25 1 5 40 28 9 22 7 4 36 20 14 46 21 28 43 11 45 42 49 4 42 10 24 1 11 14 42 23 21 1 37 28 32 32 33 22 27 37 23 5 32 3 16 38 9 21 34 38 25 40 16 13 10 11 31 44 9 8 19 33 26 1 9 48 1 36 7 10 32 45 42 34 21 5 46 6 5 12 13 22 21 24 49 26 0 4 37 5 3 2 27 39 6 46 2 18 12 6 29 46 21 48 20 12 24 43 18 7 40 50 21 7 24 8 22 49 1 37 17 44 2 49 34 25 44 14 30 24 35 38 50 19 14 21 4 
50 41 39 40 32 14 41 10 37 10 22 44 45 37 48 1 40 4 19 39 42 3 22 22 42 41 2 41 32 39 19 16 38 43 19 12 40 30 16 7 25 9 32 14 10 34 7 21 25 14 12 24 44 12 32 8 44 46 18 16 25 33 17 48 49 45 47 47 29 32 4 12 17 7 33 48 20 36 36 27 25 46 23 27 36 2 26 38 10 34 40 10 4 43 18 20 13 50 5 37 0 43 15 46 31 44 40 46 48 39 15 24 1 43 50 1 27 29 26 10 12 9 34 11 5 38 25 3 23 17 41 44 17 2 7 3 9 42 11 1 1 40 34 6 6 13 22 30 28 8 
49 21 29 50 24 5 3 22 12 30 36 48 43 2 17 11 4 29 11 9 18 37 49 48 12 45 22 33 47 39 12 36 2 10 10 31 3 29 36 2 25 36 11 29 1 49 12 33 16 46 26 38 18 14 11 27 4 49 29 3 38 5 3 21 7 38 33 12 50 28 17 8 49 8 31 17 20 13 2 21 24 27 42 21 39 35 46 27 49 44 19 11 8 22 4 32 49 11 1 31 12 0 19 27 9 20 30 5 20 3 40 12 49 43 15 21 2 21 44 25 40 31 38 47 31 36 49 23 33 20 37 50 33 10 11 7 34 42 40 41 40 37 43 47 43 39 45 37 28 15 
30 29 26 2 44 42 35 43 28 40 49 21 42 3 13 33 7 21 2 34 44 4 2 2 48 50 6 10 14 29 26 31 21 38 19 26 4 50 18 33 24 45 26 11 18 37 5 32 43 13 33 20 5 1 14 45 47 8 8 17 31 41 25 15 6 45 10 36 28 6 1 37 50 39 30 25 26 33 48 38 22 23 3 37 40 9 48 49 13 27 36 45 20 47 21 11 42 42 4 14 15 2 0 29 23 42 49 26 16 34 4 1 12 9 31 16 30 9 8 7 46 6 14 48 10 18 20 38 7 9 8 22 29 22 23 22 29 3 38 4 14 14 45 50 28 16 19 10 2 3 
43 40 13 28 6 35 34 35 9 13 34 13 17 5 32 34 29 50 18 47 31 44 2 50 38 19 4 44 30 15 24 15 18 44 24 20 33 48 3 2 29 10 35 38 1 7 7 27 16 34 11 28 40 30 50 48 47 24 31 24 49 2 49 24 11 1 29 6 12 46 8 48 19 13 9 5 27 32 28 19 28 44 5 45 43 41 24 40 3 25 17 35 11 46 11 12 14 32 4 24 23 5 38 0 17 16 33 29 22 31 35 4 42 39 45 18 48 22 47 10 20 13 1 32 45 44 33 16 16 44 30 36 25 44 48 46 44 48 45 34 16 25 35 34 16 42 9 48 5 18 
28 17 29 14 36 48 44 9 50 1 20 34 8 36 6 16 48 18 36 42 48 47 44 37 46 34 44 10 9 32 43 17 34 8 30 2 9 41 2 28 16 6 26 33 15 30 26 40 31 1 44 44 46 24 24 25 39 42 33 41 23 17 21 8 50 15 44 14 18 24 1 33 13 37 30 46 42 49 36 5 26 50 4 30 13 33 19 42 40 9 35 9 21 48 47 32 32 24 8 19 15 16 23 13 0 37 46 40 36 48 27 34 32 21 15 39 41 12 4 31 23 41 13 27 12 45 48 31 15 21 28 37 10 17 44 8 43 27 43 2 44 12 18 34 30 32 28 47 28 6 
35 21 50 16 5 14 10 43 6 8 38 2 48 42 15 20 10 16 40 7 2 45 41 7 8 8 48 43 34 39 19 14 16 26 23 45 47 4 11 49 29 35 32 44 46 27 22 42 37 21 18 10 31 13 40 13 37 46 41 12 32 27 14 4 48 30 11 8 42 23 41 47 26 3 13 13 46 24 48 48 43 25 29 16 12 44 13 6 27 42 30 20 35 28 1 26 41 13 3 17 12 19 50 26 23 0 12 34 19 25 3 11 25 18 35 33 50 27 8 20 44 20 37 35 47 48 13 38 7 8 43 39 16 26 28 50 6 39 7 41 38 10 24 36 41 22 4 35 48 11 
44 47 14 50 16 30 44 30 11 13 38 41 16 29 33 19 40 47 39 23 36 20 33 40 13 34 4 25 43 49 28 50 10 40 34 21 27 2 12 26 23 10 7 45 13 26 44 14 18 34 34 22 47 19 5 46 12 17 6 15 28 14 41 34 47 44 39 11 23 26 40 13 3 48 28 33 11 28 21 13 27 35 11 1 1 49 29 48 43 9 30 31 42 45 1 10 42 31 49 48 34 18 38 5 35 9 0 49 12 14 40 18 24 49 23 8 16 24 35 18 49 8 11 29 28 28 42 30 38 31 22 26 39 33 25 26 15 18 33 32 8 16 41 47 15 18 31 13 12 35 
18 29 10 5 1 47 21 28 40 28 32 2 7 40 43 39 24 45 13 13 36 41 25 18 6 31 3 19 28 8 30 35 2 50 4 7 1 36 2 30 35 41 33 44 28 34 18 50 19 15 23 11 14 5 42 12 38 6 39 43 13 3 42 34 9 7 5 15 49 4 27 20 19 10 50 21 37 39 36 23 49 45 38 14 4 26 27 33 30 6 18 49 33 15 23 37 46 21 5 46 6 45 23 50 39 29 37 0 2 11 44 39 8 6 10 3 13 6 36 29 42 25 43 44 30 24 22 35 18 19 48 16 34 7 38 12 25 48 4 3 11 35 23 16 14 33 35 19 40 31 
7 28 12 7 16 27 37 20 24 38 13 11 44 11 13 22 43 6 14 15 46 42 31 5 5 28 30 18 41 43 45 43 47 49 44 10 34 10 7 22 47 34 3 7 7 7 17 29 40 24 9 45 26 19 1 49 27 10 22 41 31 14 50 44 44 22 1 44 10 2 11 10 32 25 37 32 11 24 28 10 49 6 41 43 15 24 25 4 22 43 10 9 17 24 38 41 44 46 45 8 44 19 27 37 10 15 40 35 0 39 41 22 23 28 9 32 29 22 29 14 34 17 16 7 41 10 46 24 32 13 19 39 50 39 3 13 40 23 46 15 44 32 29 15 44 38 23 5 29 16 
49 31 27 27 7 39 33 49 39 43 15 16 12 7 32 43 23 32 19 43 1 28 38 35 8 14 1 12 48 7 31 16 37 2 31 17 21 13 6 5 47 10 28 25 28 5 45 21 28 4 50 21 15 44 28 16 22 26 15 9 31 9 18 40 11 13 29 29 42 36 21 38 19 29 50 41 36 15 2 45 5 22 43 37 10 39 32 41 34 31 16 18 5 40 40 27 29 38 31 43 27 8 42 32 45 11 36 9 40 0 17 33 28 29 32 17 23 37 10 8 47 14 45 1 8 8 19 24 18 24 31 36 16 1 24 38 13 1 42 11 34 39 22 35 44 40 10 32 46 33 
8 27 47 44 9 18 28 37 11 18 33 24 11 17 16 19 29 14 44 1 49 40 10 33 31 36 21 24 36 5 36 9 21 10 32 32 43 40 28 41 32 9 31 20 5 1 47 38 41 35 22 44 44 4 21 29 28 9 8 19 37 48 44 1 43 21 4 10 42 27 16 13 2 11 22 33 7 2 1 18 49 31 48 7 14 43 10 4 43 34 10 5 23 28 22 2 8 33 34 14 49 13 3 49 39 24 10 31 18 47 0 49 48 23 14 23 33 26 33 14 8 15 11 30 43 28 13 12 45 48 44 13 4 41 29 23 2 17 44 50 37 3 31 21 24 28 30 32 46 45 
23 48 21 36 38 23 7 34 10 44 42 21 46 6 25 50 48 34 34 42 41 28 40 35 3 20 10 12 5 25 30 33 25 25 8 36 42 47 41 14 5 39 13 11 2 3 30 36 50 39 44 46 44 46 39 8 17 46 3 10 19 3 4 23 43 3 1 31 6 5 33 14 48 4 44 36 30 8 36 16 30 10 29 34 43 1 21 26 6 44 3 14 19 44 43 27 36 39 40 12 21 7 46 6 47 39 44 14 49 2 30 0 44 40 20 15 15 41 37 45 23 24 4 19 9 17 45 45 21 23 19 35 10 2 23 33 40 41 25 22 8 15 14 42 32 10 20 12 16 8 
2 36 35 44 14 6 31 1 25 18 29 18 44 46 44 25 2 34 36 31 14 28 45 27 4 39 36 21 49 15 21 27 48 22 4 2 35 39 19 28 48 39 31 24 4 16 48 1 23 40 5 49 49 25 19 48 39 36 40 50 13 18 31 35 5 14 31 3 48 18 3 28 25 49 20 49 17 44 20 26 38 46 16 42 30 42 37 4 34 13 38 21 26 33 15 30 34 19 16 37 43 39 17 35 41 30 26 42 21 14 25 14 0 16 33 26 13 2 47 4 25 35 26 4 28 48 30 41 44 34 49 28 30 16 7 31 23 2 13 17 6 40 39 26 12 39 46 17 35 43 
31 29 50 15 33 1 25 6 9 40 45 25 4 13 6 42 8 35 27 39 30 9 28 15 43 28 1 6 37 35 48 20 46 1 10 14 32 49 34 3 13 16 24 30 34 22 11 48 15 38 41 12 3 4 21 38 7 7 48 27 50 20 27 12 17 44 8 30 20 17 4 3 10 20 16 50 33 14 7 29 38 14 26 23 19 2 28 45 7 27 12 5 44 37 28 45 43 15 34 4 2 9 36 3 40 1 4 25 17 18 13 1 44 0 33 22 20 19 35 38 33 6 7 36 14 36 18 37 5 40 21 15 16 1 12 22 17 49 12 28 21 26 17 10 22 28 33 16 46 18 
47 35 34 24 42 47 14 31 33 37 7 1 23 29 5 22 7 50 47 25 47 48 38 48 45 11 26 39 42 31 44 40 26 37 6 41 20 41 28 46 41 30 25 15 26 17 14 40 31 26 19 3 17 39 32 45 27 12 20 42 50 27 21 18 14 6 36 50 30 31 39 32 34 45 19 29 45 9 42 49 24 20 25 8 17 32 33 14 2 39 20 17 17 40 37 19 7 24 45 19 27 46 22 8 19 44 14 9 43 7 8 6 26 4 0 43 18 31 27 19 9 28 28 41 38 48 42 21 31 32 36 44 42 22 7 5 33 24 49 23 13 46 30 19 49 21 41 16 28 50 
26 5 7 49 3 46 6 48 4 37 41 24 5 49 19 3 22 34 47 22 44 12 48 27 30 9 16 5 23 1 14 27 35 49 35 23 3 23 2 34 43 36 42 24 36 22 37 6 12 33 1 14 22 38 33 46 10 49 26 12 46 34 31 16 32 46 14 16 46 15 13 43 39 12 21 29 40 36 29 28 30 46 26 9 45 4 9 5 25 43 29 45 44 13 20 37 6 46 24 9 13 37 35 15 23 5 19 36 23 9 36 46 39 21 29 0 27 39 39 9 15 47 21 22 26 48 50 11 8 5 35 21 6 7 25 24 27 19 19 33 34 34 38 50 9 3 46 37 3 18 
10 25 48 45 25 41 17 42 37 23 41 5 18 14 30 26 41 50 10 14 27 48 22 31 21 41 4 35 43 31 11 9 16 38 22 6 50 48 28 47 36 36 43 24 16 28 26 46 8 20 18 45 42 48 46 45 16 16 40 11 29 2 15 32 46 24 38 27 41 50 30 33 20 36 18 27 1 9 19 44 30 19 1 10 7 6 50 39 36 26 40 47 45 2 26 13 10 21 49 6 21 44 41 9 14 49 22 28 50 19 13 14 38 17 19 7 0 14 50 18 44 19 16 12 42 14 17 19 4 22 21 41 38 49 9 30 40 19 27 41 31 22 42 39 45 5 5 17 26 20 
8 26 40 11 8 11 14 21 19 2 33 44 45 37 28 10 16 43 24 22 17 21 40 42 24 33 32 39 20 21 35 31 31 6 40 24 18 3 15 1 43 37 14 33 29 15 18 11 10 19 15 3 7 24 23 24 42 3 21 37 27 33 39 46 5 11 17 47 19 13 3 45 26 47 19 44 49 49 2 33 26 21 37 5 40 50 13 48 45 36 5 26 25 20 21 42 15 36 10 41 31 1 37 41 30 8 41 50 44 45 44 42 21 2 18 42 8 0 41 19 23 1 19 14 17 47 20 38 12 36 41 35 46 19 37 9 46 8 38 44 14 12 25 48 24 23 5 15 9 23 
19 22 3 31 28 21 35 11 26 49 32 39 14 37 37 15 32 5 3 11 15 12 1 6 14 10 19 1 28 26 40 45 50 34 22 5 46 28 44 25 34 20 1 7 2 36 47 13 36 37 6 27 49 41 11 26 50 49 33 47 14 39 17 7 15 9 32 25 24 27 41 43 31 7 28 41 35 5 5 29 11 20 37 33 30 16 11 32 34 2 45 38 37 10 50 1 19 19 21 50 15 4 2 29 28 47 2 8 49 43 3 41 45 10 16 47 42 23 0 45 26 16 1 35 42 35 47 8 37 8 4 23 20 26 43 29 40 47 8 44 10 22 28 8 9 40 1 10 9 3 
43 11 2 36 43 40 34 21 16 12 43 20 39 39 38 1 43 33 30 13 10 12 11 5 8 32 5 29 35 41 22 7 3 20 33 11 13 32 5 9 9 10 13 41 39 20 38 35 46 30 44 20 16 45 29 26 26 47 43 24 18 23 24 31 47 20 44 10 28 14 31 15 15 4 45 7 42 36 37 38 5 11 28 40 15 25 31 49 31 44 47 12 48 11 19 40 26 39 47 48 32 30 19 1 24 3 6 3 24 4 31 8 9 49 20 22 31 2 11 0 35 50 48 1 21 12 11 4 32 8 17 34 46 35 44 36 32 27 49 3 30 34 35 46 39 46 42 24 28 9 
44 40 37 25 14 35 15 43 7 4 8 2 42 13 11 50 30 23 14 23 23 18 21 49 38 48 19 47 20 20 44 12 2 8 5 38 31 7 37 3 45 21 8 29 41 45 36 26 45 33 43 49 19 45 13 25 21 42 41 12 35 46 36 42 23 22 8 1 18 41 43 4 30 15 49 3 19 28 41 19 1 48 22 22 17 45 46 23 27 10 30 12 10 43 40 13 15 8 16 32 27 42 21 34 1 28 31 25 5 48 3 25 21 39 10 45 9 17 4 31 0 37 34 50 36 50 25 8 6 15 28 25 8 20 44 32 46 41 15 49 32 9 1 26 27 32 20 33 29 14 
48 22 36 37 18 2 37 27 48 10 12 45 21 11 18 41 4 22 49 19 14 32 19 29 36 1 17 15 28 7 7 7 21 13 15 38 23 42 1 7 42 5 18 30 4 47 10 20 38 28 37 34 24 1 44 41 14 10 38 30 13 15 23 26 12 32 25 36 45 40 24 7 9 8 36 8 16 22 39 37 39 24 27 47 11 18 48 38 36 43 38 37 41 5 24 31 37 48 29 30 42 6 20 33 50 35 43 7 4 47 27 17 50 38 44 39 36 16 18 50 49 0 28 12 26 40 25 44 47 23 49 10 35 37 25 50 37 2 16 38 28 21 46 2 40 34 16 34 9 4 
35 36 44 43 2 12 2 27 6 43 47 23 26 29 8 29 26 13 29 28 15 37 46 31 21 41 34 19 32 13 33 36 24 36 8 22 34 4 4 27 33 4 10 5 17 13 19 19 47 49 25 28 24 4 43 7 44 44 6 40 6 15 23 23 13 50 8 32 18 20 37 8 5 44 17 14 5 35 7 5 28 4 49 40 1 20 29 40 36 35 36 21 39 46 25 25 25 18 18 26 36 12 24 36 31 33 29 24 48 17 9 40 16 10 47 9 8 38 42 5 42 17 0 46 43 46 1 50 44 47 30 2 11 35 1 34 46 7 17 49 46 1 33 8 14 5 13 4 42 15 
3 37 26 2 17 17 6 49 4 16 6 14 15 30 16 38 26 14 37 21 31 30 17 41 41 8 19 8 32 39 9 50 42 34 8 23 43 45 50 45 1 28 7 15 8 35 30 49 35 29 20 14 28 31 21 40 26 13 25 2 21 21 6 9 16 43 22 24 36 14 29 15 49 47 42 8 18 22 43 41 16 44 23 32 36 7 48 40 12 29 23 3 9 28 1 25 25 32 50 29 36 28 13 42 32 2 34 28 5 48 3 40 3 50 22 7 48 7 26 41 15 47 19 0 31 21 14 24 8 15 24 2 28 3 6 4 6 17 22 13 48 25 43 7 45 38 16 44 36 36 
7 16 21 50 23 36 11 42 30 3 2 28 9 23 11 5 37 45 50 19 45 17 50 11 5 1 16 42 42 1 38 38 40 45 5 32 45 29 30 14 7 26 4 1 46 50 42 30 13 17 29 4 40 30 17 34 7 27 26 9 30 11 38 41 9 26 19 31 22 43 24 27 11 30 20 21 34 27 3 11 44 1 27 37 7 43 40 47 19 7 31 28 35 11 15 22 39 20 28 6 11 33 7 35 11 34 33 29 42 4 13 28 40 1 7 29 18 9 4 24 45 31 28 4 0 32 6 11 16 35 14 49 16 19 41 17 15 37 45 36 9 8 38 47 4 27 12 48 9 23 
33 16 34 29 35 36 4 31 37 41 35 2 44 20 3 46 41 43 50 45 6 36 31 8 24 14 22 33 40 1 46 27 49 25 41 3 14 36 32 27 50 34 37 23 45 43 37 9 8 11 7 33 5 11 22 27 23 37 14 32 33 38 10 34 46 7 12 24 21 3 21 45 5 1 45 8 9 33 49 26 19 47 39 7 8 1 21 35 21 45 6 19 1 48 12 14 19 21 46 35 37 28 22 17 41 39 5 31 2 48 22 45 11 32 7 47 36 45 28 2 49 32 49 38 39 0 13 20 31 4 30 1 30 44 25 20 5 5 48 31 21 45 34 27 21 36 23 50 29 7 
28 38 16 38 21 24 20 39 5 2 22 16 43 17 33 19 39 47 35 47 25 8 48 43 5 23 24 28 43 40 11 40 7 31 3 45 7 42 5 8 20 11 48 47 6 26 20 9 41 37 40 10 1 22 17 18 17 50 16 7 46 16 43 9 4 32 44 24 48 45 41 50 19 24 1 5 11 3 25 2 38 23 19 24 41 8 2 26 10 34 21 31 11 36 42 4 38 46 3 13 36 12 3 16 23 2 2 6 45 48 47 1 41 7 28 28 38 7 48 10 8 16 36 9 32 46 0 43 16 35 25 11 1 25 47 5 10 25 43 5 17 27 46 21 35 34 9 40 24 15 
14 14 6 43 11 20 41 42 42 2 4 44 37 50 12 45 26 2 27 28 21 40 41 46 34 30 2 25 45 21 49 35 5 46 34 28 45 6 49 30 27 40 24 30 29 23 31 35 25 37 41 34 50 36 50 2 41 8 17 12 40 41 32 40 40 44 16 40 29 13 40 15 15 50 30 45 17 5 4 27 24 19 22 17 1 49 40 38 10 1 37 26 34 39 43 31 47 41 40 45 13 21 15 9 32 19 39 6 40 22 29 15 14 28 36 40 21 36 43 43 28 39 42 10 49 32 21 0 33 36 40 36 37 35 36 37 43 44 20 36 1 18 21 35 29 29 16 12 32 26 
33 2 11 29 6 47 21 3 24 8 18 24 8 2 47 26 18 28 1 43 24 45 48 33 50 40 19 24 30 47 32 22 29 24 35 13 45 5 27 26 9 42 19 44 16 21 40 8 15 43 38 35 41 35 3 31 7 27 6 7 36 30 48 13 2 10 14 8 21 3 3 28 8 10 28 15 39 41 8 41 41 10 6 19 33 48 34 26 37 29 31 48 47 21 47 11 25 24 34 43 33 20 37 19 34 32 3 38 3 42 40 6 10 48 7 5 34 10 41 18 21 10 44 17 7 7 30 23 0 3 5 26 15 40 4 6 39 40 34 41 24 46 18 8 34 32 34 41 1 48 
36 4 36 28 2 13 8 48 26 41 33 48 41 34 2 33 12 42 16 50 2 4 46 29 26 2 33 6 17 5 35 36 8 15 33 11 24 29 1 37 4 34 42 12 19 5 20 50 22 47 13 24 17 16 43 16 42 11 26 47 15 36 10 38 14 4 12 23 30 43 28 12 47 21 1 40 38 47 40 29 45 19 5 50 32 48 49 26 46 12 9 32 32 50 27 15 4 1 14 25 40 37 22 5 41 34 46 27 22 14 2 17 35 32 26 28 23 17 24 14 34 28 11 3 10 27 45 21 21 0 49 12 30 7 47 10 1 36 16 36 23 49 44 47 7 46 42 11 24 1 
46 37 9 49 18 14 32 22 27 20 3 15 40 15 49 35 50 10 25 2 44 26 3 8 30 35 15 45 36 40 40 10 47 10 29 48 22 25 17 22 35 23 8 10 43 46 41 45 28 40 31 25 44 5 15 47 32 17 11 50 48 20 45 50 7 26 14 2 29 46 12 5 39 43 18 48 15 5 36 42 18 29 6 42 22 25 40 16 40 50 42 24 25 50 36 6 20 22 34 22 32 20 21 8 2 46 1 2 25 2 3 41 4 29 46 31 10 50 46 38 3 10 10 4 23 15 18 45 42 38 0 15 14 23 12 33 27 38 43 12 18 23 32 7 14 17 11 2 28 7 
12 39 29 50 19 12 34 12 26 1 8 1 41 18 36 41 43 24 27 13 33 2 45 33 30 39 40 25 34 21 26 7 26 44 17 34 28 16 10 6 45 13 49 8 14 43 32 5 5 6 27 30 23 13 44 37 29 47 10 31 7 33 33 24 23 3 20 18 47 41 12 18 11 14 1 14 10 16 21 30 38 31 39 47 16 40 8 10 45 14 29 47 6 7 26 24 42 1 47 9 43 35 32 30 45 7 47 6 21 5 18 50 30 43 17 13 7 4 50 10 38 46 5 32 44 14 17 19 6 39 21 0 15 48 40 9 33 4 39 12 38 33 41 27 29 43 47 36 18 6 
11 25 21 5 3 26 16 2 15 34 18 37 27 7 13 28 27 13 29 17 22 21 27 2 44 4 11 20 36 22 31 28 45 38 35 45 27 20 16 16 13 37 25 13 42 10 39 18 25 41 41 45 23 18 16 47 12 30 45 12 37 12 23 45 28 15 22 34 11 32 31 38 43 35 27 10 5 7 7 35 48 28 47 27 9 32 8 50 37 14 43 35 42 46 23 28 28 33 3 24 3 28 23 9 4 36 5 25 49 11 43 33 8 30 26 44 30 40 50 1 2 18 28 33 10 15 12 35 13 18 39 14 0 6 31 38 37 17 50 13 48 44 14 8 49 18 22 18 21 12 
48 8 33 24 11 12 49 4 15 20 48 22 8 2 22 8 32 30 41 21 10 2 27 6 27 29 18 50 28 4 49 39 38 3 46 19 35 10 35 41 30 11 42 15 7 26 37 32 2 5 43 7 19 42 44 25 34 6 2 10 21 39 18 49 7 9 25 22 30 28 17 22 35 5 31 42 8 50 3 40 6 35 29 21 3 12 30 25 47 25 45 49 47 15 32 46 6 12 1 11 13 49 9 2 48 8 28 18 39 3 38 28 14 45 37 49 41 28 35 4 38 15 36 38 18 18 4 7 39 44 6 15 36 0 49 37 13 1 17 44 20 20 46 48 2 44 19 20 4 50 
21 44 48 42 28 33 12 17 38 37 34 18 8 5 14 18 26 39 2 23 18 11 3 34 42 19 33 39 42 43 6 7 35 24 45 16 42 37 40 31 23 29 44 10 5 5 22 18 4 33 12 47 17 10 29 15 18 10 41 45 8 15 45 35 50 12 6 15 22 38 22 31 8 4 28 20 48 19 19 27 31 38 6 35 45 31 7 26 41 28 31 49 36 6 35 22 39 16 21 16 7 48 30 41 12 8 11 42 6 16 49 1 10 44 18 46 43 47 6 46 11 41 7 26 6 4 40 39 50 45 24 6 2 49 0 34 41 4 34 27 32 32 25 4 27 5 41 44 26 1 
47 13 24 2 41 41 37 10 29 17 26 23 1 9 3 47 50 43 32 40 11 41 41 17 3 13 28 9 23 35 45 36 50 39 1 16 20 50 24 21 20 18 9 14 27 29 15 47 50 21 6 39 5 1 37 32 15 49 33 6 5 27 44 4 43 1 4 7 37 11 34 38 33 45 29 12 15 33 33 29 3 1 31 41 29 9 49 38 25 12 12 24 39 4 7 36 14 29 25 3 27 39 27 8 24 41 49 15 17 17 4 37 50 14 33 43 32 13 40 49 49 33 34 5 33 16 44 41 11 10 41 25 19 50 25 0 28 31 19 26 15 29 38 25 43 24 19 33 42 5 
19 9 49 46 41 3 34 22 29 38 28 38 21 24 38 3 10 34 24 29 17 13 21 4 27 8 7 13 18 49 8 40 39 4 20 39 27 14 48 49 15 13 6 39 3 17 49 26 44 31 2 1 36 4 17 27 26 21 35 2 3 43 46 17 21 45 19 30 6 37 26 44 34 34 10 19 17 14 21 41 27 20 15 2 34 2 50 2 27 43 47 14 22 35 21 35 24 30 39 23 28 11 42 34 37 41 21 34 48 18 10 10 46 43 33 11 38 1 17 39 23 50 42 12 31 26 43 11 12 33 7 29 13 16 22 17 0 36 12 33 12 8 47 1 11 21 8 6 19 10 
48 13 35 48 43 37 30 46 19 27 20 41 48 27 4 26 35 20 20 44 41 21 39 19 20 41 42 20 17 31 19 48 35 18 26 11 30 48 25 5 32 12 35 16 9 9 5 34 36 47 1 24 9 7 29 46 11 33 2 21 41 49 12 34 36 34 14 22 8 20 12 29 31 6 42 12 8 33 18 40 31 50 2 10 8 33 14 18 48 16 10 7 21 7 24 27 12 35 26 8 8 35 38 33 38 30 3 31 28 8 42 19 13 50 47 3 29 36 34 4 1 17 39 21 9 43 16 1 43 6 5 28 24 44 30 25 39 0 27 3 36 50 33 30 25 30 41 34 1 41 
3 23 24 41 13 11 46 16 48 13 26 32 40 36 29 30 6 37 19 16 4 15 32 28 37 41 26 4 17 31 33 12 4 32 6 44 36 36 1 19 29 1 9 43 19 2 15 39 10 36 36 35 13 9 28 16 30 31 23 19 15 18 37 10 28 24 25 7 44 30 10 46 38 19 47 42 11 44 3 32 7 48 25 26 46 6 29 2 33 32 27 46 38 1 21 39 16 32 18 22 20 16 27 28 10 42 9 45 30 28 25 39 37 14 33 37 6 44 43 13 9 11 2 1 14 11 22 41 8 27 22 37 41 46 3 12 27 11 0 30 22 21 36 29 7 40 11 18 21 29 
11 41 7 6 28 50 7 46 48 15 28 24 47 19 27 44 28 32 2 49 13 48 24 6 13 7 48 26 9 26 34 15 43 40 19 34 32 43 35 34 36 29 22 21 36 45 7 14 17 30 30 32 41 45 34 4 18 15 19 21 9 17 43 38 34 23 40 36 31 23 1 38 49 9 48 30 18 46 39 44 41 4 28 34 13 50 6 18 15 47 48 31 16 13 35 23 44 44 19 24 9 6 32 24 3 42 20 45 49 46 21 34 34 24 25 7 11 17 10 4 35 11 48 37 24 24 9 15 35 33 49 2 21 39 15 13 15 13 33 0 14 20 18 25 21 48 46 5 10 39 
25 16 34 48 18 14 29 31 9 4 13 1 22 41 5 31 15 39 13 44 32 39 41 1 2 46 28 7 11 5 17 38 12 8 12 23 48 3 34 26 27 21 18 9 29 31 28 24 33 27 23 12 46 43 19 17 23 30 1 46 6 44 39 32 50 37 17 17 7 39 11 49 14 37 30 1 9 45 3 1 39 30 44 18 11 33 49 23 9 33 23 50 20 28 23 16 26 20 42 33 33 21 14 15 16 39 6 21 49 10 41 6 11 9 28 13 1 41 45 31 8 50 32 37 19 7 11 4 23 10 43 49 10 8 6 11 33 29 3 26 0 27 34 46 4 37 12 32 22 40 
44 47 41 36 7 5 23 44 46 46 42 3 41 50 46 13 31 28 4 33 3 49 12 9 29 8 19 16 22 18 1 33 36 24 19 22 10 36 1 43 30 2 23 5 13 23 30 22 47 38 21 10 2 13 40 20 33 23 42 23 39 36 3 10 15 29 31 37 27 13 3 23 45 50 30 3 11 12 49 39 1 32 49 2 35 47 4 50 48 47 2 13 8 35 10 14 17 12 6 45 23 18 44 31 47 24 22 8 32 15 23 25 31 15 14 39 7 46 30 19 50 36 18 48 20 40 45 2 9 37 4 2 38 14 42 26 13 11 30 12 32 0 46 26 4 31 39 49 24 12 
36 21 43 49 28 10 17 33 14 4 22 21 25 21 15 29 49 45 33 43 14 30 26 46 19 8 4 18 9 13 24 15 34 8 27 49 36 31 39 44 19 46 42 25 44 45 12 16 37 1 26 50 21 27 30 13 7 43 28 27 17 28 28 26 26 4 17 17 39 25 33 13 19 47 33 44 46 14 49 24 38 19 44 10 9 39 23 50 3 7 46 24 38 29 12 41 14 21 37 9 43 18 28 14 48 49 27 6 3 45 23 25 14 1 10 34 37 17 9 27 31 5 31 36 3 29 16 1 33 46 44 48 5 2 1 37 39 11 46 13 1 30 0 18 44 16 20 40 4 37 
8 31 17 9 6 8 18 13 43 49 47 47 32 17 3 35 4 23 6 32 1 44 46 27 35 17 47 15 8 9 29 6 9 26 5 47 38 28 20 31 12 15 33 5 25 8 44 42 42 5 42 40 16 3 22 22 12 16 40 41 21 36 17 35 24 38 1 19 3 30 24 12 10 17 12 13 46 44 15 35 5 12 9 8 19 2 8 18 27 14 14 42 22 18 6 32 11 29 50 32 6 14 29 33 9 43 24 6 42 9 26 47 39 16 19 37 12 48 43 23 43 40 14 47 32 31 25 26 27 19 31 49 28 7 18 33 34 6 26 23 4 22 49 0 8 32 13 23 11 4 
25 1 42 9 21 12 33 28 14 28 28 26 40 12 19 31 36 45 36 19 22 15 30 49 24 43 28 10 29 12 8 37 24 1 27 16 49 47 10 10 22 31 11 1 36 18 44 26 33 15 36 47 37 22 9 48 30 28 11 32 19 14 40 6 9 29 5 43 30 28 2 40 43 30 20 2 43 9 47 39 39 34 24 48 6 31 27 8 18 32 50 2 16 40 6 19 20 10 29 42 17 32 33 8 25 15 49 8 7 44 16 13 5 24 48 22 1 3 12 10 37 7 38 18 15 46 44 13 23 12 49 15 20 10 33 22 37 35 24 5 5 41 17 40 0 6 6 44 36 11 
1 21 46 21 23 44 3 7 5 2 14 18 6 8 8 13 1 42 32 3 29 36 34 49 3 33 2 6 48 17 11 25 50 1 7 43 2 25 13 50 17 40 44 18 23 2 31 7 13 43 28 49 31 24 10 13 36 34 22 7 40 10 47 44 31 36 17 12 31 12 14 4 2 48 5 13 26 23 40 2 34 18 43 40 19 50 5 8 33 19 38 37 40 11 7 10 1 38 6 9 31 23 40 16 13 21 19 28 49 38 2 37 43 4 32 34 22 5 38 6 48 34 1 8 2 40 45 4 26 11 8 13 27 34 43 16 22 36 18 31 44 6 10 28 4 0 12 32 1 1 
1 7 26 15 13 47 9 9 25 20 48 13 8 40 2 49 39 47 20 21 14 23 49 25 21 40 16 10 8 41 47 2 23 13 8 14 31 34 15 40 15 1 29 50 47 34 9 25 12 39 15 14 41 3 8 29 29 38 27 22 17 25 24 26 11 31 31 16 36 36 10 24 44 38 30 5 43 41 10 19 24 18 11 34 9 44 24 45 33 28 31 25 2 50 43 34 39 13 26 37 3 11 31 3 45 33 29 31 9 36 31 46 18 41 6 30 24 4 30 22 49 47 43 25 1 12 16 50 42 36 37 23 25 18 12 3 47 2 40 32 23 49 23 29 39 32 0 44 23 30 
36 48 34 45 10 12 39 48 38 35 39 31 10 21 22 44 48 31 1 26 9 43 38 49 4 25 38 39 34 49 32 10 20 43 24 8 14 49 25 31 23 40 34 13 46 15 49 48 33 18 22 13 31 49 31 36 15 10 30 34 14 47 37 14 45 25 26 30 12 50 35 45 47 44 43 49 33 45 45 10 32 31 40 46 5 1 18 27 28 28 20 12 23 39 26 28 4 5 25 31 49 7 24 48 13 28 48 12 45 37 48 1 38 13 5 50 18 49 28 2 10 44 38 45 20 49 38 6 35 48 27 29 40 7 46 50 44 4 11 47 39 49 41 31 1 20 26 0 17 26 
1 17 34 2 10 37 34 46 28 8 1 47 11 48 36 24 38 13 45 37 15 17 13 2 11 10 33 2 11 44 33 4 9 33 10 31 17 41 41 19 10 47 27 19 44 28 18 12 26 45 36 14 20 39 26 18 5 22 10 44 27 47 10 37 49 34 31 32 38 43 14 28 40 20 20 1 16 50 10 19 47 34 26 37 40 14 49 31 32 4 22 14 34 39 37 48 47 20 30 16 21 5 12 43 37 27 28 16 37 49 24 34 19 3 34 16 41 13 8 24 27 38 24 9 24 13 16 34 30 20 49 47 44 6 31 40 1 36 40 2 10 33 25 12 17 12 15 10 0 48 
15 48 12 36 13 42 12 9 42 29 25 28 25 20 25 25 16 14 34 29 22 26 18 36 12 12 34 2 20 46 8 28 19 31 49 9 50 48 4 10 42 7 19 17 16 38 29 37 8 39 44 14 6 46 9 19 42 36 11 37 5 18 37 23 41 46 50 49 19 50 1 17 50 15 28 12 24 30 31 27 2 32 17 33 44 43 2 11 1 1 3 44 25 2 43 37 9 14 37 19 42 7 22 41 1 5 26 12 31 34 44 11 36 4 31 12 7 18 20 20 16 9 21 1 8 12 45 20 49 36 17 6 36 10 34 19 8 48 34 2 39 26 44 14 16 32 21 28 4 0 
