50
5 1728
11 163
71 1987
27 2524
50 2578
67 1257
70 2129
83 2632
65 2857
78 2093
42 2601
3 116
78 2643
44 1375
73 3409
54 3374
84 1600
43 2837
44 298
30 1558
61 1718
62 2553
97 1120
47 2195
81 969
73 1976
58 2456
100 1503
54 1767
44 2162
63 2766
56 3029
36 1289
67 3007
12 3351
26 1106
23 2396
76 949
96 2416
97 2379
78 1196
35 3430
74 1421
45 1794
90 861
59 2136
40 2002
81 326
89 3039
54 3117
0 15 41 9 4 33 25 7 40 21 26 44 20 6 34 21 29 19 42 27 31 44 16 19 12 39 1 15 19 38 46 19 49 15 22 29 49 36 40 33 19 46 50 3 32 19 28 7 8 21 
3 0 41 49 7 10 50 45 9 33 33 28 26 29 23 20 16 19 14 9 43 11 10 23 19 10 49 16 42 37 19 44 41 33 18 19 12 46 40 20 34 5 28 29 8 14 14 19 34 40 
49 40 0 14 32 16 9 24 45 1 23 27 11 42 13 42 23 12 15 4 41 38 41 1 38 11 30 40 17 1 39 41 23 25 25 40 13 18 49 22 16 41 16 23 50 12 23 16 43 17 
47 40 8 0 11 27 20 37 36 17 36 40 46 12 16 40 50 22 18 23 28 5 31 37 25 17 15 41 50 20 29 25 4 40 17 8 1 22 31 27 50 27 34 45 9 9 18 43 19 14 
39 17 19 3 0 45 20 36 32 42 5 21 23 18 33 11 39 10 25 29 35 27 34 50 38 22 21 46 43 38 6 7 34 11 19 3 33 43 11 40 21 6 50 10 2 6 26 6 8 50 
47 10 20 17 28 0 28 19 19 23 21 29 2 19 11 36 18 34 10 19 44 44 10 21 25 28 28 10 46 40 33 40 10 31 21 12 47 7 17 49 1 42 10 3 6 21 28 8 36 24 
18 14 35 5 22 11 0 11 44 13 12 33 16 3 35 48 15 37 30 8 35 20 41 14 44 3 16 1 13 29 40 5 48 8 41 4 19 36 37 43 37 41 33 38 41 32 41 12 12 38 
39 20 15 16 9 30 34 0 38 22 18 47 43 3 48 3 31 32 2 22 11 46 17 42 43 44 18 5 31 30 38 15 45 38 8 32 12 5 31 3 33 41 42 1 3 35 39 37 42 48 
28 8 18 18 30 3 44 42 0 21 50 18 42 46 6 27 20 22 3 47 16 5 5 42 38 39 38 26 39 46 38 29 31 35 11 21 14 12 4 40 20 44 19 45 46 27 5 9 22 13 
44 7 34 25 39 14 50 19 42 0 40 34 11 40 42 15 43 33 30 34 42 4 17 14 2 8 22 28 44 37 29 35 13 2 8 15 22 11 29 18 14 24 3 25 22 48 43 18 39 34 
32 50 17 4 49 2 31 19 48 38 0 45 25 13 18 14 8 33 13 14 15 48 44 40 23 7 21 24 30 13 21 8 14 20 10 23 34 39 1 50 34 45 22 17 29 28 34 29 13 45 
3 16 3 14 36 48 4 9 35 32 12 0 42 18 25 27 19 20 30 49 23 44 38 37 42 43 33 48 25 9 34 44 27 45 50 8 26 13 38 28 42 43 46 24 26 32 3 42 30 5 
9 9 43 35 12 8 45 21 2 19 43 11 0 8 45 26 18 38 49 14 2 21 25 37 49 33 40 9 37 25 14 18 49 5 10 45 22 40 36 4 14 21 30 6 17 7 17 20 7 38 
43 29 15 21 17 10 34 4 41 32 31 16 13 0 25 32 35 11 38 40 9 32 10 6 35 14 12 44 2 16 32 13 21 36 34 13 33 47 19 30 5 49 20 1 34 29 22 11 12 27 
20 20 18 3 15 35 48 12 28 27 43 11 48 29 0 46 37 4 40 44 13 49 47 50 19 19 34 3 50 44 26 2 31 35 10 32 38 34 34 22 42 44 35 4 1 16 22 11 42 34 
26 7 33 39 14 30 34 48 35 20 20 29 45 36 11 0 35 29 46 25 2 1 18 47 11 44 11 36 5 27 6 21 16 26 20 11 24 2 11 19 48 32 8 18 29 29 50 37 42 34 
23 39 31 43 48 14 37 21 33 6 14 21 49 40 14 36 0 43 3 36 43 17 6 24 3 3 25 26 16 19 9 4 43 44 41 8 49 43 16 9 23 1 25 13 45 49 24 12 36 11 
4 22 44 46 34 2 37 30 1 36 18 37 48 14 23 48 10 0 31 30 41 35 7 27 50 10 49 8 37 6 18 14 29 11 40 9 46 19 33 31 47 27 10 40 41 48 32 3 27 21 
33 28 28 7 38 28 37 14 40 2 31 42 26 17 49 27 22 22 0 10 41 11 40 23 36 14 44 26 3 18 29 37 32 10 38 9 23 34 12 1 50 25 44 17 7 42 50 18 42 9 
7 23 11 45 4 29 24 22 24 17 34 11 9 48 4 45 25 36 8 0 45 48 24 32 14 38 43 6 30 8 44 35 4 13 6 3 48 13 45 21 50 38 47 44 28 32 38 47 23 37 
49 18 28 46 31 19 41 33 25 40 8 47 28 27 48 1 28 1 19 34 0 4 4 21 18 24 13 49 14 15 35 4 1 8 6 28 24 30 33 35 1 6 10 24 28 13 41 1 23 20 
35 5 30 6 7 49 37 29 28 44 24 2 43 4 48 26 40 44 47 15 40 0 23 14 5 11 30 18 29 35 30 49 31 10 44 30 27 45 1 37 27 10 49 19 25 10 4 27 37 30 
42 23 33 30 31 12 26 7 20 41 43 45 41 48 45 15 39 43 26 36 14 17 0 23 9 6 31 21 12 23 11 1 36 20 15 36 15 2 15 41 47 15 4 24 49 25 27 48 48 9 
42 26 26 49 27 11 44 36 35 16 17 28 36 49 2 30 1 6 4 13 32 44 20 0 35 33 19 46 37 48 34 19 22 27 34 34 16 21 47 42 8 25 47 45 21 38 30 44 46 45 
3 5 15 32 42 29 36 42 32 38 42 26 10 46 30 50 49 38 43 9 1 5 35 4 0 50 49 37 29 19 39 19 45 44 27 25 44 33 28 6 4 16 23 27 43 23 18 36 50 7 
24 11 20 39 26 36 33 50 8 42 8 31 15 12 23 50 22 9 42 46 26 8 27 22 34 0 13 29 37 11 7 21 14 32 39 24 2 12 48 36 27 2 15 31 43 34 37 18 28 43 
27 13 20 45 15 19 29 36 34 17 18 10 6 8 2 42 37 27 29 7 25 35 38 19 18 19 0 25 41 49 25 45 8 19 42 45 2 40 37 25 5 7 31 39 6 14 49 17 30 11 
31 31 49 41 9 17 35 11 37 10 37 13 13 24 36 48 23 10 21 17 46 6 11 15 50 1 37 0 35 23 31 18 18 40 5 10 24 41 8 32 41 31 2 47 48 26 24 32 2 43 
35 33 5 30 13 45 31 1 10 23 44 32 8 24 3 3 14 26 46 44 11 15 44 12 19 15 10 16 0 34 27 8 4 40 47 3 50 38 4 19 39 34 36 35 29 1 2 1 39 13 
1 48 4 21 6 43 31 41 44 24 26 33 1 17 8 13 2 45 29 22 37 48 4 24 20 2 33 48 12 0 14 31 49 36 15 14 28 38 43 47 29 36 38 20 2 37 43 15 21 4 
37 6 32 12 20 32 47 35 48 27 28 8 26 38 37 17 19 24 33 22 36 28 2 22 39 42 26 46 1 13 0 46 42 14 39 38 2 18 36 1 44 15 3 26 14 28 44 30 29 9 
33 36 12 9 18 21 50 3 33 12 23 10 47 9 19 12 43 21 45 41 36 1 7 2 12 5 35 13 7 16 39 0 42 28 32 39 8 47 11 10 48 31 32 22 43 27 6 29 38 10 
17 11 39 29 48 11 49 43 3 26 48 41 50 49 3 16 49 12 32 31 45 18 18 29 35 39 23 13 4 39 2 42 0 12 36 4 50 48 44 9 46 1 36 34 12 8 10 15 48 18 
20 36 38 11 4 28 31 31 21 1 30 41 43 11 25 46 47 24 33 34 43 28 25 34 6 25 25 17 2 14 33 2 46 0 44 9 31 38 14 5 24 5 19 5 41 8 22 34 40 40 
26 43 50 40 24 26 17 23 39 50 7 50 46 5 5 5 40 17 14 49 38 21 20 33 6 28 15 24 45 35 33 42 12 48 0 23 3 16 9 19 2 36 21 21 26 20 4 41 26 38 
7 23 9 17 49 11 31 47 37 11 49 11 41 10 49 49 35 9 26 14 17 7 47 46 10 27 20 40 34 10 8 48 43 41 47 0 14 38 43 10 27 42 7 19 32 47 1 43 19 11 
4 29 48 10 50 19 29 23 44 13 3 48 26 46 50 23 2 13 15 43 37 31 16 43 40 18 3 11 8 7 18 12 9 25 36 43 0 42 17 13 48 14 26 1 41 8 7 7 5 42 
23 28 22 47 11 38 34 42 24 18 15 17 16 36 37 34 40 27 39 3 43 3 44 46 36 37 25 2 17 26 17 31 31 16 45 1 16 0 23 23 42 19 13 21 11 41 21 47 44 23 
41 18 16 39 41 32 38 43 17 47 3 11 7 25 26 8 20 31 39 31 9 3 32 7 3 25 6 32 43 16 41 34 34 46 34 42 41 50 0 18 10 50 20 11 38 46 23 16 33 23 
4 36 28 18 2 24 11 4 16 34 34 42 32 47 19 11 13 42 9 13 24 26 45 26 48 43 32 34 48 13 2 16 50 42 5 9 16 10 5 0 47 11 18 13 44 28 13 48 50 18 
27 6 32 50 33 38 21 40 8 5 2 8 21 21 16 27 40 23 32 16 1 40 32 50 14 18 31 42 4 37 20 9 34 5 46 2 15 18 9 18 0 23 4 44 6 44 34 36 37 2 
40 8 9 42 6 33 39 49 34 27 18 38 40 24 30 29 24 29 39 16 18 32 2 50 7 33 22 20 39 10 26 28 49 23 16 15 14 44 46 6 22 0 31 9 1 7 7 17 44 3 
22 24 37 23 49 40 37 1 4 29 21 42 41 15 13 12 11 45 48 10 20 17 1 17 6 20 35 21 8 33 26 13 27 44 8 44 36 27 21 50 34 45 0 30 50 21 31 3 15 21 
46 1 32 26 29 14 8 14 31 21 28 20 48 16 29 20 49 14 30 7 8 16 47 1 40 27 42 48 4 6 5 33 37 26 8 25 32 23 14 14 20 26 49 0 21 4 17 9 38 2 
30 35 49 19 36 50 27 24 21 1 12 10 27 40 4 1 45 9 44 44 8 16 7 37 4 42 33 50 49 40 22 1 48 7 38 7 32 32 17 41 2 49 28 24 0 27 11 40 17 3 
38 28 37 20 22 37 1 33 10 14 22 29 5 12 2 30 8 38 2 40 50 47 23 4 2 3 50 6 14 26 8 25 29 21 31 13 44 16 29 24 48 11 2 13 9 0 7 21 50 27 
34 47 27 11 16 18 15 16 23 4 3 14 47 12 10 3 41 20 24 33 1 29 4 42 12 1 44 50 26 33 23 28 7 36 11 4 43 5 41 50 28 45 35 37 17 22 0 47 22 39 
6 39 45 47 10 42 6 23 29 9 21 13 12 34 50 47 6 26 17 3 1 28 50 36 50 42 37 33 30 24 34 14 47 8 41 47 24 38 1 50 5 10 39 35 40 39 15 0 7 35 
39 6 2 48 42 11 27 5 27 29 43 1 37 6 21 46 48 18 29 34 44 38 35 3 41 9 25 5 28 28 5 29 42 7 39 7 15 37 12 12 42 28 14 45 18 44 40 33 0 18 
44 39 24 6 47 27 11 44 19 24 12 37 50 46 36 8 10 20 37 5 5 31 31 18 19 33 24 7 28 6 46 8 7 23 38 28 15 47 15 22 17 18 23 1 16 15 15 12 43 0 
