50
34 47
83 93
83 102
64 73
7 25
99 126
96 96
96 98
34 39
37 39
30 52
85 108
53 69
57 86
9 11
68 83
93 97
67 90
90 119
61 83
54 70
23 49
55 77
25 42
97 125
81 100
21 29
28 50
17 29
18 27
65 95
29 37
73 93
75 97
35 51
79 81
52 81
49 79
2 3
27 35
77 107
53 63
60 67
66 93
52 52
59 84
23 40
36 58
62 63
19 22
0 19 15 23 30 20 7 16 18 11 29 17 20 9 9 4 4 12 23 1 28 23 28 17 5 9 22 9 8 5 5 7 8 30 14 30 27 22 29 0 11 18 6 1 19 19 10 14 27 12
10 0 21 6 8 11 12 8 19 27 25 23 9 6 9 15 8 20 4 2 7 0 27 22 15 6 16 30 19 18 12 16 1 19 7 21 27 10 0 14 20 18 14 0 8 12 28 13 21 11
19 19 0 10 20 20 12 19 17 6 24 23 8 7 19 14 20 4 13 23 21 23 27 9 15 5 6 29 2 0 20 4 17 15 8 26 29 24 16 27 19 25 14 5 9 15 18 4 7 19
16 2 7 0 10 28 7 2 26 22 21 6 10 16 30 11 25 25 8 14 26 19 27 28 25 16 5 19 25 22 7 10 9 18 25 8 5 27 10 20 24 10 21 26 4 19 4 14 16 30
16 26 2 3 0 9 30 28 27 12 18 28 6 19 4 8 18 23 5 21 11 27 30 9 18 3 14 4 20 21 2 2 13 16 0 14 10 4 29 4 20 13 16 27 11 26 24 10 29 18
12 2 6 3 17 0 27 14 13 24 5 19 16 22 4 22 9 23 3 5 30 28 30 16 4 15 18 30 23 16 16 27 3 12 30 1 11 11 20 5 22 15 17 15 7 16 26 22 11 30
24 24 21 10 30 1 0 17 13 30 21 16 15 16 10 27 8 3 25 9 7 9 24 5 16 8 11 22 3 13 27 21 24 20 4 24 11 23 26 25 23 11 16 25 29 11 29 21 25 2
21 2 9 9 11 6 2 0 8 13 26 18 13 0 3 2 19 21 29 23 3 18 22 4 21 15 16 4 4 22 30 27 3 24 19 25 11 10 4 28 19 1 23 14 0 11 0 16 2 9
29 19 9 18 13 26 0 7 0 30 11 22 6 0 13 29 13 22 7 2 17 4 29 13 12 30 21 6 6 8 15 17 15 26 14 13 26 2 28 4 22 11 16 19 9 19 6 3 13 21
30 27 24 12 30 0 15 3 19 0 6 22 21 3 3 3 2 13 3 5 13 30 11 14 12 24 22 16 28 25 13 5 5 28 12 28 1 11 16 11 14 0 12 17 20 13 20 8 4 16
30 30 26 18 29 20 9 17 5 8 0 30 27 24 26 8 12 25 20 4 0 6 28 15 0 6 13 12 19 8 8 15 8 1 5 14 29 8 19 26 6 14 21 1 21 8 5 16 24 17
21 15 8 12 16 30 1 20 27 2 29 0 21 29 29 10 3 15 2 22 22 8 20 28 7 14 14 11 13 1 10 13 22 16 19 20 16 18 24 15 26 23 9 3 11 7 20 0 8 17
16 10 7 18 28 30 29 16 26 3 5 1 0 13 19 18 0 3 19 12 9 15 9 22 13 4 2 10 7 15 5 20 22 7 25 26 28 9 17 6 19 16 11 7 30 20 27 29 27 12
7 29 14 19 24 13 15 1 8 19 3 13 0 0 16 0 6 11 21 22 10 13 7 18 5 8 2 1 24 14 17 15 26 7 19 6 29 0 7 28 26 11 24 15 7 0 6 3 23 21
22 25 22 29 16 16 20 0 26 8 28 28 22 22 0 5 14 13 7 23 5 11 4 26 24 13 15 11 30 27 5 2 8 24 3 30 1 17 23 24 21 12 2 8 4 27 20 0 13 19
11 10 28 27 16 17 9 28 21 27 9 4 8 18 10 0 1 24 13 6 20 20 11 5 16 28 18 9 3 20 23 1 22 5 10 20 29 28 7 28 29 4 1 10 22 16 2 24 30 12
15 17 5 14 1 17 19 15 29 19 14 2 3 0 29 8 0 27 10 7 6 29 23 18 6 30 17 25 26 22 20 21 22 5 22 6 2 5 6 19 27 29 7 15 23 27 4 2 15 8
23 19 2 28 5 18 10 2 5 15 24 3 30 3 27 17 12 0 19 2 12 25 8 16 30 17 11 22 14 4 23 14 0 1 30 0 0 0 28 23 15 7 23 18 26 8 3 13 8 11
24 26 28 23 4 29 13 24 16 27 12 12 28 12 13 14 3 2 0 25 13 14 23 16 9 6 1 0 4 14 21 7 27 13 23 17 15 5 4 26 3 22 26 18 17 19 26 21 12 4
17 20 19 15 17 26 25 16 5 17 1 5 12 11 23 13 2 20 18 0 14 12 22 8 7 6 11 25 16 0 6 3 4 20 17 4 21 22 23 26 21 1 27 29 17 20 13 20 30 5
11 28 30 18 4 24 16 19 0 12 28 24 5 3 20 20 22 15 1 21 0 14 1 10 8 21 5 12 1 13 25 5 26 22 18 16 5 22 25 18 4 18 21 26 0 7 3 27 22 18
16 17 15 27 23 30 16 26 1 0 9 19 30 21 7 6 19 12 15 0 22 0 5 23 20 27 3 6 22 6 17 14 16 23 1 2 26 6 27 30 11 11 11 12 7 23 1 30 5 29
11 14 25 19 1 16 28 23 16 29 18 15 19 28 1 22 28 20 20 24 28 23 0 9 1 10 26 10 19 4 5 27 18 3 4 16 20 5 10 1 7 11 2 7 24 19 10 24 10 3
12 27 9 20 22 4 26 12 14 26 29 27 29 7 1 10 26 14 10 9 24 1 17 0 12 17 10 26 15 19 5 0 8 10 15 23 3 2 14 14 12 11 11 20 5 28 19 3 8 7
13 14 18 15 27 21 17 27 9 21 20 18 21 15 20 19 20 8 11 0 30 28 10 2 0 5 0 18 30 22 13 12 28 16 16 5 16 1 24 4 28 6 23 17 10 27 28 9 15 17
19 15 19 21 6 5 21 19 20 19 29 1 23 12 1 2 22 27 27 25 20 16 18 0 9 0 12 30 29 28 30 21 6 19 24 3 22 16 2 6 2 6 3 27 12 27 6 20 11 7
27 3 15 10 22 17 6 20 21 27 27 6 17 30 28 15 18 13 21 26 9 4 28 2 6 18 0 11 17 14 17 1 28 8 5 1 11 2 11 22 3 19 29 15 10 11 15 0 27 9
30 4 27 9 1 11 7 13 26 8 20 15 23 20 30 27 8 13 15 19 0 6 19 7 0 18 27 0 20 1 9 26 20 17 3 7 15 3 9 19 22 1 10 21 12 20 18 27 1 13
29 8 18 30 30 30 6 25 7 5 5 4 22 14 2 1 18 7 3 22 7 22 17 5 7 15 1 2 0 20 16 24 27 14 10 27 17 26 30 14 1 4 13 19 11 2 13 29 21 14
2 12 29 28 12 20 28 15 27 2 1 25 9 2 23 7 18 6 23 18 1 4 23 28 25 26 30 25 19 0 12 15 11 20 9 27 27 0 23 1 15 2 15 6 4 20 10 23 9 14
22 29 21 23 23 25 24 28 22 20 2 6 19 3 27 28 12 24 19 27 28 30 20 20 30 6 23 25 30 23 0 20 29 21 24 4 24 26 24 23 20 7 0 4 28 4 14 1 25 4
10 17 12 16 19 14 17 25 2 14 14 26 13 26 1 10 5 23 29 20 7 11 22 13 18 20 1 7 16 12 16 0 4 3 25 27 7 13 7 13 21 19 22 3 4 28 21 20 29 15
21 26 1 11 12 15 0 21 24 26 11 21 9 27 22 23 16 27 29 12 6 20 16 13 10 13 17 4 2 23 14 8 0 28 24 20 4 28 7 15 9 13 29 28 25 6 1 19 27 11
21 30 5 9 23 29 15 6 17 24 8 17 12 4 5 0 3 25 18 15 9 25 20 30 0 7 25 6 26 28 3 28 29 0 19 19 11 22 20 22 5 17 7 29 27 23 24 12 22 17
18 20 21 9 16 20 0 16 21 15 21 8 14 15 6 4 23 21 30 1 30 26 11 24 8 17 6 22 26 2 30 3 25 21 0 29 10 23 25 12 8 9 1 10 25 5 30 14 5 3
29 24 25 17 24 24 30 2 7 14 26 13 11 6 30 28 1 29 9 10 28 6 26 1 26 6 9 27 12 27 25 7 28 5 25 0 24 8 0 11 16 11 16 4 12 22 3 13 8 14
7 20 17 14 11 29 22 29 4 27 8 12 11 24 25 9 17 25 25 9 12 13 5 2 19 28 0 27 28 16 14 21 24 22 19 25 0 30 24 28 25 21 2 26 5 16 25 23 10 1
14 22 8 27 12 28 26 10 8 12 0 27 16 28 12 29 23 13 27 25 7 17 3 9 6 18 19 26 15 6 4 6 19 13 1 12 16 0 8 27 26 0 5 23 0 5 16 7 1 28
30 13 28 6 26 0 15 18 11 10 12 1 29 5 16 6 2 8 11 25 5 9 24 4 17 28 16 6 19 22 6 28 12 20 24 11 18 25 0 7 24 24 15 25 28 0 9 7 3 2
20 21 25 2 26 2 7 30 17 30 13 14 20 29 2 26 9 26 23 12 24 23 3 30 5 12 7 10 13 15 17 11 0 26 25 22 4 25 4 0 8 14 15 22 1 8 30 9 14 18
2 4 27 30 16 3 15 3 15 15 29 15 0 0 26 15 24 1 18 25 2 14 7 12 9 26 21 16 13 20 2 16 20 5 18 1 14 18 25 17 0 29 20 27 9 27 2 0 18 18
13 8 8 24 17 6 11 19 6 2 2 21 11 4 16 10 4 25 8 1 7 4 9 30 2 20 24 22 9 25 21 17 9 10 9 28 28 6 16 11 4 0 27 19 22 26 19 30 17 21
21 27 14 29 0 11 23 24 11 29 7 9 5 22 20 6 10 18 1 20 10 15 29 22 30 19 5 9 25 2 10 26 25 12 24 14 6 28 11 5 22 29 0 18 30 4 5 9 29 1
29 26 3 10 25 23 23 8 15 27 15 8 8 7 12 10 0 8 16 27 26 5 4 22 5 29 25 7 30 10 28 9 3 28 29 3 13 14 15 6 28 21 19 0 29 0 7 2 14 19
14 20 0 23 25 4 17 10 10 5 3 12 25 12 1 29 13 9 19 6 6 15 28 16 15 1 3 22 27 10 16 28 0 26 4 5 15 28 4 13 3 17 16 26 0 27 10 28 6 6
5 23 2 29 30 5 5 28 18 20 26 15 3 0 23 8 25 30 17 7 20 10 27 9 28 16 14 8 18 30 20 1 17 8 9 10 21 1 11 1 19 13 8 6 22 0 20 4 16 30
16 5 16 1 11 8 19 6 1 5 3 25 24 14 29 15 8 2 5 26 17 6 14 9 5 18 15 9 9 30 13 10 0 5 6 6 7 12 4 30 7 3 15 20 18 25 0 6 17 4
23 2 22 16 3 4 20 18 22 8 23 17 20 4 4 19 16 11 1 14 13 6 27 23 14 30 8 18 25 11 16 28 0 28 29 27 17 4 5 21 17 6 23 24 30 25 18 0 27 15
10 1 21 20 19 20 17 14 22 6 25 8 25 29 20 26 5 27 23 18 14 29 4 12 17 5 16 6 18 16 2 25 22 19 10 14 0 21 8 15 25 12 13 14 18 22 23 8 0 5
6 7 21 4 14 1 17 7 7 24 7 14 13 8 12 6 9 6 4 1 10 20 22 3 11 19 7 22 8 3 11 26 9 17 30 26 14 21 0 17 3 28 12 1 15 28 22 23 21 0
