100
55 56
52 61
26 43
78 89
51 52
45 53
96 121
72 98
20 29
66 87
75 75
32 62
28 56
57 62
91 116
96 123
1 14
30 59
35 45
15 26
9 33
33 39
16 39
60 62
77 79
14 33
18 25
46 64
30 34
89 102
83 99
10 36
11 27
34 53
74 83
8 19
80 102
72 89
37 46
92 116
62 69
94 102
17 32
24 34
47 48
42 45
54 79
22 50
73 83
7 29
56 85
85 96
30 43
51 61
31 36
80 103
42 65
28 28
99 104
8 29
77 103
21 29
56 67
58 83
32 58
31 59
23 32
49 72
40 42
9 13
76 76
25 41
38 40
70 100
3 10
66 76
13 15
35 41
60 80
5 17
72 98
57 67
10 33
63 80
40 64
57 80
25 34
20 44
5 7
13 27
21 41
60 90
28 57
73 78
55 61
12 23
5 34
84 107
49 59
80 97
0 1 0 15 22 19 14 18 11 26 29 7 25 19 17 20 25 8 29 2 27 23 7 14 3 2 7 15 6 15 7 25 11 1 23 17 11 0 6 2 24 9 26 14 8 9 30 14 9 1 21 11 17 17 20 22 21 1 14 7 21 30 9 6 30 0 0 23 4 9 23 15 29 28 10 19 6 25 12 22 0 30 26 4 27 12 2 16 8 1 3 6 25 30 10 26 16 28 14 8
28 0 26 24 13 16 6 22 5 4 6 5 21 18 30 3 11 4 21 11 16 9 2 13 22 1 27 28 28 12 14 7 15 27 3 2 0 29 22 11 12 0 5 1 8 22 28 7 26 10 10 8 26 14 6 10 6 29 30 23 30 6 4 19 8 10 27 3 10 25 29 3 8 17 22 1 19 1 8 18 27 21 13 2 21 24 4 13 0 9 12 22 22 24 9 13 16 13 13 2
29 3 0 27 12 8 14 10 6 0 30 28 8 13 11 25 19 30 12 29 29 2 0 2 10 4 15 3 21 6 0 11 20 17 17 11 18 11 9 17 3 1 3 1 15 24 3 25 15 27 20 24 26 9 9 16 25 22 4 5 14 4 25 16 26 15 27 25 10 0 1 1 7 14 25 5 8 11 26 24 23 26 17 23 15 8 23 22 13 17 21 23 19 29 10 17 11 4 16 7
25 19 16 0 25 20 27 4 29 6 24 30 15 23 19 19 27 27 25 26 24 13 15 9 7 0 3 24 11 2 0 1 20 9 3 28 9 16 9 7 29 2 2 24 29 21 19 13 19 15 11 24 25 27 1 1 8 29 11 13 26 15 22 11 19 27 7 10 14 2 13 14 16 30 5 12 22 0 10 18 23 3 16 17 11 4 25 5 7 23 19 13 27 29 25 21 18 21 18 8
14 26 5 13 0 21 23 5 28 7 7 19 3 4 14 29 19 16 26 16 29 21 11 13 28 18 23 0 14 8 18 13 10 10 6 30 17 5 6 0 18 28 15 9 10 8 30 2 13 27 30 8 9 5 19 21 30 15 1 24 19 13 21 11 16 14 6 12 15 6 16 10 16 6 14 22 11 9 20 9 1 17 10 7 7 12 18 15 0 20 7 17 13 22 1 7 11 13 19 24
22 19 12 18 16 0 4 16 4 15 1 7 17 21 8 8 27 16 19 29 5 4 5 4 1 0 22 2 1 11 14 25 12 21 19 23 7 12 24 24 11 30 15 15 20 6 24 10 30 14 6 12 13 18 26 18 6 4 6 15 8 6 26 16 7 13 26 2 10 7 30 4 21 24 28 9 5 16 0 24 22 26 2 11 3 23 2 22 11 11 28 15 6 5 27 0 3 23 28 8
28 8 21 26 10 15 0 2 0 20 27 13 21 29 22 26 17 13 6 22 15 1 18 12 3 15 21 8 16 5 29 24 6 8 15 25 2 20 11 7 27 3 4 0 0 27 7 2 6 24 15 18 25 7 17 8 21 8 16 20 17 9 28 21 20 17 12 8 8 30 26 10 3 21 26 28 17 29 27 8 23 27 21 2 11 18 2 4 26 23 0 13 8 3 8 1 20 9 29 15
6 23 28 10 29 10 0 0 22 24 5 6 1 2 14 3 7 4 5 20 21 29 9 25 4 29 19 12 15 20 6 13 7 12 4 1 11 7 5 19 1 18 17 0 18 22 19 24 12 17 15 8 20 15 10 20 13 10 7 11 0 17 25 22 11 1 21 13 21 20 3 25 0 4 9 21 15 16 17 24 19 13 0 9 26 17 17 6 11 7 29 24 26 20 24 14 11 17 18 4
10 26 14 17 2 5 15 27 0 0 5 8 14 14 6 11 23 0 18 1 20 9 21 21 29 23 1 7 5 10 12 15 17 28 19 4 10 25 6 16 16 4 10 26 14 25 26 23 25 21 21 14 3 19 14 19 17 1 6 19 13 16 20 25 11 7 21 25 15 17 10 26 24 22 0 1 1 27 22 10 14 6 25 17 22 20 3 1 15 25 14 11 9 26 8 19 26 5 2 16
11 4 19 2 3 16 18 24 6 0 25 3 17 22 17 15 11 13 13 0 15 17 6 5 27 5 8 1 29 14 4 28 30 16 16 21 18 21 5 18 23 11 24 3 6 22 19 9 25 19 23 24 9 27 7 19 30 16 13 17 22 10 10 30 25 6 25 18 16 19 15 9 13 18 2 23 17 21 2 15 22 29 2 15 16 10 21 5 12 21 12 17 14 26 30 0 14 29 24 25
25 11 0 13 29 28 7 24 27 20 0 0 28 23 27 27 24 23 19 11 22 25 26 19 5 16 22 28 18 8 28 28 19 19 19 2 12 5 18 19 25 8 9 12 19 21 1 1 25 29 11 1 8 0 16 24 4 7 17 7 28 1 19 19 15 23 19 2 26 21 11 13 25 2 25 13 17 27 2 12 25 26 5 26 0 18 10 21 10 17 22 27 16 28 10 26 3 23 5 17
30 17 28 4 14 29 2 23 19 26 4 0 16 17 24 10 4 5 27 0 6 5 23 1 17 16 21 4 29 16 24 17 30 26 19 7 7 29 30 16 12 9 11 0 10 23 14 13 20 28 3 29 27 0 21 16 15 25 1 24 12 7 5 23 28 29 8 26 6 8 16 21 13 29 22 24 23 10 29 28 26 11 24 21 7 14 25 15 2 28 27 25 9 19 2 17 29 15 11 4
15 9 17 13 9 18 7 11 6 25 30 16 0 2 2 30 22 20 18 18 7 11 26 28 5 12 6 23 15 12 12 28 18 9 4 30 6 30 11 22 10 23 11 29 29 17 4 24 6 15 20 15 1 11 16 16 4 16 22 6 4 30 27 20 24 12 1 19 7 23 5 8 6 17 25 18 0 30 16 1 29 9 4 17 0 5 13 7 0 14 6 5 6 24 14 7 17 20 23 13
12 29 0 24 11 23 25 20 13 12 12 13 17 0 21 8 26 0 0 26 6 14 27 30 14 10 10 26 11 0 10 17 3 3 25 20 2 21 25 5 29 12 3 13 1 9 5 16 12 30 0 28 13 16 9 8 25 30 25 8 11 27 20 2 13 4 3 11 12 6 27 21 7 5 17 3 27 11 26 2 12 30 20 5 8 8 18 24 6 7 5 14 14 15 22 22 5 5 7 3
15 9 3 30 0 10 22 28 0 4 22 12 20 14 0 29 3 19 27 6 17 6 4 25 8 14 0 2 22 9 26 1 2 3 25 18 16 22 29 12 20 6 14 10 2 9 1 15 9 2 22 9 20 2 23 21 4 25 4 26 18 25 17 7 17 19 14 7 10 13 18 29 13 23 0 27 28 28 27 6 11 26 10 20 17 23 28 8 4 23 15 23 10 5 0 19 24 23 4 8
3 11 27 0 5 12 19 26 10 4 2 27 10 23 0 0 6 18 20 18 10 28 2 17 6 13 5 16 8 23 3 0 28 6 3 12 30 7 27 20 22 16 10 23 3 27 26 14 12 1 25 0 15 20 4 4 4 30 29 3 5 24 29 16 19 20 3 18 14 29 10 20 1 13 11 2 28 27 20 6 29 22 10 14 14 23 4 15 17 4 11 12 12 25 16 9 20 19 4 5
27 3 7 10 14 27 20 24 2 21 25 22 0 20 2 23 0 21 11 7 28 22 2 4 29 3 6 19 11 17 28 16 25 25 8 5 29 7 21 5 19 22 3 8 10 6 19 1 21 8 20 22 11 16 16 14 13 6 7 17 3 21 25 29 6 0 12 9 7 29 2 25 24 25 16 19 14 12 23 20 22 4 13 22 21 4 19 8 26 2 20 7 25 21 24 28 29 3 15 0
27 0 8 24 4 1 29 16 10 28 22 13 17 12 23 27 7 0 27 15 12 5 30 15 30 11 14 17 22 25 11 15 30 2 28 17 22 21 9 10 1 20 16 27 0 3 16 21 7 14 16 19 19 29 5 24 28 9 12 12 0 19 23 23 4 21 12 17 18 30 5 2 14 26 20 28 21 18 30 29 30 0 21 7 14 12 28 22 4 11 29 28 27 23 3 25 5 7 16 28
27 5 28 2 17 13 21 29 9 22 23 0 5 3 15 10 1 15 0 29 1 18 7 7 17 10 1 28 1 29 23 11 26 2 9 26 10 5 28 26 14 9 1 3 13 24 22 8 18 29 5 3 29 0 17 1 13 25 9 24 24 15 5 0 27 8 23 5 26 0 28 21 27 4 21 9 16 4 30 26 23 7 0 17 25 1 8 11 21 12 28 20 21 10 25 14 19 14 8 14
17 11 26 4 4 0 13 26 17 25 4 15 30 4 19 26 23 8 8 0 17 5 9 20 22 14 15 7 28 24 25 6 6 15 24 10 20 3 0 27 9 8 0 30 8 2 0 11 10 22 1 24 22 18 12 17 28 0 28 23 21 1 4 21 30 5 25 3 24 8 27 22 3 10 7 21 3 7 27 5 10 26 28 28 4 27 7 6 9 20 19 28 4 27 28 21 28 20 14 0
3 14 22 8 24 30 5 8 9 6 27 1 30 26 26 12 14 27 9 9 0 18 10 16 24 5 0 5 21 0 26 1 27 21 27 21 20 4 19 23 13 5 0 2 18 8 11 7 5 28 24 30 25 24 9 16 25 4 15 24 9 4 7 18 24 28 2 22 21 16 21 14 14 11 4 17 22 23 21 10 7 30 18 9 13 3 4 15 16 1 5 9 23 27 30 9 5 16 0 30
3 23 28 4 18 25 23 11 4 3 29 0 25 3 20 23 12 3 4 30 29 0 19 23 28 3 13 8 21 24 8 3 9 6 22 3 28 2 7 9 10 9 4 3 7 0 14 5 26 14 13 14 21 18 19 30 27 19 11 0 10 1 12 17 28 26 14 17 9 28 24 18 6 21 14 15 27 1 25 20 30 30 1 21 10 19 0 2 14 30 5 15 3 9 16 26 21 2 30 13
29 8 10 14 4 17 0 12 13 0 23 1 3 23 14 6 23 11 29 25 18 5 0 11 19 27 26 13 24 7 3 25 26 13 28 14 17 1 22 8 13 6 11 24 13 30 4 12 10 23 7 24 22 19 7 0 7 7 10 3 22 21 26 10 9 23 30 27 5 22 10 2 27 22 5 13 20 10 9 16 5 5 14 3 22 1 3 20 27 1 20 12 3 15 22 18 25 17 5 18
5 23 3 23 5 24 17 24 18 19 29 24 19 19 8 2 17 14 14 14 0 5 16 0 29 9 22 11 5 1 22 0 15 22 11 29 13 3 4 19 11 7 10 25 20 19 11 19 29 6 25 30 3 24 19 26 30 8 26 26 18 18 27 7 24 23 15 1 28 9 2 14 24 17 24 16 21 9 10 3 23 25 1 7 2 16 7 0 3 24 16 10 10 25 26 27 16 18 22 1
28 19 27 16 0 25 17 12 1 4 16 7 0 22 11 3 24 12 17 8 24 9 17 27 0 28 27 15 11 29 22 30 15 10 25 19 22 0 14 11 8 29 16 0 12 25 19 5 24 12 15 29 9 7 0 3 4 8 8 19 9 20 30 29 2 5 5 14 2 30 23 29 18 14 15 14 14 10 16 23 25 11 11 5 19 29 19 27 13 7 20 11 9 6 7 13 13 20 20 0
6 14 29 17 4 5 22 18 19 5 6 23 25 27 10 18 17 8 11 16 6 5 8 21 26 0 5 17 26 11 1 24 18 11 16 25 20 2 2 30 18 14 16 13 17 1 25 27 8 1 1 18 6 29 19 19 25 13 23 5 24 6 5 1 4 23 0 8 18 0 16 13 19 21 19 16 0 16 24 5 9 30 25 10 7 21 19 10 12 28 26 25 16 22 23 22 5 30 2 17
30 28 15 2 21 6 4 19 18 30 7 8 12 30 14 22 7 30 7 28 22 30 20 9 10 18 0 30 25 11 9 17 17 13 6 12 22 21 18 19 5 6 10 0 13 26 30 24 26 5 18 12 23 11 10 19 12 11 11 23 28 18 10 10 28 1 25 21 17 19 15 3 18 15 17 4 10 9 17 14 15 21 8 29 2 28 17 19 26 6 22 15 13 10 5 25 23 15 9 20
21 25 29 5 10 24 18 3 17 28 2 26 0 1 25 18 28 7 0 6 17 1 0 2 14 6 25 0 16 0 22 16 18 25 5 6 7 21 6 28 13 11 29 13 0 1 28 16 23 30 20 2 21 16 20 0 18 17 30 0 14 16 30 30 28 27 10 3 24 24 22 2 7 20 10 14 28 10 19 27 24 27 26 6 25 17 1 1 10 25 28 17 8 22 29 22 0 6 6 27
5 25 30 17 8 22 6 17 27 7 25 19 8 25 21 20 10 25 18 13 22 1 27 0 3 17 20 28 0 0 9 25 17 6 23 2 13 21 8 8 5 24 7 8 6 0 19 22 21 12 18 3 30 13 17 6 24 3 22 30 13 17 24 12 29 30 25 28 7 14 10 13 12 7 10 0 23 21 29 27 27 20 22 10 9 18 3 25 8 0 16 18 15 3 23 8 24 18 10 0
12 8 25 16 18 27 7 18 22 4 21 1 24 1 7 19 19 9 18 6 15 1 16 11 15 20 2 1 23 0 26 19 25 13 6 17 7 2 18 1 17 15 10 14 14 17 29 0 8 7 1 1 14 10 5 14 30 26 22 30 13 23 22 27 12 19 27 23 14 1 4 1 7 4 23 29 2 5 3 23 21 4 5 10 28 1 21 29 9 28 28 19 27 22 18 20 11 22 12 26
21 3 23 3 18 30 24 4 9 22 13 28 22 27 10 3 28 27 0 20 8 7 11 1 30 27 25 27 24 24 0 20 30 6 12 11 7 7 27 16 24 18 28 23 22 24 4 30 5 2 17 17 23 9 3 21 15 18 0 21 12 11 13 9 30 3 5 17 1 2 23 22 20 22 26 0 21 6 10 8 28 14 13 25 5 8 23 7 23 20 21 27 23 27 6 26 1 30 19 28
23 19 30 6 8 23 24 20 1 27 3 14 13 15 1 18 13 9 22 29 28 20 3 4 8 15 14 25 1 30 2 0 28 22 18 6 2 7 26 21 25 11 9 20 24 16 23 19 7 1 27 23 17 21 8 29 30 27 22 22 15 18 2 19 1 23 19 0 4 19 19 27 10 6 26 11 0 22 13 0 28 18 4 10 16 13 5 18 12 21 2 25 14 13 22 18 13 18 24 7
8 21 28 29 22 13 9 9 13 5 4 7 30 15 12 8 23 3 16 23 22 15 11 27 30 20 12 4 0 11 23 22 0 19 10 20 22 7 4 28 28 30 19 18 28 25 29 23 18 29 27 0 23 6 23 13 17 17 29 19 25 21 5 22 3 21 16 24 27 12 28 22 29 1 4 6 18 6 22 18 27 3 14 23 29 18 20 12 4 0 28 6 17 0 2 17 3 17 7 21
20 27 12 15 2 5 17 26 23 9 6 23 6 21 25 12 10 24 17 3 15 7 4 15 2 14 29 24 13 10 7 0 25 0 19 27 16 8 10 14 7 22 22 12 0 4 23 28 19 23 8 5 15 23 5 10 18 2 9 23 8 18 6 7 30 14 1 0 20 24 1 12 24 25 15 22 11 2 10 17 23 26 17 2 28 25 1 23 15 5 16 14 16 8 19 11 15 24 26 16
21 10 4 8 2 8 22 23 8 23 2 9 6 5 20 14 23 21 2 2 13 16 18 26 3 10 25 25 24 5 26 30 13 20 0 9 10 11 1 26 5 19 3 3 30 12 26 4 19 20 20 9 1 30 22 7 26 23 13 6 30 9 4 4 3 18 16 2 22 22 10 22 30 24 28 8 4 30 29 22 28 29 19 21 5 27 21 8 15 5 29 19 16 12 2 13 11 19 20 17
12 13 26 24 14 14 2 13 17 13 21 26 19 8 24 21 28 14 2 6 12 19 11 21 23 9 19 11 10 16 21 24 7 11 15 0 25 5 15 26 11 30 3 12 24 16 18 29 26 3 23 5 6 29 7 3 30 19 21 4 19 13 9 25 4 29 23 5 16 27 14 9 11 4 7 12 6 30 25 22 5 26 19 5 1 15 5 19 18 7 21 5 7 6 23 20 15 24 26 10
0 12 9 9 28 2 24 18 26 21 4 5 6 14 30 4 24 11 21 7 0 27 5 21 14 15 15 8 0 11 5 28 20 18 22 10 0 14 30 12 30 5 23 24 6 25 23 25 23 29 20 28 20 10 18 9 15 10 20 22 17 24 4 20 20 10 16 2 4 2 14 30 1 14 18 28 4 24 11 23 5 12 26 29 25 6 6 2 2 0 28 6 10 16 22 4 25 3 15 13
12 16 27 30 12 26 16 20 10 24 2 12 13 0 5 22 16 29 15 23 29 21 15 16 0 20 14 4 25 24 0 23 29 12 16 26 26 0 19 18 12 24 16 9 7 0 0 3 19 22 17 10 25 10 17 24 21 9 12 19 28 26 3 14 3 4 13 14 8 25 28 18 10 28 16 6 5 23 17 2 8 15 13 27 25 27 22 30 27 24 29 15 21 1 25 8 18 6 8 10
4 6 11 1 19 21 21 2 1 23 7 3 2 11 14 4 14 10 26 7 5 5 4 6 12 21 30 4 28 15 28 15 18 21 6 7 26 21 0 23 5 23 4 23 9 21 15 21 12 13 30 25 6 7 4 19 11 13 1 0 14 20 16 7 17 15 7 27 2 29 6 30 30 2 29 9 27 11 25 1 3 15 17 19 27 14 26 22 30 8 3 16 0 9 21 5 27 19 13 17
19 28 29 5 6 11 29 8 15 27 17 21 3 19 18 7 4 23 19 7 20 13 12 0 24 3 23 6 29 11 28 1 23 11 26 2 9 20 15 0 22 17 13 13 12 22 5 23 4 17 3 27 24 23 20 2 22 5 30 18 6 14 29 26 8 29 6 9 5 17 24 1 3 8 10 27 21 25 4 18 11 30 15 5 4 30 16 0 4 13 25 19 0 14 25 2 17 17 10 11
8 25 5 2 30 8 19 21 2 13 28 10 0 22 3 5 30 9 10 28 17 21 14 5 26 2 25 13 19 4 28 22 23 13 18 6 13 7 22 13 0 23 7 25 5 12 13 28 25 19 1 30 6 7 15 28 15 17 17 0 26 27 9 13 5 5 4 19 21 27 22 16 15 26 21 24 17 8 30 30 0 10 23 1 22 5 26 0 11 25 22 29 16 20 11 18 20 10 19 3
4 19 30 22 13 15 8 19 15 15 11 12 22 14 12 8 12 29 20 14 10 13 1 29 27 23 24 3 28 21 16 15 28 15 24 0 6 27 4 18 25 0 15 28 7 12 15 12 10 29 5 3 6 16 16 16 9 20 9 20 5 6 7 25 20 26 13 6 10 22 21 22 21 21 13 7 26 19 1 6 28 13 23 6 28 19 17 19 1 4 18 9 12 10 28 8 13 3 26 4
19 19 10 29 8 25 24 6 16 13 7 5 12 13 25 30 26 17 20 26 23 10 2 29 12 2 5 18 13 15 17 2 0 13 10 26 22 9 26 11 1 4 0 29 15 17 0 2 1 25 2 25 5 15 24 27 22 20 22 29 11 20 22 27 16 30 11 5 12 13 2 7 28 15 5 17 16 3 18 4 18 20 23 23 27 4 8 28 5 1 3 18 24 22 3 6 22 15 30 0
12 30 28 8 13 13 7 11 29 11 8 17 9 3 8 1 24 30 25 28 21 24 1 3 11 8 16 5 23 27 27 26 0 30 28 3 9 20 27 12 14 28 29 0 7 28 2 17 6 6 8 27 11 23 5 1 13 0 30 19 16 7 29 14 3 18 11 4 0 30 2 2 30 25 22 16 14 17 11 5 2 9 29 22 14 9 9 30 12 27 5 19 18 21 11 13 20 28 28 19
19 17 25 12 16 26 9 24 22 2 29 12 28 0 19 0 13 2 7 12 28 5 24 14 4 19 23 17 14 18 29 21 0 14 7 26 28 9 11 3 27 21 3 3 0 5 8 23 28 27 17 18 24 25 12 2 8 10 2 22 15 22 2 24 3 20 23 28 26 26 13 28 9 23 29 7 13 10 10 3 16 21 28 4 26 24 20 21 26 3 3 3 16 26 23 28 30 22 14 28
18 12 20 13 22 0 7 12 27 28 22 15 3 8 0 15 5 4 26 15 20 11 28 3 23 26 23 21 5 23 7 5 3 2 17 10 12 2 26 11 2 6 17 20 11 0 24 27 10 12 27 30 18 11 18 26 0 30 9 10 10 11 15 28 17 2 19 28 21 4 13 25 2 29 21 9 19 28 29 15 11 14 3 1 26 11 25 13 24 18 29 1 26 24 19 26 17 9 30 30
29 15 12 23 26 4 23 4 23 19 11 0 4 0 25 4 10 23 29 30 20 12 13 17 30 7 14 28 7 14 25 27 4 9 22 12 24 15 0 4 14 18 9 0 4 30 0 1 10 27 20 23 12 30 3 9 29 18 12 20 0 16 29 2 5 5 8 1 25 13 7 24 11 22 6 15 27 30 30 26 25 16 11 16 7 7 13 26 19 14 9 12 15 12 19 29 25 6 4 30
3 10 4 14 22 5 7 2 22 2 29 0 27 7 4 9 4 17 0 30 14 12 3 10 11 30 1 13 10 21 23 11 24 11 27 18 25 24 28 25 1 5 19 12 19 14 23 0 22 12 10 25 15 6 20 27 17 23 26 23 24 8 9 4 18 29 13 0 1 27 24 25 20 5 21 7 13 19 2 5 19 14 4 16 12 28 21 28 18 3 27 19 1 1 8 7 2 14 9 25
27 22 28 13 17 28 0 15 18 27 21 24 19 19 1 13 14 8 8 19 0 9 29 9 10 3 18 28 3 26 7 21 21 23 5 28 29 4 10 11 6 22 23 13 1 25 27 27 0 23 13 4 25 8 5 10 23 18 4 24 10 27 30 14 19 18 0 8 13 19 8 30 15 9 10 22 21 7 9 25 2 4 19 14 4 28 15 12 28 20 7 11 1 24 22 4 1 12 13 0
6 0 1 10 29 8 22 25 6 0 12 3 4 8 2 22 19 3 10 3 11 1 16 3 13 5 17 19 1 12 20 26 17 19 17 18 12 16 2 27 16 0 11 16 5 0 11 20 21 0 9 21 12 2 22 6 25 4 3 25 11 29 22 28 26 7 18 2 4 28 8 20 27 22 3 22 18 4 7 8 8 16 28 29 8 4 30 19 7 4 1 28 12 1 18 18 9 2 24 30
29 2 7 8 15 3 27 12 5 28 14 23 29 22 27 14 25 19 11 24 22 14 26 26 27 27 4 21 26 6 18 1 19 28 27 21 16 27 14 26 4 13 13 1 13 28 5 30 16 19 0 7 9 19 25 12 6 25 4 25 5 8 28 24 16 23 5 2 21 27 10 3 20 30 23 12 14 22 2 4 18 18 24 4 2 2 17 21 18 27 16 22 30 2 16 1 3 18 9 14
7 24 20 16 29 26 27 27 8 21 19 10 14 30 27 23 18 22 27 6 2 26 22 9 14 19 16 11 23 4 9 20 2 21 19 3 2 11 6 5 27 25 4 22 28 16 30 10 9 13 4 0 14 1 29 1 13 2 18 2 8 24 14 21 5 0 15 2 1 12 22 13 29 0 22 23 13 26 19 18 25 2 3 15 9 28 21 29 8 3 26 7 19 12 17 11 26 13 23 15
0 26 11 17 24 14 13 20 17 16 25 19 22 14 18 27 29 13 2 19 20 29 13 20 30 7 20 10 0 13 4 0 9 15 6 23 17 0 19 21 24 23 28 0 18 14 13 0 12 30 18 13 0 19 2 4 29 26 24 10 28 12 11 25 22 10 3 20 0 10 21 6 20 27 15 8 11 23 11 10 0 14 11 10 4 14 29 17 1 19 19 25 16 28 20 11 26 5 11 10
9 10 22 23 16 8 30 17 0 15 19 16 20 11 10 12 9 5 18 11 28 26 26 3 25 16 6 9 22 7 12 11 17 17 27 20 26 26 24 29 7 17 10 11 24 1 26 16 9 16 17 10 15 0 28 24 17 12 19 9 27 28 10 16 6 15 1 12 22 18 14 29 19 29 18 8 29 19 28 1 25 10 1 24 1 29 27 7 10 25 11 10 12 1 5 25 5 24 6 8
14 11 0 17 1 14 21 2 26 10 11 25 25 2 28 28 21 23 26 17 2 2 28 21 5 22 12 15 25 28 11 23 6 12 25 15 11 8 29 17 30 14 30 9 23 15 13 7 6 10 21 7 23 22 0 11 3 15 29 12 18 29 0 1 11 23 29 17 20 21 7 8 22 23 13 8 27 26 17 3 17 7 27 9 25 22 1 27 25 1 23 9 9 12 20 30 23 21 3 4
22 14 15 16 15 15 1 8 8 24 4 19 10 20 21 11 2 12 8 18 1 6 8 11 22 12 22 24 15 20 29 19 17 30 14 19 12 23 28 12 0 23 2 14 6 9 13 17 3 10 17 20 14 3 11 0 30 15 8 23 12 24 15 14 21 1 10 18 15 25 15 15 5 7 24 23 23 15 17 19 16 15 11 7 13 9 21 18 22 22 3 12 5 23 25 23 9 24 2 7
9 4 10 9 21 10 29 30 9 0 12 18 9 12 20 5 23 15 13 20 8 20 14 9 15 2 29 27 30 23 7 11 6 4 9 11 17 21 21 27 22 28 9 5 16 22 19 3 5 18 25 18 15 30 4 0 0 16 24 12 4 1 5 11 3 23 1 26 9 6 22 14 23 15 24 14 1 3 11 11 3 13 1 10 28 11 9 22 18 0 13 0 5 8 11 16 19 4 9 18
17 15 5 22 9 2 7 25 26 8 28 27 10 22 10 23 20 8 28 29 23 1 30 13 28 26 26 25 13 11 7 30 27 30 22 23 14 9 8 5 29 3 11 9 26 0 12 2 30 2 25 0 27 12 10 23 8 0 17 26 20 1 21 21 28 0 24 19 21 22 25 27 14 12 9 10 10 10 23 23 14 3 21 26 16 23 9 20 29 29 15 23 4 26 5 8 0 15 19 19
1 23 10 9 25 17 29 19 29 5 28 18 17 19 20 1 9 17 4 10 26 18 3 6 21 27 21 19 17 6 18 15 0 27 7 10 11 11 30 8 25 25 7 3 14 17 23 16 17 0 19 12 23 28 13 3 24 11 0 7 20 16 2 28 0 22 22 15 1 26 4 30 30 11 19 25 10 22 27 11 8 10 26 10 13 3 28 21 8 2 0 4 19 21 13 6 10 25 12 19
25 9 7 27 20 6 12 12 24 12 6 23 13 2 12 21 18 7 4 28 11 12 0 23 17 17 17 27 14 25 25 18 7 4 5 23 12 2 1 23 4 28 30 6 28 27 15 10 26 2 14 16 3 21 20 29 12 9 16 0 20 30 28 15 7 21 27 18 6 9 3 26 29 28 29 0 5 15 2 6 23 26 15 9 22 29 25 12 16 27 23 26 6 14 13 15 13 8 26 29
30 19 8 26 2 0 10 14 1 7 11 17 5 12 30 14 11 22 8 28 0 18 5 4 7 3 28 19 23 8 11 22 5 28 18 23 17 21 26 2 4 21 4 30 4 25 17 2 30 5 20 29 10 20 24 17 12 30 4 7 0 19 19 1 23 6 5 14 13 17 5 25 13 22 5 0 7 19 16 21 15 25 7 18 20 3 23 16 8 4 13 16 28 14 12 6 7 6 14 23
21 27 17 18 19 15 5 18 17 18 14 27 0 4 29 22 9 26 4 4 2 5 21 20 11 20 14 26 4 6 19 30 25 14 5 24 5 4 0 8 28 1 3 13 7 0 11 11 1 19 16 16 16 24 12 17 30 30 12 20 0 0 21 8 6 0 13 13 28 12 5 10 20 17 27 11 30 17 12 19 14 2 25 16 3 30 28 21 2 16 10 30 23 15 1 28 13 14 0 26
15 30 19 12 14 7 23 29 27 14 17 21 6 26 11 23 16 17 16 2 2 13 27 10 0 13 20 29 20 12 21 19 2 12 8 15 4 12 6 22 26 11 29 7 16 3 4 3 14 7 24 10 16 6 21 8 30 17 18 25 20 5 0 27 29 5 1 22 6 22 23 3 0 10 11 11 1 4 14 24 23 27 28 30 27 14 7 7 26 17 21 14 12 10 3 20 18 19 30 22
1 3 0 2 18 21 3 5 1 10 29 26 19 1 11 13 2 28 24 28 24 12 11 19 30 14 5 17 17 24 2 22 28 11 26 13 24 4 13 23 1 16 12 22 7 13 22 11 6 24 6 7 26 19 28 21 3 13 13 29 17 11 6 0 1 28 13 4 22 3 22 25 9 18 13 13 12 30 8 21 26 23 25 5 16 29 7 4 8 4 27 6 4 17 14 25 8 11 30 14
1 12 28 21 30 12 7 3 17 0 13 15 14 8 0 14 30 17 9 4 30 24 15 18 26 17 2 26 6 5 15 1 16 8 13 2 15 27 12 14 21 26 20 22 21 17 19 30 15 25 21 16 26 0 19 4 15 10 7 17 10 2 23 21 0 15 5 0 24 4 24 5 2 20 2 23 21 19 5 23 12 29 2 1 5 16 3 18 5 21 15 12 18 30 7 2 11 13 23 15
6 13 25 2 28 1 8 20 1 16 18 30 10 4 27 9 14 29 20 13 23 7 21 7 10 24 21 4 19 23 9 3 23 25 26 2 9 7 11 1 29 7 23 27 11 1 28 4 12 19 8 18 23 14 1 2 22 4 9 2 15 29 23 8 17 0 7 24 30 15 6 11 19 26 6 16 21 10 24 12 25 20 13 24 12 21 15 16 27 26 15 29 17 20 1 20 25 7 2 30
26 27 15 30 20 10 17 1 7 13 19 23 11 6 13 15 19 11 17 16 23 0 1 23 26 3 25 9 20 20 14 9 20 2 14 29 22 14 5 3 12 13 7 0 29 7 10 6 10 15 23 20 6 30 21 4 0 14 29 21 20 15 22 18 12 20 0 1 1 29 30 7 27 22 9 28 22 20 4 15 19 1 25 17 0 19 3 6 30 15 17 29 7 6 6 26 21 27 27 23
7 30 22 7 14 1 9 26 23 14 10 9 3 15 25 8 2 10 30 17 16 0 28 27 14 5 14 2 0 9 11 11 26 23 13 13 27 13 6 8 4 8 28 15 9 10 23 14 0 1 18 18 15 23 23 6 10 19 19 11 5 15 21 25 13 7 19 0 21 17 17 0 28 25 26 26 4 11 4 7 9 2 21 10 26 15 10 8 30 9 19 17 6 2 8 3 11 2 1 18
14 25 14 21 14 15 5 6 8 12 26 27 19 19 16 6 3 12 15 18 7 2 13 21 12 8 25 1 14 23 11 29 28 6 0 22 25 1 17 8 8 20 12 20 26 13 0 21 26 9 19 29 20 25 1 22 25 6 1 19 22 21 6 6 30 19 8 11 0 14 20 4 11 29 17 26 28 5 9 17 14 30 26 24 13 26 23 13 16 18 18 23 30 18 11 30 23 0 15 1
9 27 3 9 12 30 20 5 19 22 17 10 21 18 27 22 29 28 3 22 0 13 22 29 15 16 25 14 14 10 3 22 8 27 23 25 9 2 27 2 1 24 24 28 21 8 7 28 5 24 25 4 23 29 30 1 26 29 15 30 16 17 26 18 12 7 17 2 22 0 3 6 3 30 22 27 24 17 27 3 10 19 24 14 18 3 12 7 9 3 4 0 7 3 0 15 14 16 16 27
27 5 6 10 12 22 28 30 30 28 18 30 26 12 14 19 22 5 17 14 23 12 7 26 13 24 27 7 18 4 22 21 19 8 4 28 21 13 24 19 5 22 4 14 13 0 30 7 4 25 10 13 6 13 5 26 12 21 5 19 17 12 21 25 9 26 11 25 11 14 0 16 15 8 23 19 10 28 5 7 2 20 3 15 10 24 7 10 23 28 23 26 30 18 22 2 28 25 10 9
14 0 11 29 27 9 0 0 14 9 26 22 25 10 29 6 13 10 13 1 16 4 29 24 15 17 23 14 11 29 14 18 4 1 26 27 23 10 25 5 21 1 6 12 9 8 25 15 12 25 9 17 4 18 4 14 13 24 13 8 15 29 18 20 4 8 6 3 22 18 27 0 9 4 12 14 30 30 24 9 17 26 10 20 18 14 9 25 8 21 2 3 26 7 22 23 27 29 17 19
23 24 28 5 22 21 21 4 4 23 11 15 0 18 4 7 14 2 19 28 7 14 1 6 18 29 10 29 6 28 10 24 26 26 25 0 16 2 21 12 24 13 29 7 0 5 28 0 10 23 23 17 21 15 24 11 12 9 7 20 30 7 23 30 8 6 26 1 21 25 29 21 0 3 16 15 23 0 27 18 24 26 12 17 20 12 14 7 19 3 2 19 28 15 10 12 23 29 1 26
25 3 22 11 23 9 28 0 16 5 1 21 12 30 24 17 26 14 11 29 12 3 26 19 23 7 1 22 6 15 19 6 14 12 9 19 14 0 30 24 29 21 11 6 6 30 17 9 19 1 26 9 19 10 2 22 29 0 26 25 28 2 17 21 17 28 20 0 10 3 11 1 24 0 10 13 27 15 6 18 5 30 13 9 12 18 23 27 12 2 8 20 3 22 18 28 18 27 5 23
13 6 15 25 17 14 18 21 13 26 0 24 29 21 26 29 4 10 13 9 12 27 7 20 4 8 26 29 20 4 21 10 29 25 9 25 29 7 19 10 4 12 23 8 0 21 6 26 11 11 14 20 10 27 28 0 17 22 28 13 4 5 24 15 23 27 24 29 13 23 2 13 26 16 0 21 13 29 14 25 20 9 0 24 1 30 15 30 24 16 12 27 14 12 16 23 16 11 16 22
30 26 29 10 3 20 25 19 0 20 18 28 22 22 25 18 22 23 26 8 5 21 2 2 5 1 5 22 21 6 4 1 30 0 2 27 13 25 24 3 7 3 7 6 1 0 19 24 1 19 14 9 6 9 0 4 18 29 1 24 22 9 15 22 17 16 11 18 0 12 11 27 3 18 14 0 21 16 12 10 30 20 10 30 24 27 28 7 4 18 19 23 16 29 30 4 6 5 30 17
9 8 22 29 25 25 13 23 24 12 21 6 16 3 12 10 1 21 19 19 20 2 25 0 29 7 24 25 15 17 14 1 9 30 22 30 16 19 21 0 9 27 20 15 30 3 17 23 16 20 29 1 17 2 28 16 14 6 12 10 3 1 24 1 2 7 15 0 18 3 30 30 11 5 22 3 0 23 11 19 11 2 25 9 2 25 21 9 8 12 1 30 30 4 4 10 26 9 0 29
13 29 22 17 2 3 17 30 13 6 29 8 1 8 22 29 17 1 5 15 23 0 9 27 3 23 19 29 24 0 18 14 3 24 25 6 2 9 28 11 4 25 20 9 23 3 30 29 22 2 25 25 26 24 15 11 26 30 10 7 7 16 24 24 23 25 27 3 21 3 3 30 30 28 28 23 18 0 22 5 1 2 18 4 25 23 8 10 29 15 24 2 18 0 30 13 5 12 25 29
14 2 10 0 4 4 18 27 30 20 25 11 5 12 4 23 28 1 17 17 9 4 19 0 15 11 14 5 9 0 18 17 1 6 23 18 26 20 26 3 7 3 28 1 10 5 11 4 17 29 30 24 28 27 9 21 13 13 8 13 19 0 26 7 19 16 25 27 14 0 13 4 8 25 30 8 17 13 0 21 4 15 20 17 5 21 23 28 25 0 30 16 4 29 0 6 0 3 12 13
1 10 5 27 1 30 4 21 1 30 9 18 14 20 22 19 10 22 22 6 11 13 24 0 11 1 20 26 1 12 12 16 29 28 23 5 29 14 26 8 29 10 29 18 15 7 2 14 7 28 14 16 8 24 11 4 26 1 2 12 13 19 11 19 7 25 23 3 9 24 6 16 2 17 1 16 26 28 20 0 21 9 26 23 20 13 26 11 25 16 17 3 23 19 10 6 23 25 26 4
13 29 0 2 3 13 4 22 7 20 24 11 26 24 3 22 14 7 21 15 13 1 29 1 30 22 4 11 2 16 8 17 7 21 6 2 5 11 12 18 11 30 24 7 20 13 29 19 13 6 15 10 4 5 15 15 21 0 3 7 11 14 2 6 1 12 27 12 28 22 17 2 16 23 10 11 29 6 10 0 0 10 29 17 24 30 27 2 25 2 11 5 19 1 26 26 3 30 10 3
3 7 25 28 15 4 10 17 30 21 30 17 0 27 2 1 30 18 28 25 16 9 19 26 7 0 5 23 8 27 16 23 7 9 26 15 25 2 6 2 29 24 30 17 15 22 21 22 15 15 15 14 9 2 22 15 10 23 22 10 20 18 8 0 30 29 5 16 1 16 16 27 26 25 28 11 27 2 26 22 28 0 11 6 3 0 10 26 6 10 24 23 28 16 16 16 10 10 20 12
9 2 20 21 0 14 14 18 15 16 21 5 12 24 17 19 17 18 28 11 9 23 0 0 3 3 3 13 21 28 21 21 26 25 1 1 9 2 3 24 1 27 23 0 1 12 16 2 9 24 21 27 5 21 3 0 25 0 28 7 4 20 14 23 18 28 4 15 23 11 26 18 22 10 10 16 13 19 9 28 10 28 0 28 25 16 20 0 0 11 26 20 11 25 7 16 22 21 16 11
9 24 30 3 17 10 8 30 18 11 21 9 4 22 27 15 27 4 22 14 24 5 24 26 29 13 23 2 21 29 12 0 23 1 8 6 12 10 15 13 27 13 27 7 23 17 11 13 3 17 18 23 9 6 29 29 26 30 29 18 19 13 26 12 16 26 15 3 11 28 7 23 5 15 3 21 8 0 4 9 26 18 12 0 20 13 22 11 7 7 30 11 18 16 24 1 0 21 0 18
27 17 6 11 11 14 4 6 9 9 5 27 25 4 25 24 16 18 21 27 5 20 16 10 2 28 21 13 28 17 19 13 13 5 18 10 30 21 27 7 21 10 19 23 23 30 2 5 17 10 11 6 11 6 29 3 7 8 15 17 8 24 26 29 25 13 24 9 17 11 4 22 9 27 30 11 9 23 10 21 20 1 0 24 0 1 18 3 13 1 14 12 17 4 21 10 20 16 26 13
3 9 23 8 10 13 29 6 10 9 16 14 6 27 12 24 17 13 8 3 30 23 26 28 4 1 10 18 23 26 21 10 17 26 15 0 19 11 21 27 3 13 20 30 14 19 9 21 9 9 5 10 11 2 23 1 10 12 0 0 6 1 14 5 13 1 25 2 23 21 17 25 23 9 21 3 9 10 7 15 24 11 26 18 15 0 10 20 14 19 11 7 30 2 13 18 29 25 22 14
23 15 7 5 9 17 3 15 11 17 6 14 1 29 1 24 15 0 26 20 7 13 5 26 20 29 25 26 12 20 19 10 6 1 3 22 16 7 6 18 21 6 27 12 5 30 0 3 14 3 19 9 2 22 11 21 7 30 16 18 7 28 18 14 6 22 20 7 5 16 13 19 28 18 25 26 27 4 10 5 2 5 12 11 26 14 0 5 6 6 19 3 11 26 29 18 28 21 6 22
3 6 2 30 13 21 27 28 10 2 3 8 24 25 5 30 18 1 6 24 3 7 20 16 25 17 30 4 14 24 22 13 15 15 19 22 17 29 25 13 12 14 24 15 28 18 18 21 7 21 1 30 7 3 7 19 0 25 11 16 29 27 15 23 22 7 1 20 25 20 27 0 29 20 18 8 1 29 25 17 12 20 18 10 15 1 2 0 22 19 17 27 10 20 18 17 18 18 7 12
13 9 14 19 26 5 15 17 29 23 0 6 22 16 11 14 14 16 20 8 20 26 20 14 25 22 19 13 24 5 24 22 1 29 28 28 0 9 16 0 30 1 12 27 25 14 9 28 3 20 22 6 24 14 1 24 16 19 18 27 26 22 22 21 26 4 7 3 13 25 23 20 14 23 20 22 2 17 24 13 25 22 5 22 9 13 26 6 0 24 11 22 26 28 25 12 0 19 2 16
5 3 30 0 14 9 16 22 29 4 6 3 6 23 2 16 5 21 24 10 22 18 21 30 23 25 5 28 16 10 27 9 27 4 20 2 7 16 10 0 19 29 26 21 19 30 6 26 30 6 8 4 19 25 3 17 15 20 26 25 23 15 24 7 3 20 10 12 25 22 25 21 2 4 14 2 30 27 12 26 16 26 28 0 7 27 21 21 15 0 16 23 15 23 22 13 1 15 10 16
30 11 16 13 5 20 20 19 16 27 21 0 20 28 22 20 21 13 16 18 10 4 25 1 9 4 3 6 0 4 28 24 21 16 5 4 7 14 11 11 20 30 8 2 10 2 9 30 15 6 1 6 10 30 3 20 30 12 27 9 21 3 18 15 29 8 9 25 24 12 2 8 21 25 25 27 5 26 14 23 23 17 22 19 5 2 17 20 19 16 0 22 14 2 13 26 18 21 17 12
22 19 21 24 28 17 29 26 19 23 29 6 26 11 21 0 20 13 21 22 29 7 30 11 17 13 20 17 8 17 26 3 13 10 17 15 8 15 22 25 30 13 0 23 26 23 16 24 21 23 2 5 2 26 9 2 10 16 26 27 12 2 25 12 21 3 9 1 17 22 18 1 2 30 15 1 21 20 13 2 22 6 15 5 25 10 11 15 19 22 17 0 14 25 17 0 29 13 2 29
28 27 21 6 15 20 21 10 23 9 4 28 15 0 13 10 17 24 16 4 16 12 18 0 30 28 12 28 12 23 16 23 27 1 6 5 2 16 8 24 20 28 9 17 20 8 7 19 29 22 23 24 3 13 16 0 23 20 11 15 10 11 28 18 17 28 14 5 12 9 13 4 16 16 2 8 12 7 28 2 5 15 27 12 4 17 29 4 10 0 17 26 0 8 2 9 7 30 21 12
3 25 10 28 20 26 0 4 7 0 4 23 28 4 23 6 23 9 23 9 9 24 17 5 28 27 0 11 13 6 30 0 17 17 2 0 30 19 0 11 14 21 9 2 9 25 9 7 11 20 5 18 1 7 4 26 4 25 25 14 4 20 5 30 30 4 0 29 17 13 10 24 19 21 9 7 26 9 13 14 4 5 27 18 10 10 17 28 20 20 24 26 19 0 17 22 8 2 25 16
2 1 15 21 10 28 0 11 24 30 14 0 10 25 22 5 18 29 29 25 10 3 20 4 20 1 1 20 30 27 2 19 17 14 9 0 24 19 19 0 16 4 19 10 27 6 3 16 19 7 29 24 25 24 2 11 26 22 15 15 16 19 6 25 24 14 22 24 11 12 2 15 0 30 10 16 4 2 26 20 25 19 17 7 6 0 23 2 16 14 30 23 22 9 0 14 2 8 16 5
4 12 0 30 20 21 1 8 19 13 14 24 7 12 29 19 5 6 2 6 18 13 20 24 0 11 8 24 12 6 17 16 15 28 27 29 27 2 2 1 28 28 0 1 9 27 5 19 6 28 18 30 11 8 28 26 0 19 10 25 21 1 29 1 0 18 6 23 8 28 12 26 13 0 16 6 20 14 22 12 7 0 20 24 26 23 23 6 21 18 25 7 6 29 11 0 13 20 11 5
17 20 8 10 5 2 2 30 16 22 2 14 20 7 17 19 14 22 5 26 5 23 16 9 6 25 14 22 28 29 20 14 9 15 18 12 19 0 25 4 25 4 16 7 23 16 4 29 30 5 16 1 13 11 27 17 11 13 1 1 25 15 11 12 25 8 17 27 13 10 17 28 2 25 6 17 12 4 30 28 21 5 29 10 17 27 12 0 18 9 23 19 17 15 0 16 0 25 10 17
13 11 13 27 27 2 29 2 25 3 4 14 28 1 17 0 11 26 26 9 9 21 14 17 4 10 24 30 3 29 25 13 29 17 19 30 16 23 24 23 3 12 30 14 17 23 15 4 1 1 24 29 0 29 15 0 6 1 1 19 1 15 23 11 12 4 7 7 10 9 12 22 8 12 1 20 12 26 17 28 4 3 25 1 28 9 13 26 27 27 24 27 24 29 7 14 0 0 9 8
4 13 14 10 1 9 3 1 11 12 11 18 30 5 7 16 22 12 17 14 9 18 2 20 18 6 2 28 5 24 22 20 11 4 25 14 3 1 4 0 30 5 15 26 8 28 23 5 6 4 12 22 12 27 12 22 2 23 17 13 20 8 15 10 0 23 4 25 8 7 23 16 23 25 3 28 26 6 9 17 10 18 15 2 19 14 17 25 0 0 24 9 22 6 15 1 13 0 0 15
21 8 10 8 13 19 12 22 3 30 26 8 23 23 18 1 18 26 29 26 30 23 30 5 4 15 6 0 19 10 21 17 7 22 3 13 22 22 20 18 5 17 25 5 3 23 13 6 0 9 12 15 30 2 12 15 14 19 5 7 9 3 9 5 14 28 20 9 22 7 3 27 27 4 29 23 20 20 17 3 11 28 2 0 25 12 27 13 10 24 30 19 26 15 16 0 19 22 1 0
