150
919 29581
658 56049
120 76974
76 81854
731 79217
487 78650
994 81902
884 78047
99 62624
389 44853
231 71571
578 58374
737 72532
635 74343
357 79206
647 72548
970 51908
171 22890
28 64874
661 74532
78 32918
510 81049
524 79320
225 61984
233 68685
64 29923
822 65069
51 62910
821 59557
213 33592
331 80566
393 79206
938 68873
199 48990
956 36323
319 56164
694 80609
697 54263
954 81161
619 69878
955 71790
140 49261
449 79780
72 66460
571 75883
447 29409
546 52288
765 69910
205 68872
281 42610
242 36918
975 71642
557 67734
517 81224
593 69475
695 77636
201 62588
595 67102
324 48173
416 74227
618 56579
135 68066
126 59315
948 61357
25 79292
198 78636
724 46890
84 77989
383 75357
750 29213
20 80119
873 71277
553 55311
700 80081
368 81330
704 77154
395 52529
92 57639
528 13893
80 81149
107 75339
76 46759
417 63620
345 80433
324 79603
248 77512
434 38637
459 10792
489 69363
358 68658
867 63496
383 60759
773 48051
35 66791
102 45002
516 43765
663 77593
782 40774
627 64091
876 50937
874 50141
866 70515
554 70341
205 23824
799 80506
955 45332
796 71911
46 76711
70 74447
275 49362
33 70803
796 58703
960 46977
795 72106
674 74937
692 71527
950 42381
463 73490
404 81324
167 66852
585 49023
669 19521
273 80557
602 50928
947 34653
901 79144
235 69977
796 77753
292 47414
156 79587
123 80975
736 81691
892 69107
151 72614
270 79606
503 50010
605 39389
358 80796
690 73112
502 55229
155 57279
93 69072
844 49702
524 58171
871 65777
981 76942
480 75564
325 40626
851 36512
350 78429
0 100 100 98 83 86 94 94 98 91 90 86 98 100 87 95 94 93 81 76 87 88 89 75 92 81 95 82 74 91 94 99 82 85 96 85 75 81 94 82 99 82 90 97 78 83 92 85 92 74 84 92 75 78 78 81 93 96 100 74 78 99 96 79 76 94 95 95 76 90 95 84 80 88 98 88 97 99 74 88 97 75 100 87 98 98 90 97 95 76 99 75 85 87 98 85 77 84 82 84 100 83 76 94 98 83 85 87 93 94 99 86 79 89 75 76 78 89 86 93 96 95 76 86 91 97 81 94 79 76 86 79 88 95 99 97 91 82 90 81 81 91 74 77 87 78 81 78 99 78 
88 0 62 94 51 88 96 67 53 70 95 85 75 91 91 58 59 66 55 74 56 94 81 77 97 68 86 83 51 81 69 100 100 78 98 64 68 79 56 54 76 58 87 62 88 75 62 72 80 77 52 94 90 77 71 66 87 96 56 83 76 52 73 95 78 59 92 52 54 61 62 93 92 86 82 67 79 61 54 74 87 96 57 76 77 87 72 65 74 75 94 69 79 56 55 78 98 91 100 86 53 63 100 64 80 78 85 74 99 73 72 97 54 86 70 51 100 69 54 96 73 51 90 94 67 61 76 77 56 75 91 97 71 77 80 99 60 95 92 67 51 60 71 60 78 69 55 69 69 78 
83 95 0 90 90 87 90 97 99 100 82 81 86 83 99 89 82 92 93 83 88 81 85 86 93 89 82 82 83 92 98 85 86 96 100 89 90 81 92 83 96 97 84 91 90 84 98 99 81 82 98 91 98 95 82 91 85 98 89 94 87 90 94 94 99 100 91 87 86 94 95 95 99 95 95 94 83 98 96 98 97 91 86 85 88 81 95 85 96 90 97 86 90 93 85 99 95 85 97 98 85 90 89 94 94 84 84 86 81 84 100 85 93 89 97 92 100 99 88 91 100 93 89 85 89 93 95 92 83 90 87 92 97 95 89 84 98 82 99 88 98 83 81 88 83 89 93 85 98 100 
100 97 94 0 100 93 98 89 99 91 98 99 93 96 94 95 89 98 98 96 93 96 93 90 96 100 99 100 99 99 99 90 99 97 90 92 89 95 94 96 99 97 90 97 91 99 89 94 89 89 99 93 97 100 90 97 97 93 92 94 94 95 90 95 89 95 91 93 94 94 92 98 95 93 100 89 95 97 89 97 90 93 90 93 94 98 91 97 93 93 90 96 98 94 92 94 89 96 94 90 100 100 90 97 93 93 96 93 94 92 95 94 98 89 92 92 95 97 89 97 90 90 94 93 98 92 100 89 90 92 93 93 99 98 95 91 92 100 95 99 92 96 92 89 96 98 99 90 97 95 
79 95 82 85 0 73 73 100 71 96 87 73 79 75 79 92 85 79 89 70 96 88 74 93 70 70 68 77 100 97 69 68 81 86 94 79 100 88 68 76 72 80 96 81 81 83 88 74 73 95 79 69 87 94 75 75 82 70 78 68 71 81 78 93 100 98 86 71 89 88 90 85 81 79 99 91 92 100 95 72 72 76 91 75 75 93 84 86 100 98 93 88 96 97 71 71 89 84 92 70 70 94 98 75 79 70 99 95 89 95 88 72 77 93 87 69 90 81 78 70 77 92 94 87 73 91 100 86 81 88 81 92 89 79 93 85 79 72 83 88 79 68 80 98 68 100 85 96 100 81 
98 94 96 98 92 0 95 91 95 91 98 95 95 91 97 99 99 98 92 93 91 92 97 92 100 97 97 92 99 95 98 95 100 100 97 91 98 94 93 92 96 98 100 99 93 100 94 93 100 96 93 94 94 99 92 96 97 100 94 97 100 99 91 96 99 92 91 92 92 99 99 100 91 97 99 94 94 97 93 91 97 95 93 99 97 94 93 99 98 93 100 93 91 93 99 93 100 95 99 95 92 98 92 91 94 96 91 95 96 94 99 98 91 99 96 99 94 98 99 100 98 97 91 92 91 95 92 98 98 99 91 99 92 92 93 100 93 91 99 92 99 94 95 95 96 97 99 91 100 98 
64 10 86 40 51 63 0 33 44 10 47 74 14 71 95 56 50 52 37 13 16 30 25 24 55 74 86 33 66 54 30 64 96 31 32 41 95 86 55 34 97 46 14 51 10 16 45 43 55 95 11 78 71 87 36 12 62 27 12 68 84 74 44 35 100 87 93 73 97 100 72 45 46 74 28 64 42 68 28 89 82 73 42 12 42 35 39 30 36 69 58 93 93 32 40 10 94 56 59 24 19 70 83 24 39 11 39 59 74 56 71 74 93 54 17 78 23 59 91 87 86 87 68 18 89 36 20 63 19 64 16 57 15 21 33 36 66 61 60 23 54 71 56 38 86 72 31 38 27 18 
53 50 67 61 66 42 100 0 95 68 45 70 88 94 89 56 70 69 58 46 76 52 69 88 60 89 62 87 81 72 97 69 77 74 71 54 93 54 53 79 46 88 61 97 42 81 54 48 52 72 85 93 91 62 58 79 65 40 72 69 89 53 43 69 50 75 44 57 70 63 80 63 69 59 82 82 61 70 53 84 54 63 68 92 91 79 62 85 95 41 82 83 49 48 52 51 41 69 86 61 77 48 51 85 80 64 74 75 41 91 71 50 95 74 52 93 100 100 42 79 43 74 70 96 50 84 84 90 79 82 90 46 56 98 90 84 41 52 51 52 80 94 54 92 68 73 98 53 41 51 
92 87 74 53 66 59 68 78 0 91 88 56 100 54 90 59 67 54 78 66 55 54 95 53 83 73 79 78 88 83 71 69 100 75 55 99 91 100 91 56 72 63 70 81 82 73 58 56 60 100 80 80 80 69 91 53 97 67 69 91 53 88 71 56 64 94 89 57 58 60 94 70 92 73 94 74 90 80 78 84 53 82 55 59 75 81 53 80 61 63 62 97 74 94 55 62 91 57 83 75 72 91 75 94 96 77 78 82 88 93 58 96 63 55 89 83 53 58 66 91 73 72 77 99 90 75 68 78 91 60 95 58 88 86 64 55 56 90 53 98 82 90 93 77 59 75 75 87 69 80 
93 95 93 64 79 94 95 77 91 0 94 60 90 76 62 77 85 86 63 70 97 67 80 86 72 61 99 95 84 84 61 67 60 69 69 60 86 93 91 79 65 61 76 96 84 72 74 82 80 91 73 65 67 60 85 88 69 99 98 93 75 68 99 96 86 81 64 69 77 96 68 81 71 73 85 82 96 100 76 63 77 60 68 84 68 82 83 63 76 84 85 88 70 79 80 94 74 60 78 90 62 85 72 62 74 70 87 98 97 90 60 72 75 62 71 87 85 68 93 87 89 60 74 72 88 71 82 78 84 80 82 69 62 100 88 75 63 76 66 65 75 81 90 84 91 75 79 90 91 99 
69 79 94 89 77 86 97 86 100 100 0 96 99 68 94 91 92 88 86 86 94 95 92 76 99 81 70 100 74 100 94 85 86 97 89 93 100 94 99 70 93 81 92 73 93 70 93 78 68 86 79 81 86 73 82 90 78 85 80 98 82 90 90 72 77 96 81 79 73 81 99 76 71 85 71 80 89 93 73 94 75 100 80 83 87 77 81 68 96 97 82 99 96 72 82 97 87 77 87 68 79 71 73 76 84 69 92 91 73 80 83 68 87 85 70 78 88 96 71 96 74 93 89 79 83 97 71 98 72 89 95 70 78 83 88 71 85 89 96 94 91 80 84 86 68 79 83 84 93 95 
47 60 21 78 30 30 49 43 25 34 27 0 87 37 79 87 37 54 100 57 52 82 71 24 74 50 34 55 55 66 23 62 82 34 46 27 28 76 90 62 30 65 75 60 52 78 95 87 20 69 82 23 57 24 37 74 65 64 35 20 95 46 29 75 35 86 94 21 43 35 27 33 47 46 37 95 42 82 42 75 64 46 99 43 58 87 71 61 95 50 56 24 37 97 92 39 94 65 59 64 45 90 20 94 21 75 52 47 52 21 64 74 65 80 84 26 29 74 36 68 80 82 48 45 88 78 41 32 100 40 99 37 87 40 68 25 66 20 34 35 70 100 90 55 87 80 50 58 82 84 
33 96 90 91 50 87 59 93 26 23 99 32 0 59 92 84 76 61 96 91 70 100 95 78 97 21 17 24 68 80 59 56 19 78 99 83 56 93 24 31 55 76 21 24 62 78 20 76 65 58 33 85 60 87 76 19 39 49 95 34 35 44 79 55 79 40 88 81 58 91 73 26 63 93 95 34 27 17 59 91 65 83 78 20 84 35 71 44 71 98 47 79 50 21 96 71 65 61 37 48 48 18 91 93 41 17 56 93 18 72 43 29 17 35 56 77 18 70 93 43 54 95 82 67 84 35 71 62 23 50 29 38 79 52 38 91 70 73 84 82 69 46 42 73 49 78 39 61 78 24 
53 100 97 74 87 75 72 42 71 51 50 73 93 0 95 85 68 80 83 56 39 51 86 39 82 79 59 50 45 50 62 78 89 97 58 84 100 86 53 44 95 55 39 75 98 55 46 69 71 85 60 42 94 66 72 41 99 88 65 94 66 77 53 96 59 52 87 91 46 39 87 41 92 95 65 60 89 93 58 94 93 63 90 66 99 81 44 40 51 68 89 40 55 55 48 67 60 50 93 65 58 95 68 71 74 66 80 78 65 44 92 77 55 40 82 40 78 53 89 50 74 68 56 95 43 91 57 54 58 63 59 46 73 68 62 60 90 50 74 72 44 92 45 42 95 94 50 67 72 93 
50 79 59 89 48 97 39 23 71 32 70 37 83 88 0 22 78 64 52 25 89 74 18 89 67 89 45 53 59 30 74 56 28 80 72 42 94 96 77 59 72 27 91 72 54 77 87 48 48 38 38 76 97 72 56 82 54 34 47 74 97 84 44 57 59 24 53 51 92 41 69 100 93 48 37 75 76 90 65 57 67 78 56 57 20 39 48 97 64 66 35 64 68 84 47 39 59 93 81 72 34 60 66 59 27 42 96 31 66 57 99 30 40 47 97 88 76 42 85 92 18 80 95 86 99 74 68 34 67 97 25 57 30 37 87 95 68 38 95 75 51 29 58 19 99 50 49 34 100 77 
62 93 97 74 63 58 66 97 67 86 98 42 72 94 64 0 72 85 43 46 92 73 37 95 90 91 86 93 76 43 55 69 44 49 40 37 70 93 54 40 57 80 54 53 38 71 43 80 48 38 44 66 79 78 76 51 68 78 81 83 53 45 68 40 62 70 78 62 69 85 81 87 54 99 81 52 79 47 42 66 49 41 41 80 91 59 55 57 80 88 52 58 77 88 50 44 55 75 41 51 87 61 85 48 92 69 64 39 48 46 75 45 52 37 96 56 70 85 99 44 88 51 74 71 47 52 50 87 91 93 65 36 48 83 70 63 47 83 74 82 82 97 89 99 89 72 92 78 42 46 
59 94 87 71 98 79 53 83 95 49 91 80 78 56 57 98 0 81 74 59 98 89 82 87 71 85 50 99 57 60 72 92 64 74 54 100 59 100 94 74 62 80 81 99 94 61 59 98 91 60 63 78 59 66 88 73 56 99 53 50 72 51 65 67 93 87 56 56 88 91 63 88 73 98 54 65 84 78 57 82 83 69 68 53 71 94 57 95 93 80 78 51 96 77 97 75 89 84 72 77 53 57 99 86 59 71 82 60 96 53 98 86 97 98 50 99 91 64 58 88 78 99 95 97 88 80 82 71 73 82 52 75 60 78 59 76 58 79 74 52 57 56 74 61 52 94 98 71 98 52 
85 91 79 50 84 76 63 59 59 100 62 72 69 99 63 99 54 0 93 78 88 81 56 84 84 64 55 95 52 72 91 57 57 58 69 81 56 75 95 56 76 66 54 93 60 83 53 99 77 56 82 76 70 52 55 100 81 90 55 85 94 76 54 65 67 81 83 60 63 61 89 55 78 66 56 93 94 79 78 65 92 81 87 80 70 73 84 92 92 90 79 78 99 79 50 100 97 72 62 52 73 61 55 69 62 77 98 66 80 85 57 58 57 68 70 66 80 67 74 52 50 59 64 95 79 93 72 57 67 53 76 99 93 56 51 81 50 99 53 86 67 78 79 58 78 94 98 70 98 69 
69 77 97 52 60 95 71 100 72 60 95 75 70 73 77 55 97 71 0 70 79 59 90 68 90 76 51 47 95 87 54 55 61 75 59 70 62 62 80 71 48 93 94 81 56 67 52 72 50 57 79 65 94 52 70 81 66 59 69 46 98 59 68 56 95 57 89 69 94 88 68 84 54 92 48 67 75 65 62 56 86 50 59 47 83 82 70 78 99 60 67 51 92 89 96 76 56 81 97 68 68 56 75 86 63 62 86 90 61 78 93 73 60 82 69 63 97 55 81 50 84 74 89 50 88 70 65 58 77 68 72 51 90 74 58 59 89 90 97 88 73 79 67 84 54 68 84 82 75 70 
98 89 88 100 99 96 90 97 90 99 97 90 97 89 99 88 90 90 94 0 92 91 92 100 97 88 89 99 98 93 96 88 95 94 96 94 98 93 97 96 89 97 88 97 88 89 87 89 91 92 94 96 100 96 89 89 98 89 99 100 96 99 87 92 96 89 91 100 93 97 97 95 92 93 93 89 100 95 92 97 87 95 99 87 98 96 87 97 99 97 92 89 89 97 88 97 87 95 96 94 99 90 99 94 94 87 87 90 97 94 91 90 91 90 87 97 95 91 90 89 97 96 100 87 92 88 91 88 91 100 97 87 89 93 96 95 92 94 96 98 98 87 91 99 87 98 88 96 97 100 
93 97 96 97 100 99 98 93 99 99 93 94 95 100 98 94 92 93 93 95 0 99 93 93 98 92 95 100 99 99 94 100 93 94 100 98 98 93 92 97 98 93 96 97 93 97 97 99 99 94 96 93 98 93 92 99 94 92 95 99 94 99 96 93 93 93 100 97 99 92 96 97 95 94 98 96 100 98 96 95 99 99 99 97 95 94 99 100 97 99 96 96 100 92 100 97 98 100 97 97 99 97 92 99 95 96 96 96 100 97 99 99 93 93 94 92 96 99 96 100 97 92 99 96 93 92 93 95 92 100 93 98 95 94 94 95 99 97 93 93 93 95 98 96 98 97 99 96 95 93 
46 75 87 19 19 29 64 31 69 19 60 63 71 49 15 19 12 81 81 12 84 0 54 74 59 29 18 50 90 99 97 74 40 39 89 12 13 92 29 55 92 26 56 53 14 45 58 30 30 26 91 89 62 65 49 22 50 21 21 33 17 86 39 53 59 53 69 13 47 30 99 53 73 87 85 67 48 67 73 71 84 43 50 83 16 50 17 52 38 78 52 31 21 85 35 45 46 18 97 22 38 17 70 95 41 56 51 49 27 42 52 60 21 42 49 84 13 39 26 49 97 48 100 49 65 20 44 40 42 75 29 12 66 25 71 23 54 72 78 38 42 79 21 64 97 57 53 63 86 31 
85 71 93 76 49 70 74 96 95 97 92 77 57 48 69 77 56 70 99 88 68 88 0 85 71 55 83 67 49 69 92 90 86 76 52 58 70 91 62 91 77 64 75 86 86 69 49 93 70 64 67 79 91 82 70 99 97 81 63 58 62 71 95 76 72 72 86 64 58 49 90 70 98 58 68 67 48 94 68 96 88 61 49 93 72 74 56 94 47 73 86 88 54 51 61 58 99 75 85 59 86 64 95 74 47 62 68 58 99 95 82 61 90 68 66 58 48 82 85 100 75 54 67 90 83 68 62 82 69 47 62 50 59 81 62 54 69 97 97 53 79 78 59 77 73 92 56 88 91 99 
57 69 93 84 74 64 68 80 58 89 57 97 75 62 59 100 84 80 74 88 74 85 81 0 58 92 59 92 66 96 68 78 68 61 79 58 99 84 58 59 57 89 96 82 92 69 65 56 96 71 62 73 91 63 94 70 99 71 76 70 74 80 87 67 76 84 86 90 76 57 98 77 71 98 100 89 75 95 77 67 95 92 73 79 87 98 76 93 72 71 91 88 70 85 93 77 90 98 63 88 71 97 100 92 65 83 93 83 74 73 87 88 57 88 66 88 82 98 99 56 64 58 75 75 91 72 81 91 58 57 94 81 86 67 71 76 89 82 75 96 71 69 68 93 92 82 71 60 61 61 
57 63 89 85 71 97 86 93 96 82 84 78 66 96 83 93 82 84 86 67 89 78 71 58 0 66 82 95 100 73 86 72 59 88 82 60 76 90 83 87 76 85 70 77 54 68 68 94 86 83 92 94 97 81 85 97 61 89 100 90 56 56 99 89 69 70 71 86 75 72 85 60 65 73 98 99 66 87 59 65 75 63 97 60 59 72 70 99 55 84 78 67 60 82 56 79 57 80 66 74 90 100 79 100 97 99 95 59 86 65 94 99 78 95 69 66 94 69 69 81 73 75 73 94 69 78 79 70 67 66 90 59 91 76 74 81 65 92 54 86 90 72 78 97 92 57 75 61 100 68 
96 73 49 72 63 61 52 80 62 83 78 67 66 47 99 39 51 76 52 58 51 85 95 49 77 0 88 74 56 60 66 73 90 96 78 50 89 43 87 58 88 68 46 69 71 43 81 45 75 69 86 38 80 77 94 46 63 85 94 47 80 65 72 57 50 52 72 93 41 81 36 56 90 98 47 82 93 88 78 74 82 74 47 88 83 77 91 71 88 46 64 74 38 46 52 70 84 36 36 91 69 99 60 70 86 62 43 91 83 37 91 90 47 40 81 75 99 63 62 100 95 92 45 88 50 79 36 86 44 64 59 100 97 38 63 79 48 64 75 98 76 93 56 46 39 61 67 81 67 44 
70 36 72 55 95 66 66 88 66 71 70 62 57 44 67 66 79 48 99 35 99 81 52 98 100 96 0 80 38 72 90 90 69 90 32 68 52 94 88 70 32 82 86 81 93 76 93 32 68 49 39 72 81 31 65 85 93 88 53 81 47 75 65 71 86 51 96 40 33 40 40 45 88 92 72 73 53 67 33 35 36 75 28 95 70 98 77 95 32 94 34 48 41 93 60 77 49 69 77 80 28 89 48 28 74 84 81 56 76 65 57 32 64 84 94 50 94 32 35 84 28 39 93 57 35 49 74 57 63 58 39 65 42 72 61 60 90 86 29 66 30 87 67 81 58 91 63 87 31 28 
99 97 68 77 68 65 69 96 71 75 100 94 89 93 95 98 65 96 77 91 90 92 72 99 92 74 100 0 88 72 86 94 100 73 95 85 84 85 88 97 79 85 89 77 69 100 93 92 65 99 100 75 93 71 100 72 100 74 78 69 79 80 95 100 95 100 79 75 71 79 87 83 65 82 68 70 72 74 98 98 66 75 81 67 77 79 75 71 71 67 71 96 78 93 97 94 91 68 65 82 99 82 92 73 92 90 83 78 66 74 85 74 70 70 78 89 82 67 100 85 85 92 87 96 99 67 89 70 78 87 77 68 89 78 65 90 95 67 98 73 71 98 68 94 90 65 91 97 90 96 
78 89 84 63 84 89 65 82 65 88 68 81 73 77 94 80 78 85 64 84 60 80 97 94 68 78 73 93 0 92 100 82 97 90 79 61 80 90 61 82 90 81 62 73 85 96 74 74 73 74 86 98 60 74 77 87 84 93 79 60 87 93 88 63 87 68 75 91 98 91 67 88 61 100 70 76 77 61 77 100 73 76 73 86 75 67 96 85 82 61 87 62 77 85 100 95 100 91 60 63 73 60 98 95 92 72 60 95 62 68 69 64 79 79 76 95 60 100 97 95 71 61 76 93 89 82 97 70 84 69 64 60 62 68 78 91 74 79 70 69 65 76 70 75 60 95 98 99 90 77 
75 67 74 93 88 88 80 80 78 83 88 85 64 80 79 85 74 95 72 85 81 99 85 71 96 71 99 85 69 0 78 94 68 92 74 85 64 66 69 69 89 66 70 89 88 64 81 98 83 74 92 74 76 77 74 87 98 97 69 71 85 97 88 66 75 96 72 100 96 99 98 93 92 82 71 89 71 72 73 64 82 77 73 89 84 100 93 73 66 93 85 65 83 81 86 99 68 88 66 96 85 93 79 96 80 90 81 69 100 90 73 73 70 71 68 66 68 93 88 95 64 93 75 67 73 97 91 74 82 66 99 81 74 84 64 73 83 70 100 80 79 88 69 78 64 87 86 77 68 65 
84 83 56 98 48 81 79 72 77 78 99 57 67 55 59 87 86 55 68 91 59 52 81 51 95 51 67 73 63 98 0 99 94 58 100 47 99 72 73 96 56 63 60 59 63 58 56 84 55 95 70 57 47 97 94 70 56 97 100 73 78 96 81 95 47 55 56 54 98 68 52 93 98 68 78 97 74 51 50 67 73 70 83 68 90 96 80 53 67 85 53 69 93 66 60 51 59 78 96 76 85 98 55 82 95 55 57 88 58 65 55 92 55 52 85 67 58 61 87 69 60 48 77 55 47 95 57 55 59 80 87 55 79 73 82 94 53 97 77 74 85 98 54 84 79 77 83 57 68 59 
89 90 99 92 97 89 100 93 90 88 93 87 92 87 87 94 97 95 91 92 92 96 90 97 88 94 98 96 90 95 95 0 91 87 99 96 92 96 99 89 87 95 94 87 99 99 90 95 98 100 89 99 99 89 90 99 98 97 87 100 88 98 96 87 95 87 90 96 95 95 95 89 91 92 97 94 90 95 88 98 100 92 92 95 96 91 96 92 100 89 90 92 90 96 100 91 95 99 88 94 87 98 89 90 95 89 94 94 97 93 91 87 92 91 100 93 98 93 90 90 92 94 91 94 87 97 95 91 95 87 96 95 97 94 94 97 95 95 100 89 100 94 88 90 90 90 89 98 88 91 
85 84 81 85 84 93 97 86 97 94 85 94 94 86 85 95 93 95 81 81 83 97 98 93 100 95 85 100 96 90 94 92 0 99 89 87 86 91 86 84 99 93 81 91 94 81 93 91 94 83 99 97 99 98 90 93 92 97 98 100 88 89 87 87 89 95 99 94 84 86 96 99 99 93 98 85 99 95 96 88 85 96 87 87 86 84 87 87 85 81 87 85 81 92 88 88 99 84 98 81 85 81 84 90 83 89 96 96 96 91 97 85 98 83 94 84 90 96 89 85 90 100 81 86 88 88 89 85 84 92 90 88 95 97 95 86 81 93 94 97 89 92 96 99 86 89 82 94 99 98 
93 100 92 98 91 100 100 86 86 91 88 99 96 94 92 96 100 96 97 96 96 90 94 94 98 100 95 99 91 94 91 100 91 0 89 94 91 86 98 86 99 93 95 100 93 98 92 98 96 99 88 92 94 99 92 90 92 96 88 94 96 98 100 95 88 93 88 87 97 96 95 100 90 92 94 96 98 91 87 91 87 95 89 98 91 93 92 88 87 86 86 97 98 96 92 93 93 92 94 87 96 97 86 97 96 93 96 90 93 98 87 90 97 97 93 87 87 93 87 92 86 91 95 86 93 94 97 89 89 86 94 92 100 100 87 98 93 100 99 87 90 86 86 89 100 98 99 99 86 95 
74 49 79 61 55 44 26 56 23 74 65 100 68 30 69 54 60 23 27 85 99 92 41 49 57 43 77 70 29 29 32 78 39 84 0 38 46 42 57 55 86 54 91 23 23 44 28 95 83 78 84 92 74 91 30 24 62 64 94 29 60 36 73 94 28 34 91 48 68 97 73 37 81 63 66 53 39 94 97 73 96 40 46 46 40 89 63 23 40 53 62 74 71 87 61 91 31 26 75 99 49 46 98 84 47 79 66 23 70 73 28 70 45 47 88 60 93 27 59 94 47 25 36 50 53 99 97 53 100 54 65 55 39 47 64 98 58 67 87 50 75 80 74 55 37 36 80 100 25 63 
92 78 80 83 92 98 100 94 100 95 88 97 83 96 82 95 79 92 96 99 86 93 95 89 88 81 91 94 96 87 85 86 93 80 89 0 80 95 90 80 98 87 93 100 95 80 90 93 79 88 98 92 82 87 100 85 78 93 83 92 99 83 83 91 92 88 83 90 85 86 80 95 78 82 79 81 87 92 84 93 98 96 84 86 85 93 90 98 84 88 91 100 85 80 85 99 85 97 95 81 100 94 85 99 94 90 91 82 86 81 87 92 92 84 94 93 81 88 83 79 92 97 100 98 79 95 94 90 86 84 82 91 85 84 99 86 91 94 85 92 78 90 93 89 78 84 90 88 84 84 
87 62 60 41 15 59 96 91 60 100 93 90 57 28 80 71 50 74 92 51 35 97 90 96 63 85 100 51 75 14 46 72 63 70 95 58 0 77 99 69 73 67 90 36 80 13 25 28 24 35 76 18 64 65 28 74 23 36 37 21 15 97 51 64 57 89 58 31 77 28 57 91 79 88 62 21 69 64 60 73 57 64 84 35 66 71 54 100 80 86 26 13 19 46 86 21 13 89 27 29 57 96 22 90 40 67 16 76 22 89 57 23 83 70 86 94 79 34 13 69 82 97 87 94 68 55 32 62 31 86 69 60 27 87 40 64 64 66 97 83 35 38 64 94 66 79 17 80 96 57 
97 73 74 79 92 93 98 92 88 76 70 99 71 73 91 85 71 81 79 93 79 81 85 82 100 96 69 85 76 86 69 83 90 100 79 97 99 0 79 97 93 74 97 86 85 97 84 93 94 76 94 74 69 82 75 89 86 73 92 83 73 91 93 86 100 93 91 86 88 69 99 71 81 77 74 84 96 82 72 71 87 73 71 86 78 71 71 92 73 71 81 69 97 92 97 89 86 82 84 70 90 79 73 76 72 82 99 70 96 86 87 72 77 88 98 69 94 77 77 70 69 90 85 91 96 89 95 80 77 100 86 97 94 95 87 96 78 71 93 89 87 82 95 81 89 71 96 88 69 89 
81 73 77 86 98 88 81 96 93 96 86 98 75 83 78 92 91 97 95 90 76 100 91 78 72 96 72 98 99 93 83 92 91 87 76 98 85 91 0 81 100 79 99 88 97 92 83 81 86 87 82 85 85 75 73 100 73 73 72 72 91 99 87 79 79 94 77 73 97 94 84 88 75 80 72 98 76 87 72 90 76 96 96 82 73 97 89 84 75 98 92 94 72 75 77 76 77 75 88 77 85 96 78 77 74 94 82 78 90 72 78 88 75 98 83 86 90 83 75 98 83 98 81 76 93 99 82 78 94 79 83 75 73 81 82 94 75 79 98 72 79 90 98 82 91 88 82 76 80 94 
59 88 94 69 93 74 60 45 49 79 47 51 53 59 84 62 82 39 74 97 94 42 63 39 38 41 57 94 87 42 81 50 83 94 56 98 99 61 71 0 78 74 60 54 81 62 48 43 64 73 60 58 57 42 46 86 73 41 98 80 68 68 77 51 70 41 99 54 69 82 44 91 60 89 61 69 39 71 45 82 87 86 56 66 81 46 61 94 60 50 48 81 92 48 51 95 90 62 59 86 69 57 65 38 78 53 59 61 64 96 82 87 44 67 72 90 52 98 92 72 60 44 86 65 72 82 80 66 51 88 79 85 97 64 62 38 60 51 57 63 60 60 97 97 63 78 71 91 56 58 
63 99 90 100 64 65 74 52 85 51 62 50 81 67 41 56 55 56 44 86 46 60 56 44 94 93 78 86 62 63 76 74 59 90 98 99 60 81 77 44 0 91 90 60 49 43 81 98 61 89 80 86 83 80 65 69 76 94 66 49 51 45 67 73 50 63 96 94 53 70 63 74 85 98 53 42 62 92 47 52 70 54 88 78 88 53 43 79 86 49 56 93 69 67 100 75 76 54 71 77 49 86 47 67 54 93 57 69 77 71 43 49 61 97 74 94 74 65 83 54 78 51 75 56 48 100 55 47 96 45 49 75 73 81 80 58 47 91 74 52 95 79 91 41 75 99 62 46 64 58 
95 95 99 100 98 94 97 94 98 97 96 97 95 100 96 97 94 95 98 99 98 100 98 100 97 94 96 96 99 99 94 97 94 100 96 98 98 100 95 98 96 0 98 98 96 100 100 97 98 96 98 94 94 99 100 96 98 99 95 94 98 96 99 96 94 96 99 94 99 99 94 94 99 94 94 100 99 99 99 95 97 96 95 96 100 94 98 100 100 96 97 99 94 97 100 97 96 95 99 95 98 95 96 95 100 99 94 96 95 98 100 99 96 99 94 98 97 100 98 99 100 97 96 96 99 99 99 100 100 98 95 99 100 97 100 94 100 99 99 94 98 95 95 97 97 95 96 95 96 100 
97 94 95 83 89 79 85 89 98 84 89 83 95 82 81 96 93 95 80 87 80 95 93 100 83 91 94 93 82 89 87 85 90 99 100 87 94 97 82 93 87 100 0 89 81 87 93 90 92 79 88 89 88 81 80 81 95 94 98 83 85 92 90 80 85 88 93 81 95 81 91 85 99 84 97 91 87 97 96 87 95 94 79 90 98 82 85 89 88 80 100 98 79 88 94 81 100 86 94 91 87 82 99 92 89 96 82 81 93 93 95 87 84 80 100 79 94 91 98 98 79 87 100 96 82 89 98 82 90 96 83 83 96 84 83 81 91 89 92 83 81 94 94 93 91 80 90 81 94 96 
99 98 86 98 84 85 91 86 87 93 83 96 83 88 90 88 100 88 86 84 99 100 97 100 84 83 95 94 94 92 91 84 90 92 100 98 91 97 89 93 86 94 90 0 99 95 99 94 85 94 97 89 91 96 96 97 87 98 96 99 86 99 89 99 97 88 95 87 93 86 87 85 83 100 85 89 89 100 92 86 86 94 98 100 94 100 86 84 87 100 89 92 84 91 97 89 98 91 91 92 98 87 89 88 97 95 85 91 91 93 90 100 85 99 100 87 97 98 96 86 95 90 95 84 92 99 88 84 83 83 97 89 89 87 90 86 91 92 87 95 92 96 87 95 99 91 83 92 88 93 
87 94 82 99 79 99 76 83 78 79 81 80 100 75 91 97 91 75 98 78 100 77 82 91 83 85 89 95 80 85 90 88 77 97 78 99 86 80 97 74 96 83 79 92 0 83 86 79 93 77 80 98 90 85 94 83 90 97 91 84 88 95 99 81 85 96 86 90 94 100 87 88 93 78 99 79 94 76 87 97 79 76 83 79 81 78 81 90 78 85 82 84 94 95 81 96 85 89 87 94 80 81 74 85 75 88 75 96 94 89 83 77 76 100 74 96 94 83 88 86 86 95 85 75 91 85 86 93 81 78 82 98 99 99 96 87 83 95 77 77 92 88 90 97 77 89 78 91 76 99 
89 85 98 94 88 78 78 80 90 82 79 98 79 93 89 85 99 96 90 91 79 84 78 96 89 100 88 97 91 83 91 93 99 84 98 86 100 95 87 91 96 82 95 95 80 0 92 99 82 88 97 91 80 85 95 78 79 79 81 94 87 94 78 81 82 87 99 90 93 88 93 88 96 100 96 92 77 93 99 81 81 80 81 87 92 82 99 83 100 94 85 84 88 77 81 77 79 100 92 89 80 95 85 80 97 90 85 100 80 91 84 98 91 94 97 90 99 88 82 92 86 79 95 80 96 78 98 93 82 92 86 99 87 77 79 92 100 79 77 88 100 87 86 88 99 92 81 95 98 77 
63 80 99 92 79 63 67 83 97 98 90 90 82 88 71 56 92 82 99 86 60 70 94 90 98 56 89 64 84 69 90 100 100 96 60 66 61 62 88 71 84 91 65 80 70 81 0 69 72 91 99 98 84 77 84 69 87 74 55 83 97 78 84 55 84 93 68 98 72 81 79 84 95 74 55 72 97 78 83 70 92 61 58 84 94 69 87 99 79 97 78 90 83 97 85 76 57 88 94 77 92 74 61 94 100 83 83 73 67 86 90 89 61 58 63 94 65 62 85 59 55 71 59 62 85 86 66 86 86 66 100 76 86 75 98 98 70 93 88 76 78 60 75 55 86 81 68 92 97 90 
92 92 57 15 32 60 39 57 20 20 39 12 46 91 40 30 55 32 66 17 90 20 68 38 92 52 98 77 60 62 12 60 28 47 29 99 38 76 67 49 82 73 87 88 33 48 92 0 66 28 40 26 93 75 57 30 57 91 45 26 56 83 66 57 74 76 39 63 23 73 74 33 82 92 63 63 12 81 98 98 73 15 58 93 51 69 70 61 49 16 23 24 41 97 16 54 39 74 13 20 74 20 56 86 34 57 96 25 41 47 23 72 57 41 27 51 39 83 26 15 38 46 72 97 58 82 26 76 82 70 72 34 22 92 81 97 98 78 85 46 12 16 44 67 59 38 100 55 71 20 
71 59 68 94 62 82 65 95 62 97 66 79 91 79 79 59 69 69 73 98 98 93 66 70 93 81 79 97 84 78 64 65 98 100 65 61 63 78 89 88 94 62 81 99 60 68 71 67 0 76 65 71 85 92 84 80 57 74 92 61 87 83 69 97 69 71 69 80 76 96 81 89 87 89 98 73 75 66 60 83 61 98 97 82 76 81 80 84 92 65 97 87 82 87 78 96 86 92 59 97 93 86 73 91 83 73 80 94 80 99 93 82 69 68 96 76 68 83 83 61 74 74 57 82 66 78 83 72 80 60 85 65 68 95 100 63 81 71 99 84 67 67 75 71 69 63 98 90 67 99 
97 97 100 99 96 97 97 98 100 97 100 96 98 99 97 100 99 97 98 100 99 99 98 98 98 98 96 96 96 98 98 99 96 97 96 98 96 99 97 99 100 98 98 99 100 100 98 100 100 0 97 98 98 96 99 97 99 98 97 99 96 100 99 99 100 99 100 98 97 99 100 97 99 96 99 97 96 100 98 99 97 100 97 98 97 98 97 96 96 98 97 96 96 99 98 99 96 100 98 97 99 96 97 99 100 99 98 98 96 96 99 100 98 97 100 100 97 100 99 96 99 100 96 98 100 98 97 100 97 97 100 97 97 99 97 100 97 99 98 99 100 96 96 98 97 98 100 96 97 99 
31 92 81 26 46 57 40 35 64 20 11 69 48 88 97 55 48 85 12 56 98 68 15 38 21 12 98 41 100 55 70 46 67 39 84 62 84 61 60 33 55 87 94 94 24 11 55 13 13 46 0 45 76 75 66 97 32 60 24 85 47 22 55 76 19 48 89 56 90 39 13 78 69 42 97 75 71 21 87 47 24 36 55 47 27 79 57 37 92 53 63 13 68 83 39 96 45 33 49 34 68 70 25 96 67 44 39 36 11 66 35 96 98 68 18 46 27 14 69 32 43 100 42 11 22 55 82 71 69 35 50 52 14 25 47 24 28 45 93 21 20 20 67 16 49 30 11 85 52 83 
54 98 81 80 57 51 51 59 84 63 76 75 63 94 100 63 55 78 75 73 73 65 51 73 76 73 77 83 94 65 78 86 53 97 72 64 93 83 88 99 99 61 92 89 70 58 71 85 83 73 99 0 61 76 68 65 67 99 80 82 65 77 90 66 97 72 88 77 87 54 66 67 90 87 72 61 74 66 54 93 95 100 89 70 67 59 57 86 64 77 72 98 53 85 50 69 62 78 75 85 76 74 57 59 64 57 68 90 61 55 64 56 77 84 72 72 55 96 56 70 71 89 84 68 68 51 70 53 91 89 95 93 79 50 50 89 76 98 59 98 89 100 50 54 95 90 94 88 77 98 
74 86 66 100 67 22 71 40 80 54 56 68 70 48 33 77 34 85 60 37 98 64 76 63 51 99 90 46 49 96 68 68 86 84 52 27 31 26 39 48 36 40 44 44 95 99 72 74 46 83 23 61 0 59 87 52 72 35 97 31 64 55 18 52 75 26 67 56 74 89 38 21 40 21 35 51 24 41 37 69 66 72 39 36 71 43 27 97 42 40 51 19 48 49 55 58 80 72 90 58 39 40 37 98 94 55 47 24 19 99 86 94 82 61 61 68 24 17 96 62 62 51 40 65 90 96 70 90 63 48 99 81 24 59 89 96 78 32 50 20 35 19 67 68 20 32 66 72 37 86 
94 77 75 85 93 75 73 72 89 79 76 93 93 91 91 88 86 71 96 85 84 100 74 71 95 83 89 97 92 89 70 83 96 73 78 81 78 95 82 99 96 99 95 82 85 71 84 94 73 93 91 83 72 0 70 94 85 81 96 71 97 95 99 73 76 81 72 90 79 94 94 85 85 72 70 90 100 87 84 70 93 85 95 79 99 96 70 85 87 75 97 96 74 86 72 86 95 74 86 87 71 90 86 74 76 97 80 94 72 97 71 84 87 84 99 75 80 89 84 84 82 77 85 90 79 95 99 83 73 84 93 92 88 90 81 78 75 72 71 98 74 71 97 74 87 71 98 75 73 94 
61 64 71 50 80 88 48 63 74 65 87 100 53 50 76 62 63 77 72 80 56 90 85 66 98 65 59 77 58 57 95 94 52 79 76 80 75 82 64 49 98 58 61 71 71 80 49 83 95 48 80 77 82 67 0 71 72 69 84 61 52 56 63 66 54 64 93 91 85 88 54 66 94 85 68 81 56 54 52 69 64 81 79 94 85 92 80 54 85 61 67 73 87 100 49 78 85 63 68 88 70 92 85 79 67 86 85 67 99 53 48 69 82 66 54 97 53 88 64 87 59 84 72 80 73 49 55 62 81 67 86 82 50 52 76 53 95 83 68 79 63 64 49 77 98 63 80 73 91 82 
86 84 82 92 82 86 99 93 99 78 83 99 81 100 97 93 83 86 82 84 94 91 86 92 93 88 78 82 88 100 80 95 92 88 78 81 96 90 80 81 78 87 95 84 83 80 81 94 80 85 91 86 91 94 98 0 93 79 98 82 98 90 78 92 82 100 90 96 78 84 89 99 80 100 97 84 93 86 85 78 92 86 98 96 90 97 91 93 81 83 88 88 100 84 83 80 94 92 100 98 96 89 96 94 88 87 95 91 80 92 81 87 83 83 88 81 87 91 84 95 84 98 87 79 90 95 87 83 86 79 80 80 84 78 87 85 83 86 88 83 95 99 99 85 96 81 95 88 88 78 
86 76 75 76 90 90 76 78 83 61 64 62 57 97 98 49 34 99 81 95 82 85 74 58 57 89 64 95 63 34 97 38 96 48 60 78 52 44 91 78 73 47 41 77 53 45 54 69 52 68 72 73 44 45 52 84 0 88 44 93 78 55 97 84 54 43 40 79 57 90 49 84 44 42 84 36 34 97 87 45 48 38 66 69 84 80 47 69 80 100 39 69 93 42 98 95 62 57 47 97 95 43 43 100 38 93 82 72 50 43 67 53 84 98 41 36 90 98 59 49 41 41 93 54 69 88 100 93 55 51 37 87 43 43 94 60 87 53 91 59 63 79 94 68 76 95 35 43 69 57 
43 52 57 55 72 50 66 43 54 98 55 94 30 88 45 33 98 73 39 74 76 99 56 80 29 55 100 49 75 93 42 97 64 96 48 51 37 100 48 46 78 92 91 82 98 78 53 74 45 69 39 56 42 30 94 66 40 0 28 51 53 80 77 42 94 58 81 62 79 42 58 59 44 29 78 61 82 77 83 45 57 76 74 88 61 93 32 88 38 97 42 98 49 76 59 78 30 28 73 54 42 47 47 30 71 100 70 74 93 59 86 30 72 86 61 93 65 89 97 83 75 36 60 55 61 50 66 63 93 60 51 81 69 29 60 99 94 50 81 84 38 63 34 37 89 85 54 45 96 35 
57 75 59 78 70 36 99 35 35 25 98 24 78 85 36 86 37 43 30 66 49 87 91 28 74 31 24 28 50 25 63 41 33 47 68 64 96 61 70 72 44 74 50 84 70 45 27 69 74 59 53 95 100 49 27 98 62 61 0 48 85 55 60 40 39 87 90 55 43 98 95 74 47 71 64 43 54 76 66 94 83 83 29 36 91 62 54 57 80 79 55 33 74 68 66 56 67 65 23 50 73 44 49 30 75 48 52 40 93 78 23 43 25 67 33 49 23 50 49 35 63 25 52 96 42 63 80 35 81 37 95 85 76 56 39 58 36 85 66 31 35 96 59 95 39 36 90 77 70 80 
84 62 56 94 82 55 81 75 96 49 95 62 65 82 46 93 49 88 83 93 94 64 91 70 72 81 51 77 53 57 80 72 52 89 92 94 62 58 83 73 65 72 99 68 100 99 82 97 99 79 48 85 74 69 54 71 70 91 64 0 69 55 98 49 96 81 86 45 90 65 71 70 45 71 82 90 50 71 47 69 69 68 69 99 68 83 86 82 92 100 51 84 72 75 85 51 68 53 82 69 84 53 94 73 84 49 45 54 96 77 88 59 69 55 74 55 81 53 93 70 59 90 83 47 73 89 45 90 95 49 91 57 51 50 76 95 68 87 55 70 88 49 76 65 98 69 81 95 72 52 
34 61 45 64 90 89 68 88 32 70 74 56 67 32 39 50 92 70 45 36 51 35 83 93 47 45 31 99 79 86 40 70 70 36 70 34 37 54 88 94 40 57 30 46 54 53 50 62 70 48 72 96 70 90 28 94 50 60 44 47 0 46 41 54 94 47 92 68 66 93 60 48 62 46 41 62 75 89 35 54 49 46 94 63 79 79 32 83 85 51 42 52 28 76 77 49 82 91 80 64 87 96 71 45 59 81 100 46 31 58 58 40 54 67 76 73 98 74 34 90 74 91 54 99 59 70 50 80 54 73 97 59 70 77 47 61 54 34 56 73 95 51 67 45 77 85 97 94 91 94 
81 73 53 67 83 45 86 67 89 74 100 57 53 84 72 59 81 83 93 88 46 99 62 88 88 72 87 63 70 59 80 66 56 45 77 50 87 81 70 75 95 88 69 94 73 45 60 50 95 62 78 76 82 56 53 90 64 47 60 49 61 0 94 64 49 71 91 80 66 60 49 78 78 49 66 98 93 60 68 67 99 95 47 67 69 51 97 78 91 98 87 88 90 61 47 89 66 61 69 62 85 48 91 88 46 46 77 68 61 98 74 96 83 59 97 76 81 98 92 60 64 72 78 66 86 82 49 66 82 88 67 71 44 76 74 97 56 95 44 56 78 96 89 73 61 63 49 67 82 88 
99 97 100 95 99 97 97 95 96 99 98 97 98 100 96 96 97 99 96 99 95 97 99 96 96 100 95 100 96 99 96 100 96 100 97 100 95 96 99 100 100 97 98 96 99 98 95 100 100 98 96 97 99 99 100 95 95 99 98 98 97 95 0 95 100 95 98 99 96 99 95 100 100 97 99 99 98 96 100 97 99 95 98 97 98 96 100 99 97 99 97 100 95 97 100 97 99 98 99 96 97 98 100 98 96 95 95 97 98 98 97 99 98 100 100 96 99 98 96 95 95 100 97 95 96 96 99 98 95 97 98 97 96 95 98 99 98 98 95 96 99 99 95 97 96 100 98 95 97 97 
83 97 69 97 63 71 74 63 93 63 98 88 84 82 63 82 95 70 93 95 65 64 82 66 63 79 62 70 86 80 84 65 70 68 84 80 64 67 79 73 97 77 70 67 76 100 69 100 93 70 70 72 86 94 65 96 75 65 91 71 95 79 92 0 91 100 85 72 82 77 71 98 73 100 71 65 91 87 97 80 78 79 91 86 97 79 92 74 72 99 78 83 65 65 86 97 90 98 73 78 62 75 98 86 83 87 73 72 76 87 93 62 77 70 87 100 94 71 98 72 61 100 63 67 61 78 89 98 96 89 85 85 70 78 79 81 81 88 73 67 88 73 87 66 73 87 77 63 76 81 
67 76 80 100 64 49 55 80 94 54 82 89 49 75 90 95 55 89 74 71 68 53 56 69 72 81 69 95 54 57 48 91 50 87 50 71 95 71 51 90 70 70 66 86 77 64 50 86 69 95 52 56 99 100 51 61 72 99 96 83 100 50 76 90 0 86 58 98 60 69 55 95 78 48 56 93 86 66 68 82 78 83 95 67 97 54 94 77 69 66 84 96 73 50 88 66 83 58 62 82 71 73 87 60 98 100 80 83 71 65 87 56 66 51 68 74 89 89 77 72 51 84 99 48 52 57 53 58 95 79 99 70 59 52 90 65 58 86 49 68 49 70 87 88 76 90 49 92 60 86 
32 73 52 80 95 97 98 82 57 82 74 50 76 83 94 78 66 78 34 33 97 81 71 36 73 96 83 73 55 49 74 92 42 78 74 77 90 66 49 79 80 60 98 74 74 53 51 83 95 62 71 86 71 62 73 86 72 83 94 61 33 95 52 46 83 0 63 41 51 81 44 71 82 96 43 49 35 78 83 36 37 54 77 96 99 81 87 99 41 76 32 78 99 76 52 52 78 39 47 99 68 57 35 66 55 69 63 67 32 96 54 75 43 76 69 40 87 94 69 91 63 65 52 61 81 79 81 60 80 79 99 69 100 95 58 35 56 96 69 67 75 73 46 61 75 32 97 49 65 36 
74 84 92 61 100 69 90 79 71 100 68 67 69 61 56 62 58 72 63 98 99 58 76 74 69 76 55 81 85 80 85 100 93 82 54 72 77 75 66 76 86 95 67 54 69 59 93 96 82 72 91 94 59 75 79 75 63 55 60 69 93 98 78 55 63 90 0 67 51 98 59 79 54 61 77 51 84 93 81 98 64 56 69 81 90 79 51 70 61 58 61 97 55 95 68 52 61 100 79 71 61 77 52 95 75 63 75 87 82 86 66 93 75 94 69 68 99 94 78 95 100 51 98 69 89 100 69 100 98 62 86 97 72 57 97 54 87 77 75 67 100 57 79 80 59 70 76 85 54 65 
59 64 91 83 52 57 65 86 84 59 35 50 36 83 57 46 71 49 29 50 29 39 43 75 30 47 41 73 93 63 64 33 95 67 78 82 67 90 60 35 48 29 41 83 98 73 70 100 78 68 77 30 34 31 54 97 57 61 54 62 92 54 45 57 52 69 92 0 55 69 95 100 81 31 77 88 39 48 65 67 74 49 44 54 72 83 90 77 47 77 44 88 57 48 67 53 63 50 39 67 90 39 60 51 81 50 53 78 53 56 66 75 69 33 43 66 100 33 71 67 49 85 67 83 99 29 95 54 74 43 86 56 100 89 65 43 59 57 36 97 37 85 47 63 98 67 95 84 64 64 
57 56 63 50 92 78 90 89 74 100 88 84 87 89 60 57 74 53 61 82 56 50 94 86 75 90 65 42 68 49 67 85 55 58 80 66 85 76 94 67 93 44 60 96 47 63 47 47 63 91 88 92 60 56 82 55 66 73 75 55 61 77 93 59 77 98 74 44 0 51 50 45 63 50 80 67 50 76 42 47 69 86 95 72 100 84 63 98 69 58 65 95 51 88 96 79 86 80 91 42 48 52 87 62 47 52 74 54 60 88 68 50 68 71 97 55 52 77 69 69 49 100 59 66 64 62 43 91 80 95 65 84 72 81 93 70 45 70 56 91 74 99 88 53 56 68 81 97 81 56 
84 74 70 70 95 78 74 98 83 67 86 66 77 69 84 97 78 79 65 66 66 77 87 94 100 83 81 65 70 74 79 95 66 76 92 98 92 81 71 94 82 72 71 72 78 76 89 80 73 69 71 78 66 68 93 96 86 94 89 74 76 81 97 78 98 94 65 70 93 0 66 75 83 93 82 86 93 79 68 81 78 90 88 93 90 69 82 100 77 65 69 71 79 94 90 89 66 69 99 81 87 100 92 71 66 70 97 87 66 87 83 91 68 92 86 78 90 65 94 81 94 68 69 65 99 100 73 73 66 96 89 83 90 70 76 74 65 88 91 85 85 83 70 68 87 92 87 94 85 100 
82 94 40 95 81 76 30 35 100 40 40 76 28 36 89 97 44 49 42 73 93 84 60 28 47 74 72 54 55 30 64 28 90 56 96 28 97 27 52 73 88 70 27 56 75 72 96 61 85 41 46 36 70 83 50 88 33 28 43 50 59 93 53 95 58 100 99 90 54 74 0 38 32 37 91 61 98 31 95 100 55 44 83 41 65 35 30 88 86 73 47 44 46 88 97 92 66 64 69 93 50 96 53 66 69 63 98 60 58 32 94 46 61 89 95 99 96 73 74 35 31 48 40 37 90 52 43 39 31 51 90 72 57 65 97 46 52 67 93 91 66 31 99 85 74 65 44 59 47 78 
94 96 93 93 92 94 95 92 92 92 99 95 97 97 97 94 98 95 99 92 96 98 96 99 92 99 99 97 98 96 100 99 96 99 94 96 95 97 92 92 96 94 98 100 98 94 93 93 94 95 97 92 96 95 94 96 94 92 94 94 100 95 93 100 98 92 97 93 97 99 97 0 92 98 98 92 100 98 97 93 97 97 92 96 93 92 99 93 92 92 99 92 95 99 100 96 93 92 96 94 97 92 93 92 95 97 97 97 95 100 100 92 99 98 93 93 95 98 100 99 99 93 100 92 95 93 92 98 93 100 95 100 96 92 99 100 97 97 97 93 94 100 96 99 98 97 94 94 100 100 
89 91 85 95 83 96 86 93 92 96 91 98 93 96 94 93 87 87 84 92 89 84 90 83 86 100 88 84 84 95 91 98 82 89 84 80 84 96 94 88 82 80 98 84 85 91 95 88 95 88 82 90 87 88 86 88 100 89 96 93 96 89 79 90 79 92 94 87 88 85 94 88 0 97 80 98 87 99 79 92 81 89 83 91 89 83 82 97 89 87 79 97 81 84 91 80 85 98 100 84 96 85 79 92 97 79 98 93 90 100 94 98 87 97 84 98 88 85 86 79 95 80 86 93 87 87 91 95 79 98 90 100 88 96 84 88 90 92 85 87 81 86 96 85 91 88 92 83 98 88 
67 74 54 75 51 95 84 68 84 92 88 67 62 80 98 44 80 81 94 49 63 42 84 61 66 67 56 79 61 52 72 99 81 48 92 84 83 94 61 94 82 90 49 78 70 56 53 49 43 96 61 46 72 42 89 52 46 42 91 43 82 74 79 86 49 52 77 53 75 59 78 82 45 0 64 92 93 83 72 87 64 95 44 46 85 92 71 91 50 77 86 82 91 78 60 55 83 57 89 61 100 71 61 57 67 54 59 66 74 56 42 77 49 74 100 83 57 51 42 94 65 76 88 78 64 78 82 86 70 55 60 83 70 72 84 70 52 98 58 88 66 48 68 82 55 60 90 79 50 81 
100 71 90 67 75 78 88 69 94 62 90 89 64 92 70 66 75 67 83 70 94 62 62 91 70 97 76 86 62 96 81 64 83 90 72 79 75 99 95 92 72 94 90 95 87 81 89 76 73 82 71 90 63 99 92 69 79 92 95 97 85 73 92 96 78 92 99 71 78 93 89 96 73 80 0 63 90 93 89 75 71 100 92 92 84 63 78 74 62 97 72 72 74 67 87 89 70 75 96 64 96 78 89 76 73 69 63 97 73 91 75 81 87 64 86 81 81 85 63 97 80 77 66 92 66 94 63 62 70 66 65 69 91 80 68 90 85 92 69 63 91 99 70 87 71 85 99 70 94 71 
81 91 99 89 98 85 97 87 80 88 90 94 81 92 84 84 98 92 80 92 81 77 82 99 93 92 97 83 86 93 84 98 99 98 97 93 90 99 88 94 82 98 86 82 78 86 80 78 78 98 80 81 91 90 82 82 92 96 91 82 77 93 81 85 99 91 82 88 79 92 79 92 88 79 92 0 88 100 94 83 91 87 85 79 80 88 94 79 80 82 84 80 90 85 100 77 79 93 82 77 84 98 95 89 93 89 83 90 87 86 98 90 86 97 96 97 92 91 87 82 87 93 86 80 93 99 86 84 83 88 81 90 79 91 100 86 79 84 93 97 86 97 85 81 91 80 79 86 83 97 
74 55 73 74 59 56 66 99 98 59 67 66 66 65 95 66 83 74 85 62 70 69 100 81 64 94 93 90 59 79 80 85 68 96 95 82 89 58 65 64 55 80 62 78 80 87 88 83 63 97 80 55 68 100 79 63 72 94 81 91 94 96 90 68 76 97 91 82 100 93 81 98 63 70 55 92 0 90 100 93 90 84 60 82 65 57 76 77 71 99 96 84 68 62 62 89 57 84 61 88 89 98 97 59 58 66 77 56 80 65 63 66 69 80 58 85 67 64 65 62 84 75 98 58 75 82 96 99 72 69 83 96 96 71 55 63 89 82 62 74 83 89 72 76 97 93 61 74 92 70 
45 81 60 68 72 41 99 79 78 56 81 85 89 45 98 60 79 80 56 47 90 41 55 92 72 55 72 47 61 92 52 49 70 48 42 60 57 84 47 66 58 76 53 50 97 96 69 47 57 92 54 86 56 46 43 56 77 91 78 47 62 57 61 97 90 74 74 77 99 44 72 51 91 58 54 95 43 0 60 69 76 57 57 64 75 55 60 96 52 78 66 62 47 76 65 74 44 85 100 79 87 87 44 66 56 45 62 76 99 90 56 41 93 53 85 79 70 48 47 47 52 91 46 93 81 89 86 77 91 49 100 47 69 42 52 71 95 61 56 54 59 85 61 57 91 75 61 88 58 57 
96 52 92 59 71 88 79 45 99 49 71 73 50 92 78 70 72 50 95 50 53 93 82 83 59 52 87 87 54 45 84 53 69 98 78 45 100 47 99 70 83 49 63 65 82 50 84 59 89 88 87 88 64 95 49 71 72 56 88 62 93 83 71 79 53 65 94 50 67 67 59 90 46 63 49 98 46 71 0 77 74 90 93 86 76 63 71 98 55 67 89 64 70 62 81 85 58 57 80 49 67 97 91 72 73 95 74 65 91 45 61 52 49 68 92 84 71 89 93 88 86 92 78 83 74 52 54 65 53 47 52 81 80 66 75 74 49 62 85 60 76 80 91 63 61 51 53 51 81 64 
97 93 99 94 93 96 94 95 93 94 95 93 95 97 98 99 96 95 99 98 98 93 100 98 99 97 99 93 96 98 99 93 94 94 95 98 93 95 95 100 100 99 97 94 93 97 94 98 99 98 96 97 98 93 94 97 94 100 100 100 97 98 99 96 96 93 99 93 99 96 97 97 93 94 99 95 99 100 99 0 94 100 100 94 96 93 99 94 96 95 97 99 100 93 97 98 96 99 95 100 96 99 96 97 95 99 93 96 93 93 96 94 95 98 99 100 100 97 96 97 94 99 100 99 96 93 94 93 98 99 98 95 99 98 100 96 95 98 100 99 98 98 100 95 96 99 95 97 93 96 
97 98 98 97 96 98 100 97 96 96 100 97 99 98 99 98 100 100 96 99 99 96 97 97 99 99 98 99 96 96 99 97 98 100 100 96 100 100 99 97 98 97 99 97 100 96 98 97 100 99 98 96 96 96 98 99 100 96 96 98 96 96 97 100 96 96 96 99 98 96 100 100 100 96 99 97 98 97 97 97 0 98 99 97 99 96 98 98 98 96 97 98 97 100 97 98 99 98 100 97 97 97 96 100 99 97 100 99 100 98 98 99 96 96 100 99 98 96 97 99 100 96 99 100 97 98 97 100 98 98 98 98 99 98 99 96 97 96 97 100 96 97 97 98 99 97 98 99 96 99 
58 66 80 65 53 66 65 76 50 93 51 97 87 85 87 92 73 49 89 68 66 69 63 80 80 61 68 48 66 89 56 56 85 61 87 72 59 78 78 71 74 52 92 78 99 68 86 45 66 71 79 51 64 69 83 88 90 58 61 65 49 68 65 69 55 88 57 74 62 65 86 100 95 69 53 100 86 88 79 72 59 0 85 70 45 69 65 98 86 46 65 52 59 66 82 57 82 69 51 76 95 73 100 79 55 48 53 86 69 71 87 64 69 48 57 74 58 79 99 56 68 86 71 71 54 82 65 86 78 74 67 93 91 73 76 91 57 96 50 94 77 45 67 63 52 88 50 51 61 61 
99 98 100 100 100 99 99 100 98 98 98 99 99 99 98 100 98 99 98 99 98 99 100 98 100 99 99 100 99 98 99 98 98 99 99 100 99 98 100 99 98 98 98 99 99 98 100 100 100 99 99 98 98 98 99 100 99 100 98 98 98 99 100 98 98 99 99 98 100 100 98 99 98 99 98 99 98 98 100 98 99 99 0 100 98 99 99 98 100 100 100 100 100 99 99 98 99 100 99 98 98 100 98 98 100 98 98 99 100 100 98 99 99 99 100 98 100 99 99 100 100 99 99 99 100 98 98 100 99 99 99 100 100 98 100 98 99 99 98 99 98 100 99 100 100 98 99 98 98 100 
88 42 76 63 96 56 65 66 75 82 93 81 46 99 42 55 85 66 46 49 42 78 97 72 59 58 58 95 62 54 66 87 50 75 88 86 64 94 46 70 92 89 75 66 56 58 87 77 54 84 91 48 88 86 95 91 58 89 53 75 66 85 72 73 43 75 96 91 82 69 96 89 75 77 74 43 97 88 49 82 53 48 57 0 96 69 45 97 62 82 63 43 53 64 56 65 95 80 82 77 48 99 84 94 91 52 89 69 82 90 43 72 52 51 95 100 66 44 79 49 86 95 49 88 71 97 52 93 89 53 81 50 96 75 58 91 94 42 82 76 100 90 92 100 48 80 91 90 88 61 
86 80 77 92 80 100 74 94 92 83 91 75 88 95 96 95 85 100 76 73 94 75 81 94 74 81 99 95 76 77 98 99 78 91 80 74 88 96 97 99 81 79 95 88 79 93 95 99 73 100 95 84 84 94 88 78 80 74 73 82 91 81 86 77 83 99 79 93 74 78 100 93 79 82 81 95 81 78 91 86 88 87 82 88 0 92 87 80 92 94 88 100 80 88 82 98 86 77 82 88 100 80 88 92 99 77 89 73 100 77 78 89 84 83 74 92 99 84 88 76 84 82 95 89 90 98 78 78 77 86 82 78 99 87 85 81 87 86 75 79 77 75 90 84 84 97 100 84 97 75 
75 66 92 83 92 45 83 64 46 52 54 87 49 66 21 100 56 36 89 51 96 27 43 86 98 86 27 76 98 55 39 22 88 49 17 78 71 92 19 92 56 18 52 30 54 32 35 17 97 42 43 17 37 99 17 76 60 53 90 30 27 89 37 21 65 37 23 88 83 63 28 43 20 65 95 49 53 37 79 67 93 17 83 27 99 0 85 65 29 58 96 37 36 35 31 61 86 71 87 17 25 46 83 60 42 78 34 52 46 67 75 36 31 78 50 31 34 94 65 34 18 51 61 90 99 45 75 93 20 62 41 61 41 50 41 72 64 66 68 87 27 35 34 73 79 42 42 49 51 54 
96 90 96 90 95 96 94 90 94 93 92 96 98 98 91 97 95 97 100 90 93 89 99 98 90 98 95 100 91 96 90 96 92 99 97 91 96 99 91 94 97 91 91 94 95 99 91 96 99 96 97 93 91 89 100 95 91 99 89 89 90 99 92 98 95 95 94 92 93 97 98 95 93 90 96 95 97 94 96 89 89 95 97 89 99 97 0 92 89 93 92 97 93 96 92 95 89 98 99 89 95 93 99 97 98 100 92 99 97 89 98 94 100 100 91 92 90 90 94 99 98 89 89 90 95 93 98 97 99 89 95 90 94 98 90 99 91 98 89 96 93 96 91 93 100 97 97 92 99 94 
72 79 68 90 76 63 92 87 76 89 88 64 64 84 92 99 88 82 81 64 92 71 81 68 85 96 92 92 67 97 94 78 86 94 66 63 66 90 67 65 93 84 63 85 95 68 63 96 92 67 94 76 78 84 100 63 96 71 86 100 80 92 86 86 98 92 80 79 66 81 86 83 63 82 69 72 84 84 76 96 81 78 88 67 69 66 70 0 89 78 67 77 69 66 94 63 73 77 91 71 87 83 64 64 67 78 95 95 77 81 81 84 87 94 65 69 96 95 66 86 88 82 74 67 91 66 96 82 90 65 67 94 74 83 64 82 79 80 85 89 63 98 81 80 93 63 70 89 79 84 
13 49 33 76 17 15 96 30 11 93 56 66 68 58 18 20 13 98 69 34 23 67 91 45 99 62 72 38 67 100 14 100 75 14 13 68 92 14 46 70 80 72 86 39 14 85 82 94 76 89 79 30 26 76 54 100 25 56 28 76 32 15 50 18 14 62 75 15 80 58 98 44 67 28 81 41 78 83 97 32 54 81 73 66 67 100 74 33 0 20 72 59 55 24 12 85 65 34 62 47 29 90 31 89 68 100 11 91 48 67 41 77 60 64 48 12 15 63 72 48 100 67 96 33 59 51 41 89 36 87 44 14 95 20 45 16 75 24 23 92 24 68 79 100 13 23 60 49 21 45 
99 76 96 98 93 73 74 84 97 89 83 97 92 80 95 88 84 84 80 71 72 75 86 84 83 96 82 94 75 80 97 86 90 76 72 100 95 92 85 79 90 78 73 84 98 71 77 87 98 87 95 86 91 76 94 91 99 93 71 92 85 75 93 71 84 88 92 78 78 79 78 87 95 74 94 100 92 76 92 96 91 91 82 71 86 95 100 74 74 0 84 72 72 72 95 71 71 90 84 90 76 72 88 72 75 73 98 74 97 93 89 92 87 91 77 91 81 83 91 89 86 88 96 88 97 85 77 97 77 96 74 86 98 86 99 87 89 71 90 73 77 75 84 83 96 86 81 77 99 89 
86 86 60 57 100 55 78 63 68 55 71 64 97 64 56 84 97 62 62 73 84 82 61 74 100 84 87 78 82 59 63 77 58 86 65 87 85 56 62 87 83 80 83 65 55 61 62 65 64 87 53 63 59 60 95 61 95 75 62 55 96 88 80 78 100 95 73 99 99 67 58 54 80 54 99 66 53 53 83 80 85 89 94 95 76 82 56 84 77 77 0 58 91 54 65 74 70 63 89 75 64 99 59 100 82 53 66 55 75 64 57 100 99 75 55 82 61 66 54 80 56 100 67 85 99 57 64 97 98 85 61 85 98 70 58 92 63 91 97 98 76 55 97 100 68 67 54 94 97 100 
91 95 95 94 96 99 88 93 94 98 91 99 98 96 88 93 99 92 92 88 100 95 100 96 99 87 88 94 93 89 91 93 94 89 98 87 88 90 92 99 99 95 89 90 97 93 94 96 91 99 93 89 100 92 100 95 95 98 97 95 87 88 87 94 88 100 95 96 90 90 96 100 94 89 100 99 91 100 92 93 95 94 94 93 97 95 90 96 97 92 87 0 100 87 92 91 87 92 92 87 95 96 91 87 87 91 99 97 96 97 87 88 89 100 91 95 88 89 96 93 90 89 87 100 94 90 88 98 87 89 88 92 93 93 100 100 95 91 98 96 95 92 97 92 100 97 90 90 93 95 
74 72 95 80 87 74 85 75 100 83 90 77 91 88 84 93 88 85 84 84 71 83 76 91 91 99 83 84 91 95 82 78 83 78 76 82 97 99 98 82 94 80 93 83 87 71 80 72 86 100 74 82 70 94 76 91 82 95 73 87 72 88 79 82 87 85 96 71 75 77 96 100 100 87 73 71 77 75 77 82 78 94 96 92 87 84 73 78 86 93 79 87 0 87 93 90 99 70 90 77 87 90 75 73 75 93 98 74 71 85 87 73 86 88 80 97 75 85 75 78 84 80 73 95 85 93 87 83 70 75 82 77 95 88 92 89 74 80 82 72 78 87 78 93 78 96 92 99 92 92 
100 99 100 100 100 99 99 100 99 99 99 100 100 99 100 100 100 100 99 99 99 100 100 99 100 100 100 99 100 100 99 100 100 99 99 100 99 100 99 99 100 99 100 99 100 100 99 99 100 100 100 100 99 99 99 99 99 100 99 100 100 99 100 100 100 100 100 99 100 100 99 99 99 100 100 99 100 99 99 100 100 99 100 99 99 100 100 100 99 100 99 100 99 0 100 100 99 100 100 99 99 100 100 100 99 100 99 100 99 99 100 100 100 100 99 99 99 100 99 99 100 99 100 100 99 100 99 100 99 99 99 100 99 99 99 100 100 100 99 100 99 99 99 100 100 99 100 100 100 99 
40 64 61 57 41 63 38 66 50 71 94 51 88 91 40 52 66 63 97 35 87 36 84 36 71 52 80 38 80 73 59 61 94 88 34 45 42 38 33 56 82 37 69 78 71 55 60 95 33 58 45 84 62 78 81 76 64 42 77 68 65 45 52 94 56 50 38 88 74 35 71 54 82 66 71 84 94 88 46 60 81 65 77 86 65 94 89 48 79 72 65 76 90 78 0 86 49 78 87 32 44 92 35 75 41 32 40 96 38 78 92 35 53 36 76 80 68 56 91 42 78 59 62 44 64 58 84 44 86 59 33 81 48 48 67 50 98 35 51 76 78 32 57 48 52 41 53 55 72 71 
78 99 99 53 80 90 84 86 77 72 69 95 70 88 88 81 65 60 66 70 59 81 49 81 93 81 54 53 65 77 57 56 88 80 49 86 75 94 61 77 55 73 58 86 87 51 92 59 76 74 86 92 74 84 64 65 79 88 65 61 81 55 60 52 58 86 55 89 80 74 77 63 50 51 96 98 79 71 52 50 61 64 64 64 96 93 86 86 93 56 49 74 64 63 49 0 82 65 88 95 55 96 59 89 61 57 62 49 100 63 54 81 81 57 64 85 98 99 89 72 83 58 73 49 68 83 67 55 86 62 86 89 92 56 68 52 64 50 66 52 72 62 83 97 89 95 87 49 98 81 
75 48 24 52 24 65 21 65 38 59 78 90 25 40 42 19 51 99 96 42 57 49 53 46 59 73 19 60 86 19 35 52 29 88 32 47 95 72 60 47 45 89 26 48 83 56 75 40 68 19 19 79 28 48 82 43 91 86 56 93 40 94 25 89 92 65 50 45 90 20 48 55 41 23 61 24 51 89 81 61 69 60 21 37 88 26 51 69 94 93 39 57 64 57 59 38 0 68 26 40 96 20 65 68 71 47 60 57 82 31 69 67 71 84 49 71 36 94 67 73 85 80 35 22 88 67 73 40 47 76 75 57 74 34 64 20 24 22 47 69 31 84 35 72 93 40 51 45 67 36 
76 83 100 72 84 72 75 77 88 93 91 70 95 97 97 77 93 77 97 74 80 79 76 87 85 70 75 97 91 79 91 70 87 87 79 83 96 87 87 79 96 100 74 72 85 91 90 91 76 73 82 77 76 95 94 98 77 72 87 72 94 77 83 74 72 87 83 72 76 99 70 97 82 93 90 70 80 74 86 90 75 94 94 83 71 84 72 76 97 75 78 85 91 100 95 75 85 0 88 76 96 80 83 92 73 88 86 70 96 77 87 88 88 75 76 83 93 82 100 98 98 85 76 94 91 70 91 92 76 99 85 87 71 84 87 87 94 77 83 74 81 95 81 100 91 85 96 83 99 90 
97 79 75 38 56 89 93 50 64 89 79 27 32 19 64 13 74 53 42 35 42 47 33 79 64 28 89 26 86 84 79 85 11 97 26 93 90 90 19 96 22 19 70 99 28 19 11 28 81 76 17 54 74 86 56 58 38 15 79 98 70 23 95 79 83 56 72 47 28 56 50 27 94 84 73 21 43 47 15 47 20 75 60 87 63 71 32 77 11 67 41 70 33 54 33 61 49 88 0 15 16 33 33 79 54 99 50 96 22 18 60 26 17 27 82 84 32 27 74 93 54 31 36 36 95 93 83 11 20 93 60 42 40 22 59 71 40 53 52 85 68 31 68 94 67 70 79 23 88 90 
92 95 91 96 84 94 91 87 85 93 99 100 99 98 91 87 99 98 92 94 88 91 84 83 92 88 87 90 86 85 83 96 97 99 92 85 93 95 89 97 97 100 97 83 85 97 86 94 89 99 100 94 83 100 94 83 87 88 89 98 83 90 85 86 83 93 86 89 87 94 93 98 98 87 86 96 97 92 86 91 88 97 87 83 91 88 97 98 96 99 88 85 98 93 86 93 95 90 94 0 97 87 99 83 86 90 100 83 95 91 86 85 91 99 98 95 89 100 85 83 97 94 87 99 98 86 98 94 95 91 92 85 94 92 99 89 97 92 91 87 97 87 100 86 93 94 95 85 100 100 
76 50 82 51 99 79 44 94 26 40 83 86 28 54 21 68 86 65 21 42 42 26 72 50 100 58 55 27 18 84 55 89 79 99 100 25 76 30 84 41 55 51 69 18 33 84 52 44 22 55 64 73 88 100 53 72 65 83 66 66 29 21 66 79 26 80 52 19 68 70 98 18 99 38 97 70 92 41 28 62 59 78 65 47 69 27 60 61 37 53 68 48 96 94 90 99 75 72 86 43 0 85 76 37 50 90 56 29 53 93 55 38 29 78 74 82 70 60 22 44 31 74 18 79 42 51 47 73 21 64 35 71 41 41 41 98 57 83 29 74 47 87 46 62 91 19 26 45 83 64 
78 76 88 93 100 72 81 71 84 79 97 90 88 88 78 95 91 79 75 87 86 80 100 71 94 88 87 76 77 89 86 96 85 82 81 80 90 71 80 81 69 97 90 87 93 74 78 72 79 97 68 92 99 70 92 72 83 89 75 90 69 84 74 97 94 85 95 70 98 80 75 100 87 79 97 99 77 76 83 99 80 86 87 85 76 81 72 92 69 76 86 75 85 81 79 87 71 86 77 97 92 0 99 96 75 97 82 77 81 68 72 75 71 73 75 89 72 92 90 93 76 92 93 71 77 74 95 89 75 97 84 69 73 84 98 88 75 75 92 84 73 88 99 89 100 96 84 97 85 86 
77 98 91 72 76 84 76 97 80 82 97 92 92 76 76 77 94 73 100 75 93 85 95 72 76 74 84 92 74 90 93 90 95 78 89 96 82 100 72 72 100 75 86 99 81 92 94 80 72 73 77 91 73 95 79 79 90 99 96 99 91 72 76 96 80 90 74 86 84 78 73 72 86 83 93 89 79 73 98 79 72 72 86 85 89 73 89 71 99 84 77 71 77 72 98 81 82 79 93 73 74 72 0 93 79 84 72 91 79 88 88 97 90 98 97 87 81 97 82 90 93 86 75 97 92 87 99 88 71 81 89 81 88 83 81 90 96 90 71 93 82 98 98 77 73 79 83 98 88 83 
96 99 82 84 91 98 94 86 84 86 82 84 83 94 97 82 89 99 96 97 95 93 78 78 97 98 99 91 83 98 80 99 100 88 93 86 89 84 99 88 86 89 91 85 79 83 88 90 82 98 99 100 90 98 94 99 80 79 87 81 91 99 97 82 78 97 78 94 81 80 78 92 78 96 89 91 95 93 83 80 84 95 86 90 100 88 94 87 83 91 79 95 78 92 99 94 97 98 79 84 97 92 84 0 86 81 92 86 83 100 78 80 92 99 85 93 78 90 91 98 92 93 91 83 84 83 82 90 96 89 97 96 82 100 81 86 79 96 92 84 81 84 86 100 90 81 100 79 82 95 
70 86 37 51 81 63 68 60 41 36 24 80 38 75 89 82 36 46 21 32 88 99 26 37 93 90 74 28 48 53 21 79 89 85 60 50 57 90 80 62 63 59 86 66 89 53 48 63 76 72 68 76 80 44 24 95 64 100 39 80 99 98 34 28 63 21 77 51 21 56 59 68 31 56 40 70 96 100 66 46 96 95 75 51 30 55 49 78 32 94 96 23 63 81 86 65 28 99 84 85 80 50 97 25 0 66 54 43 95 31 24 34 54 93 34 76 53 71 21 96 64 41 22 85 69 74 78 72 24 82 91 40 61 90 30 55 80 31 70 80 54 97 34 78 98 94 89 89 69 69 
99 97 98 97 98 95 97 95 98 99 99 97 98 100 97 97 96 96 98 97 100 97 95 100 95 96 100 100 98 99 100 98 100 99 97 96 100 99 99 96 100 95 97 99 99 100 100 95 99 98 98 99 95 99 99 97 97 98 99 95 97 100 99 100 99 98 96 97 100 98 98 96 95 96 95 100 99 95 97 95 96 99 96 99 97 99 97 95 98 98 98 97 98 97 96 96 97 98 99 98 97 97 95 98 96 0 98 96 100 98 99 100 99 98 98 97 96 99 99 100 100 95 97 100 95 96 100 99 96 97 97 99 96 98 97 97 98 98 96 100 95 98 98 96 99 98 95 95 97 100 
93 91 95 100 86 85 96 90 100 98 97 92 98 91 94 85 94 100 93 95 89 83 91 95 98 97 90 98 95 97 100 91 87 85 85 91 89 83 94 83 100 99 97 100 85 95 96 98 97 91 99 100 89 94 86 97 84 89 91 100 88 96 89 99 87 94 97 100 91 93 86 99 96 94 96 100 98 92 95 86 96 95 98 96 93 95 86 96 92 85 95 90 89 99 85 85 87 87 86 95 89 92 96 97 95 89 0 91 84 88 93 88 85 98 98 87 94 98 96 92 83 89 89 88 87 95 92 93 85 96 91 93 89 95 99 91 99 88 94 91 96 94 95 83 87 89 93 87 91 93 
89 91 86 91 96 90 87 99 90 92 86 99 93 89 84 99 90 96 86 86 93 86 91 98 91 96 86 86 91 86 92 95 96 89 86 94 87 100 89 85 89 88 100 90 94 92 100 84 95 92 94 92 89 91 92 85 98 96 93 98 84 92 95 99 93 88 91 92 87 85 84 100 90 89 100 87 85 98 87 88 97 86 100 92 98 90 92 90 100 86 86 100 100 100 93 93 90 100 89 89 89 87 84 98 92 100 98 0 85 95 92 89 95 100 88 99 89 93 100 84 84 95 99 99 91 84 84 93 100 94 91 88 92 90 100 95 98 88 84 90 96 100 95 100 86 98 92 95 100 84 
76 71 92 23 29 54 63 38 46 36 99 42 51 65 93 29 58 89 46 59 85 20 91 36 73 18 77 24 43 37 44 59 51 72 81 21 41 28 92 48 55 31 91 55 28 25 23 42 37 32 50 68 77 61 80 66 20 44 52 36 98 39 97 92 35 88 68 58 26 35 63 27 49 60 36 56 36 55 40 90 78 47 69 18 92 98 50 49 53 51 74 62 94 87 40 82 69 35 47 99 84 51 50 94 94 97 61 37 0 78 96 51 79 61 94 35 52 55 32 65 58 96 38 19 75 95 18 32 90 59 84 77 31 71 49 59 66 19 32 29 60 83 64 46 91 69 87 20 35 41 
45 89 100 94 46 50 39 80 64 90 67 71 64 46 83 42 57 29 47 56 66 100 99 94 91 33 57 63 82 66 48 61 74 66 98 100 79 70 86 76 29 92 47 31 77 58 30 86 63 86 40 66 73 44 38 71 72 46 68 34 50 38 59 89 75 38 66 36 79 76 39 85 33 31 86 47 59 51 31 28 26 72 30 53 73 73 86 57 52 87 26 42 70 94 37 62 100 65 42 35 45 78 38 99 57 98 82 26 86 0 35 37 81 38 81 67 27 46 40 39 85 28 93 31 36 47 82 51 65 45 46 63 75 58 37 63 65 30 88 80 84 48 91 71 92 44 75 49 56 72 
97 89 92 91 100 88 89 89 98 91 94 94 92 100 97 100 94 99 100 91 90 89 88 97 89 100 95 94 90 88 92 95 89 88 99 98 93 89 98 98 96 97 98 94 88 99 88 94 91 93 90 93 99 99 94 88 96 96 90 96 98 91 98 97 96 100 90 97 94 93 95 91 88 100 88 98 97 97 92 94 98 88 100 97 88 92 97 91 99 96 100 97 93 90 100 99 91 95 97 88 95 89 97 99 93 95 92 100 100 92 0 93 91 99 99 88 99 95 92 99 93 99 94 95 99 89 88 92 90 92 90 89 98 94 95 100 97 98 96 89 91 97 95 96 94 92 99 95 92 94 
79 47 67 97 57 83 64 94 38 88 49 58 40 66 44 100 100 51 64 45 75 85 52 78 62 27 96 63 42 72 32 48 32 29 60 49 65 54 58 78 63 72 51 95 88 82 89 73 64 67 73 57 99 39 48 89 94 73 80 92 34 90 84 83 99 48 99 77 35 36 50 70 75 80 84 76 48 76 59 37 55 31 46 35 88 48 69 72 75 64 81 100 80 32 74 47 63 80 100 91 75 55 39 34 50 30 29 52 69 78 72 0 98 30 64 68 84 42 45 87 66 64 34 47 71 64 98 70 36 39 84 86 65 71 41 83 54 100 76 92 72 97 39 60 53 66 64 69 43 86 
64 96 96 88 51 67 45 39 77 100 90 60 82 76 82 65 88 94 82 46 73 65 75 27 49 51 57 52 99 32 99 54 35 82 53 67 68 58 25 86 45 89 48 34 89 33 94 89 82 49 67 73 46 98 35 34 78 94 44 83 75 63 43 61 67 94 65 32 88 97 30 47 44 30 88 77 49 37 59 34 37 99 52 49 36 82 81 63 35 32 42 46 75 66 81 93 86 42 89 26 67 64 77 25 88 35 75 78 52 54 52 29 0 89 29 53 49 79 37 60 70 100 78 97 42 41 64 65 69 96 78 67 51 35 33 84 60 32 80 42 72 77 55 60 64 82 47 50 51 64 
85 80 97 65 89 89 78 69 94 67 74 86 90 85 93 67 89 91 67 81 67 91 84 76 96 84 69 99 91 76 68 78 78 64 91 87 83 100 82 73 69 99 90 71 64 69 76 99 99 76 74 85 91 90 77 88 80 100 100 69 95 73 77 72 76 64 95 81 99 81 76 76 71 81 95 92 90 91 87 68 97 79 68 93 80 91 73 79 95 99 76 91 93 77 95 74 94 92 77 70 79 72 99 85 86 81 69 98 75 89 82 98 88 0 100 75 66 91 80 86 76 82 71 71 73 78 100 76 64 67 76 84 65 69 88 83 78 93 76 78 82 69 99 91 69 91 98 87 69 92 
88 57 54 86 61 98 58 76 59 68 50 59 91 87 92 81 97 85 82 76 97 67 73 71 57 70 92 66 89 92 99 94 58 67 66 82 89 76 90 64 72 78 90 91 66 76 74 60 64 69 84 94 65 94 56 95 96 93 84 67 89 73 77 67 87 83 90 75 68 88 100 91 91 51 93 98 82 72 68 71 68 66 72 100 80 50 68 54 75 87 70 61 55 72 92 57 90 78 74 86 51 69 86 87 83 80 52 97 81 91 63 89 50 99 0 79 74 90 52 67 66 93 96 72 94 67 87 91 99 76 95 76 83 70 81 91 85 73 57 87 56 59 85 100 80 61 95 69 58 81 
18 85 55 89 30 73 99 52 51 78 76 37 19 40 71 15 100 93 24 100 24 89 40 24 50 80 42 70 14 92 71 91 84 42 66 63 52 72 89 55 72 46 42 53 17 87 24 93 77 65 68 33 62 85 69 40 93 56 24 15 28 88 57 29 86 31 37 80 73 65 74 81 41 37 48 17 29 75 42 23 97 42 25 74 48 95 32 31 90 63 91 17 76 25 89 83 62 37 85 17 34 55 51 82 56 54 81 18 52 60 53 69 99 55 68 0 17 56 94 97 43 69 98 45 18 75 14 45 19 38 68 83 57 24 45 65 86 48 99 56 88 27 90 20 15 17 56 24 20 87 
85 95 99 76 74 90 90 78 96 76 87 74 75 90 100 93 80 74 94 82 100 80 97 84 93 76 94 98 88 94 79 100 99 94 85 88 97 74 82 100 98 78 90 84 87 97 83 78 87 99 79 89 78 76 97 87 100 100 98 97 100 89 82 81 90 90 74 82 78 91 76 85 77 95 94 100 92 83 94 88 87 100 89 96 95 95 74 75 90 81 89 98 85 96 75 99 79 89 92 97 91 90 87 89 84 94 99 79 94 99 97 75 76 76 82 92 0 75 97 74 83 76 85 84 77 74 75 92 74 96 82 99 78 74 75 75 76 79 88 76 92 74 79 96 78 76 79 83 82 77 
91 28 67 53 47 21 99 80 46 38 55 74 61 29 76 98 94 75 54 87 50 89 29 63 97 31 79 95 65 29 82 30 48 89 66 64 66 57 35 81 74 30 17 44 26 33 24 42 22 47 66 99 64 66 22 66 65 67 44 88 88 51 55 88 18 86 91 100 46 89 25 62 34 79 42 78 73 81 33 36 65 100 60 93 44 75 26 77 84 28 98 69 48 62 78 70 24 43 42 97 63 41 56 48 77 60 25 97 26 38 87 90 55 27 76 58 28 0 24 100 35 88 54 53 81 45 93 65 19 69 86 43 42 37 49 49 39 68 73 64 50 29 49 79 87 85 96 49 81 87 
99 85 85 85 87 94 82 94 96 94 88 93 88 98 85 98 90 87 99 95 87 100 91 98 90 90 82 92 82 90 98 98 88 95 82 88 84 94 95 85 99 86 83 87 84 92 91 90 90 100 98 85 83 95 97 84 91 86 98 87 91 82 88 96 87 86 90 82 95 89 83 99 99 94 82 86 86 86 96 95 89 84 89 90 99 83 89 96 92 86 83 90 93 90 100 95 87 84 85 95 99 96 90 98 82 94 96 93 97 97 97 88 84 84 88 89 97 95 0 91 89 91 93 85 94 95 86 84 84 87 92 86 82 97 92 93 96 91 100 94 96 85 100 92 100 85 93 94 96 90 
62 91 75 46 41 54 93 55 96 80 99 38 34 54 91 62 92 64 36 24 52 79 67 56 25 54 86 32 88 38 25 61 71 96 27 62 46 82 37 70 87 82 22 62 35 29 30 72 85 33 43 32 58 78 33 40 62 35 60 24 97 35 90 39 70 63 61 24 51 32 43 84 83 76 40 56 81 31 85 52 36 59 88 81 39 67 57 31 40 93 23 77 90 28 75 58 100 31 49 54 52 27 79 27 71 97 97 28 73 49 61 64 94 72 89 38 25 73 79 0 25 98 44 29 80 35 43 65 100 100 48 81 82 22 86 68 60 22 100 22 49 41 34 93 60 84 85 93 53 24 
91 98 91 91 97 96 96 92 98 94 94 100 92 93 94 97 96 95 92 90 90 95 100 94 92 92 92 99 90 99 99 97 97 96 90 94 98 96 93 99 96 96 96 97 92 94 96 100 94 92 92 99 92 93 98 98 98 96 90 94 95 91 95 96 96 95 95 100 90 93 93 95 95 93 94 98 94 94 91 99 95 95 95 99 93 90 91 90 94 96 92 94 98 100 90 96 98 99 100 96 90 96 96 100 91 90 97 90 96 91 100 91 99 95 90 92 98 100 90 94 0 93 94 97 90 94 93 94 90 93 92 91 91 100 92 92 98 94 99 100 93 97 100 95 100 97 100 99 92 90 
16 84 31 56 34 56 63 43 92 84 24 87 46 71 48 48 55 24 93 74 70 23 22 99 19 96 68 37 18 78 58 92 75 75 32 16 51 78 21 38 22 17 35 48 27 91 37 66 82 16 64 54 82 91 73 62 48 97 28 29 57 88 88 26 54 89 17 30 19 44 16 37 44 21 29 90 36 68 48 16 62 30 32 17 71 22 68 97 24 58 16 75 30 63 76 59 35 69 71 32 74 31 69 57 77 20 84 94 27 66 86 30 85 90 43 48 16 57 32 53 76 0 27 53 55 93 68 80 72 60 76 92 64 46 85 38 93 33 40 16 22 20 18 28 85 93 66 48 84 31 
45 54 68 35 74 37 63 42 82 70 52 46 33 55 83 49 39 51 93 97 35 42 85 76 57 72 75 31 37 44 40 64 31 70 94 51 63 65 92 77 54 39 33 34 72 45 69 90 86 36 73 82 90 64 99 88 98 95 100 90 48 72 77 31 51 73 48 94 49 67 90 90 96 61 45 50 38 56 98 57 100 80 56 64 66 71 94 56 30 63 75 84 88 70 72 55 32 88 91 97 99 96 95 42 92 60 40 52 70 50 93 88 67 46 59 94 60 64 96 44 69 49 0 89 60 71 71 69 78 30 60 93 71 40 99 41 41 82 63 91 38 99 59 70 71 34 91 53 44 66 
82 76 95 75 82 92 72 80 64 92 63 64 79 70 84 67 74 70 74 74 100 85 68 88 93 87 85 99 83 62 66 76 96 86 62 98 66 64 62 64 79 76 96 85 92 70 90 97 90 79 90 88 64 88 72 79 62 93 82 88 68 87 90 65 69 68 77 65 85 99 77 84 87 69 74 77 90 86 79 75 68 93 67 81 65 86 100 62 70 63 77 86 67 82 86 81 63 98 82 75 93 67 79 76 71 98 92 81 79 86 95 63 68 81 71 82 92 78 92 94 100 99 95 0 94 63 82 66 62 71 62 99 94 62 89 79 76 89 90 76 71 65 81 96 77 67 96 98 86 79 
97 100 69 87 82 63 65 68 70 97 86 96 83 96 71 74 89 83 61 70 92 100 70 89 92 59 58 75 69 63 83 60 82 83 76 75 74 84 69 96 68 73 66 94 93 100 60 78 66 65 62 63 90 66 71 65 82 64 60 80 65 61 97 77 80 75 83 98 75 81 79 83 84 91 63 76 99 84 100 90 71 70 63 69 81 86 75 63 87 89 85 90 79 60 75 87 71 96 99 73 82 89 96 66 75 68 79 89 58 88 87 80 86 100 94 63 92 65 58 98 100 82 66 67 0 92 78 86 90 83 61 89 73 79 69 58 92 86 79 92 95 76 62 78 61 73 92 65 90 84 
80 44 48 26 97 77 99 84 96 60 35 24 47 50 91 29 63 51 87 63 80 94 41 100 69 33 30 38 59 47 60 36 28 68 89 84 38 76 85 100 91 76 39 29 80 86 60 72 42 86 47 66 91 91 35 71 30 45 29 41 28 86 70 42 78 40 96 71 47 89 34 64 74 74 48 89 97 83 62 79 60 21 36 73 58 36 63 33 53 25 50 38 39 96 91 53 40 92 37 43 77 61 66 27 44 78 57 96 39 56 85 70 99 39 48 21 50 22 71 60 98 82 50 24 27 0 99 73 61 97 63 27 48 94 87 92 25 96 49 28 27 31 26 53 81 51 85 21 92 85 
51 49 98 45 79 87 60 76 46 79 49 81 97 71 60 64 55 49 84 94 81 59 67 100 75 91 46 95 84 85 69 73 79 56 58 65 81 46 45 73 63 50 48 49 49 59 61 48 51 78 99 51 55 79 72 88 62 74 79 56 78 86 69 79 87 45 48 89 99 81 87 49 66 61 65 48 86 90 70 52 51 87 88 93 79 68 65 80 99 53 89 96 86 76 96 60 47 90 81 46 50 87 97 91 54 75 72 49 61 64 81 55 59 52 47 76 97 53 59 50 70 86 71 53 73 50 0 88 97 82 56 55 53 54 71 66 67 83 67 86 89 79 77 86 91 78 50 75 49 92 
74 59 51 58 64 53 53 49 75 98 80 81 73 95 99 55 53 74 71 89 57 60 96 80 85 60 63 51 47 45 97 54 60 77 67 70 59 75 99 100 100 73 46 64 51 53 79 47 62 75 47 53 65 72 86 86 96 99 62 91 66 48 85 78 62 94 60 60 81 53 76 90 80 56 98 49 77 68 89 98 71 80 48 50 50 56 83 74 56 83 85 82 72 80 100 75 54 91 54 86 74 48 100 99 89 95 62 54 59 74 97 99 91 45 99 99 86 50 60 84 69 61 94 69 45 95 79 0 56 66 57 74 60 51 45 67 61 57 79 82 75 47 51 51 54 63 77 92 68 79 
36 46 71 46 61 79 57 88 64 72 53 38 48 76 41 53 37 85 30 38 84 87 35 31 78 52 87 81 80 54 42 51 80 56 55 79 33 76 98 74 29 65 40 99 81 32 81 71 71 36 41 57 63 34 99 98 65 43 30 69 92 59 94 69 55 85 90 53 80 92 99 31 57 83 96 48 34 99 76 29 67 50 97 71 45 82 40 41 35 29 97 43 93 61 27 38 54 63 50 50 39 63 95 94 100 45 100 63 100 62 99 58 92 60 48 89 64 52 48 29 31 34 73 69 57 71 69 85 0 86 86 81 74 89 75 27 86 99 53 98 73 53 83 85 83 64 76 36 46 36 
92 78 34 81 93 66 84 17 38 62 91 21 51 53 24 76 13 73 46 13 70 39 85 24 77 85 73 59 16 50 66 36 76 52 23 84 79 46 94 41 77 44 75 77 48 57 89 14 21 53 98 81 22 52 88 68 18 74 56 85 86 53 75 67 78 51 69 90 55 55 33 26 88 25 21 17 30 15 23 89 43 40 66 91 20 89 55 47 32 62 100 44 18 21 19 45 96 79 81 47 29 26 73 58 50 36 34 20 95 67 66 87 59 66 34 33 43 93 94 42 76 78 27 35 18 100 69 33 88 0 14 86 13 99 33 48 64 56 63 49 51 51 71 59 15 28 62 66 35 80 
90 92 95 99 94 96 99 97 96 93 95 93 95 92 90 99 99 99 97 100 97 94 100 95 90 96 93 99 90 92 95 92 98 91 94 100 96 91 92 98 94 93 95 90 91 90 93 94 95 100 93 91 93 95 92 96 100 92 95 90 95 91 100 90 100 90 91 99 100 96 97 97 96 96 95 90 99 90 93 90 96 100 98 97 95 95 96 90 96 93 93 97 91 92 94 91 91 94 99 96 95 91 98 97 95 92 96 98 95 96 92 95 91 98 92 91 90 93 93 96 98 97 90 96 100 100 98 93 99 93 0 99 99 96 99 100 97 96 99 95 94 94 98 93 97 95 92 93 95 96 
90 96 74 69 93 90 77 68 90 77 94 92 80 81 79 75 81 85 96 70 76 96 91 69 98 86 91 90 81 72 68 81 95 82 77 97 90 98 94 92 74 97 93 91 97 86 77 84 98 88 68 76 93 91 81 91 77 95 82 89 83 95 72 93 94 88 83 88 73 99 71 84 90 89 95 92 78 99 85 89 79 93 83 96 68 90 83 92 78 74 98 92 97 97 84 83 71 92 92 85 97 77 75 92 91 99 72 95 72 99 99 94 76 73 94 80 71 73 69 90 99 99 70 83 94 96 76 79 95 91 68 0 83 95 93 80 75 82 91 84 89 92 100 92 99 90 76 78 98 96 
97 81 92 83 91 98 82 81 75 81 79 87 100 89 85 91 88 81 87 90 97 86 95 77 76 77 89 87 97 76 72 93 95 82 96 97 89 97 85 93 77 81 96 72 89 96 76 73 78 86 95 77 85 88 93 74 75 74 93 73 81 100 98 80 76 85 75 92 79 78 73 78 72 86 97 73 74 76 71 98 87 83 87 76 98 85 80 85 71 78 84 86 74 80 75 87 82 90 85 85 95 95 97 81 71 90 88 99 76 75 78 91 76 87 81 95 98 92 91 87 86 92 77 79 98 93 96 78 100 96 98 81 0 90 88 88 100 84 79 88 95 84 85 75 71 73 77 88 89 85 
85 92 97 78 99 87 88 98 81 91 76 75 93 76 82 95 95 88 78 94 77 97 87 97 93 75 75 100 84 81 89 95 92 74 97 93 89 87 86 86 91 95 91 86 85 88 96 83 74 77 91 75 90 77 78 77 74 83 96 95 93 78 99 99 99 96 83 86 76 86 77 82 85 76 96 91 79 93 84 95 74 76 75 85 100 84 79 79 84 83 74 82 81 91 90 82 99 100 95 93 79 76 93 82 83 76 78 81 90 89 74 100 79 92 93 99 78 95 89 96 86 89 78 82 94 100 96 89 96 92 92 96 74 0 87 98 82 86 97 94 81 80 76 90 81 75 93 74 99 78 
83 72 100 90 99 70 89 85 79 64 81 92 97 89 78 84 77 64 83 97 87 68 77 66 99 85 84 79 76 68 69 93 76 84 72 87 98 99 80 91 92 69 82 88 76 75 89 94 92 82 64 91 73 84 74 95 85 64 98 99 82 83 79 86 92 66 96 71 74 86 81 64 71 97 70 84 98 75 97 90 70 99 89 71 73 94 92 77 84 76 72 67 87 84 93 67 66 100 84 93 99 65 67 85 68 95 93 82 85 91 72 86 65 100 64 74 95 88 71 64 100 91 81 75 77 100 68 71 67 85 89 73 97 82 0 67 72 75 98 71 88 94 67 92 81 83 96 90 99 85 
93 98 92 90 100 90 94 95 93 92 87 88 94 99 94 99 87 91 90 96 89 100 95 97 98 91 90 88 96 95 91 96 91 100 98 88 96 91 94 97 89 91 91 96 91 94 94 89 90 89 91 100 98 98 93 99 97 91 93 96 89 89 89 92 96 97 88 87 98 98 90 87 90 99 98 93 92 90 95 90 98 98 87 99 94 100 97 91 96 100 94 99 97 94 91 90 98 100 95 100 97 92 90 88 90 90 93 91 91 94 92 90 95 87 95 95 92 100 92 89 95 99 97 87 87 99 90 95 90 98 89 93 91 90 91 0 94 92 94 90 92 92 94 87 98 99 95 89 99 100 
80 85 89 97 78 96 84 88 76 98 76 95 98 75 98 76 100 85 79 81 83 83 85 95 95 96 80 89 83 88 83 93 82 90 94 78 100 81 91 85 98 99 82 95 100 79 83 92 82 83 92 92 98 89 88 81 91 92 76 85 80 91 88 95 84 90 95 97 76 91 99 81 94 78 86 82 86 100 98 75 91 97 81 77 80 80 85 82 99 81 100 90 85 81 83 99 79 77 80 87 87 99 87 79 94 78 81 97 97 78 80 89 79 94 80 77 98 98 94 96 84 87 85 94 75 95 78 86 78 86 84 77 88 90 84 75 0 83 88 76 86 86 90 75 95 83 77 75 85 79 
89 80 65 68 95 96 98 96 85 93 96 78 66 81 96 97 78 75 75 65 89 83 65 90 86 90 80 92 94 89 83 87 69 89 98 86 98 76 85 64 95 74 83 92 78 81 94 88 71 74 75 73 93 97 80 86 69 88 90 64 94 78 98 70 91 81 97 93 94 93 82 79 69 69 68 86 65 70 73 77 64 88 92 64 67 73 78 96 64 94 68 80 82 76 75 69 72 91 91 97 82 90 73 68 96 65 65 74 96 73 80 92 87 76 67 69 67 89 71 67 84 85 87 76 85 69 100 78 74 88 86 98 64 76 86 95 89 0 99 91 100 64 74 96 74 66 96 98 99 94 
49 33 31 85 100 75 99 47 72 64 18 93 36 81 73 98 41 58 57 23 17 64 96 37 78 93 19 48 58 79 74 57 78 29 15 63 39 90 87 63 77 98 33 57 29 51 77 89 74 39 44 59 31 28 96 31 65 61 34 81 20 30 60 89 67 48 87 64 70 24 100 33 41 51 56 86 27 47 19 43 92 35 32 20 38 61 86 57 42 17 92 99 41 49 17 85 45 65 43 28 54 40 82 92 29 78 31 18 90 48 42 96 26 39 80 69 40 63 21 93 73 94 49 89 81 84 36 63 62 28 57 83 83 35 87 78 84 40 0 70 38 37 69 81 88 96 83 93 64 15 
62 66 85 77 70 65 92 62 71 71 63 76 72 57 90 91 91 92 67 83 86 67 85 59 68 84 100 88 72 62 67 97 96 74 90 84 82 79 61 98 78 74 60 81 90 77 80 60 66 99 86 98 62 77 82 72 81 100 73 75 93 94 82 65 60 75 61 71 62 62 64 93 71 57 93 83 68 71 93 84 84 91 57 83 85 85 77 95 89 78 80 90 98 99 93 65 75 90 93 91 91 91 87 76 84 93 68 64 87 74 65 64 74 99 86 70 80 57 85 66 68 69 72 88 85 87 74 63 67 76 81 97 58 95 85 86 90 58 93 0 98 68 68 63 62 97 64 94 67 78 
37 45 79 35 24 55 60 49 60 49 71 77 85 60 44 85 87 56 94 28 69 28 94 83 81 55 78 36 43 56 62 44 37 44 53 43 53 50 54 61 56 48 23 38 62 42 39 99 27 82 58 66 85 41 69 73 39 87 73 47 48 31 77 80 61 51 90 48 81 71 58 30 88 45 34 79 87 72 59 45 84 64 23 57 94 68 60 76 31 37 95 58 56 51 52 31 84 32 90 72 59 77 98 58 47 70 89 77 35 73 62 55 90 31 77 29 62 82 55 81 80 98 95 28 79 79 93 70 24 69 72 29 66 68 27 92 86 33 44 100 0 30 92 97 39 93 71 31 73 66 
22 19 21 37 31 89 67 46 88 21 39 45 28 100 45 41 32 77 73 97 85 52 85 19 43 73 52 19 39 27 55 87 62 55 24 58 80 82 43 50 66 93 94 81 28 27 21 84 48 35 64 87 90 40 59 28 22 50 96 27 65 76 83 80 53 27 22 30 37 58 74 46 58 50 60 46 25 62 68 76 77 54 61 58 80 68 19 31 61 95 66 84 72 95 75 54 82 35 93 26 45 93 95 65 67 77 36 88 60 49 71 52 48 22 96 78 30 69 40 96 83 50 100 83 78 43 31 74 33 41 91 35 51 45 81 34 38 35 65 81 50 0 29 45 38 51 64 67 94 77 
68 96 88 65 68 41 74 83 97 73 96 93 82 80 59 61 80 82 74 56 44 93 44 86 79 90 40 48 71 93 42 66 55 87 93 85 70 91 77 77 36 74 65 72 45 68 54 50 90 66 42 53 99 71 90 85 59 48 95 77 51 75 71 56 67 47 92 46 42 38 79 55 94 88 76 85 66 45 61 82 84 75 95 83 50 54 94 34 40 40 64 47 56 71 47 37 61 82 78 95 37 85 48 51 61 52 61 87 80 79 72 75 92 81 57 40 64 55 80 98 52 81 49 38 84 57 46 81 95 56 90 49 46 48 78 55 71 57 46 37 99 53 0 99 95 75 42 44 84 35 
78 49 58 92 53 83 92 70 57 50 95 71 93 80 88 47 98 69 98 91 79 69 54 60 83 55 94 57 97 59 62 86 88 67 57 84 85 50 78 93 49 52 54 68 58 81 86 79 74 53 100 76 74 51 83 73 96 100 50 89 64 47 93 62 60 98 97 47 58 67 81 49 79 72 95 63 89 80 91 90 67 53 81 88 76 72 94 68 72 67 78 73 95 93 52 82 53 79 87 60 100 74 63 61 100 60 48 78 66 70 49 54 51 65 71 93 64 72 58 56 62 96 91 87 73 55 51 75 76 72 99 92 71 67 53 89 54 55 79 78 97 90 97 0 85 90 91 48 63 54 
49 36 85 80 50 35 100 47 91 40 96 88 62 90 64 90 62 47 72 75 86 88 58 34 79 72 64 61 90 37 48 98 53 33 68 97 70 87 99 83 40 38 90 55 48 96 62 93 87 43 89 60 43 65 96 33 41 94 89 51 96 66 67 81 77 50 100 43 96 87 75 59 90 67 57 49 96 83 66 97 92 69 69 84 46 100 99 73 33 87 69 82 87 47 79 56 48 44 37 79 55 62 37 59 35 91 87 52 61 76 44 38 75 51 55 68 83 49 47 99 99 94 98 81 56 38 64 96 33 44 91 86 94 60 100 78 79 75 72 85 67 62 81 55 0 55 82 51 41 95 
22 78 40 74 98 90 97 55 35 99 71 22 48 90 37 48 22 54 75 60 52 64 18 22 65 94 64 38 32 38 100 90 26 25 34 57 87 26 90 17 71 98 91 31 34 95 21 80 77 69 79 74 43 44 59 30 66 76 81 33 76 20 97 100 38 58 34 66 50 27 90 26 65 80 88 29 83 38 38 29 69 67 29 91 25 70 18 59 79 22 18 36 52 73 72 42 27 93 83 61 70 67 59 37 58 66 70 32 78 28 87 34 53 66 69 89 53 83 34 26 54 63 20 84 92 70 37 69 66 43 58 77 78 54 100 66 93 50 88 54 84 93 98 75 77 0 18 44 97 71 
97 97 100 98 97 98 96 98 97 98 96 97 99 98 97 96 98 96 100 99 99 100 100 99 98 99 100 97 96 98 100 99 98 99 100 99 100 99 99 97 96 97 97 97 98 98 100 98 100 96 97 97 97 97 96 98 100 99 99 99 100 98 96 97 100 97 97 97 97 97 96 96 100 96 100 98 99 97 98 97 98 96 96 100 96 98 97 97 99 99 98 97 99 99 98 100 97 100 97 97 96 98 97 98 96 96 100 96 98 98 96 98 99 96 98 96 98 100 98 98 97 99 100 98 99 99 96 99 96 97 96 98 100 96 99 99 98 98 100 99 99 97 96 97 99 100 0 96 98 99 
82 73 94 92 70 83 91 74 79 70 77 87 84 86 83 69 86 93 96 89 84 95 80 76 100 98 81 74 85 68 78 98 68 96 94 80 90 81 80 96 83 79 99 81 96 77 77 93 96 95 75 96 73 79 98 97 74 75 75 100 94 77 97 82 91 92 70 85 83 87 77 82 71 96 93 92 75 84 72 81 80 80 96 94 82 89 91 68 90 85 94 80 98 84 86 76 74 68 72 82 93 97 75 82 94 91 98 97 97 83 90 77 100 93 70 91 69 80 95 95 72 92 68 84 81 69 92 96 74 82 91 90 71 73 97 77 87 85 93 77 78 90 86 93 75 83 96 0 87 94 
94 83 64 63 66 99 80 74 64 89 89 89 80 90 84 70 66 71 91 83 65 82 89 73 96 70 64 70 77 81 70 73 88 68 73 64 69 74 97 77 80 93 66 99 65 64 80 98 95 73 84 70 91 74 66 68 100 68 65 71 82 79 91 63 66 80 90 67 62 92 85 91 93 76 94 66 77 90 75 80 88 85 71 64 80 99 98 68 63 73 72 75 80 80 63 79 91 84 89 100 68 74 77 92 73 92 78 75 76 62 97 61 66 87 97 96 94 69 61 70 99 87 80 100 61 80 97 100 72 66 64 93 64 81 62 83 70 90 80 87 71 96 61 79 68 82 78 93 0 95 
26 71 26 27 43 27 28 70 55 43 75 65 52 91 84 76 63 55 92 36 100 81 46 26 62 73 47 64 79 55 48 38 55 50 80 67 72 72 91 83 72 32 73 44 62 100 65 88 53 44 68 38 54 57 81 38 64 61 77 77 54 68 30 89 42 32 96 91 96 55 86 71 85 43 56 87 29 65 35 33 29 100 37 31 32 57 37 91 82 35 77 41 47 66 26 41 27 39 55 61 73 67 73 99 90 29 33 78 41 74 99 93 59 100 87 34 51 42 59 72 64 79 100 62 72 35 40 32 31 53 36 93 61 52 27 90 42 31 64 87 98 64 34 99 79 29 93 80 75 0 
