50
911 13025
630 27724
740 27410
382 14209
749 20567
554 10552
331 25317
457 25708
601 19708
644 18596
559 22169
523 14647
251 28314
616 22881
146 11372
993 17491
454 22478
112 15300
607 13484
243 28176
40 26407
82 18923
51 26396
737 13984
626 27827
906 25005
320 16290
206 21980
746 16419
44 26637
316 16609
501 11228
593 22421
858 12562
420 27790
702 23892
82 18982
491 12774
689 25185
209 17622
842 15435
958 7177
721 21571
987 26759
376 23046
39 18593
613 15455
991 28382
846 6774
271 18544
0 48 91 81 38 66 51 98 82 96 66 64 60 100 70 60 97 43 51 72 51 48 52 76 82 61 76 62 96 40 56 56 71 82 71 82 38 44 69 66 42 56 88 73 48 94 93 47 83 80 
60 0 92 90 60 68 79 89 76 67 91 89 100 99 72 75 90 71 97 82 63 92 85 69 53 87 64 100 61 74 69 80 54 88 64 95 63 83 90 53 62 85 74 97 62 73 78 95 93 88 
58 59 0 80 89 97 67 85 62 73 93 76 84 70 75 93 76 90 67 68 79 68 76 63 95 75 93 61 70 66 97 99 91 68 69 58 75 95 80 76 74 92 81 98 63 63 77 58 84 77 
94 95 84 0 60 92 62 94 82 76 60 87 62 69 78 68 92 89 68 67 67 84 61 72 86 87 97 76 62 77 75 84 88 64 73 74 97 84 98 82 78 88 94 80 75 63 89 83 81 79 
21 76 53 67 0 22 86 73 48 94 27 58 55 71 84 97 48 32 51 69 48 79 26 57 64 52 53 35 20 58 29 66 63 38 29 96 92 27 31 60 66 43 78 73 30 42 35 24 38 98 
99 90 85 75 74 0 84 99 86 77 85 90 96 91 99 77 100 86 72 86 77 98 83 82 78 98 85 93 74 97 93 72 100 85 73 73 79 92 98 92 75 84 97 82 83 87 94 90 91 87 
92 88 96 92 94 93 0 88 94 88 96 88 99 94 89 96 90 92 99 95 95 95 93 91 89 98 96 95 94 88 90 95 99 91 93 93 91 100 94 89 88 93 96 91 97 91 97 92 96 99 
70 92 87 69 84 86 93 0 91 100 73 79 74 96 92 95 76 91 100 92 95 93 74 79 69 73 73 88 74 97 75 74 99 73 90 98 73 95 90 73 71 69 69 80 91 77 79 99 80 72 
64 33 66 62 76 55 30 50 0 87 86 77 89 100 45 43 52 31 63 77 54 37 94 49 63 32 71 94 97 30 72 86 93 58 73 87 67 54 30 66 63 64 48 55 87 57 82 61 32 53 
89 88 86 59 95 66 61 65 61 0 57 64 87 92 80 68 83 74 66 81 96 77 91 56 62 56 69 81 86 63 93 66 82 67 79 100 69 64 93 66 84 69 88 60 99 77 79 70 93 56 
80 70 93 96 86 85 83 79 87 70 0 71 79 73 79 96 79 85 94 71 84 71 93 75 90 78 70 89 89 99 100 98 80 85 87 70 70 96 72 88 71 74 89 78 81 98 70 74 94 98 
93 92 99 87 91 99 84 94 95 92 94 0 100 91 95 88 84 90 97 88 96 98 99 83 97 98 96 90 91 87 91 91 94 86 90 92 96 90 90 87 83 94 92 95 91 99 89 92 83 95 
61 16 59 34 73 79 90 18 16 47 36 78 0 75 52 98 35 64 27 74 50 64 48 56 60 64 33 33 27 91 39 30 32 54 53 50 39 96 52 17 31 49 24 92 33 68 72 18 61 67 
70 31 45 44 97 99 73 38 60 65 100 63 45 0 85 66 39 92 80 84 54 55 100 30 98 24 76 41 48 97 58 87 69 74 36 38 64 92 60 22 24 90 99 29 38 37 68 70 25 44 
78 75 87 97 87 84 84 97 83 82 99 89 84 96 0 99 86 75 99 93 85 98 84 81 89 98 97 93 99 78 97 95 80 77 91 85 85 78 96 90 99 75 88 75 97 91 78 93 98 86 
82 87 90 83 52 68 100 49 54 52 46 97 40 40 32 0 22 95 88 34 68 80 61 98 36 48 71 93 66 51 30 74 74 68 70 19 94 85 60 98 100 56 69 21 40 82 62 77 49 97 
93 33 44 20 38 54 58 71 65 57 75 75 21 64 63 91 0 23 25 61 46 89 96 82 55 47 32 93 58 37 33 70 60 88 100 38 36 24 74 42 93 83 87 56 20 40 77 100 53 87 
73 45 70 57 57 86 96 85 64 36 51 96 58 78 89 80 89 0 95 88 78 69 100 72 100 89 50 54 53 51 50 72 74 97 99 59 68 41 61 73 47 71 84 72 59 55 76 71 72 98 
18 70 60 77 44 100 31 43 100 54 74 97 32 39 45 17 88 35 0 35 70 21 60 96 21 100 32 91 16 79 16 82 48 38 80 37 41 33 44 28 66 87 96 92 35 33 84 99 50 73 
96 91 37 72 81 48 75 56 36 96 53 71 26 58 91 32 84 87 99 0 80 76 50 80 65 66 65 43 29 39 85 91 58 88 75 58 100 46 83 79 45 30 49 81 88 92 58 75 78 47 
100 100 100 100 100 100 100 100 100 100 100 100 100 100 100 100 100 100 100 100 0 100 100 100 100 100 100 100 100 100 100 100 100 100 100 100 100 100 100 100 100 100 100 100 100 100 100 100 100 100 
85 74 50 46 35 81 48 58 83 71 86 92 36 68 22 66 53 33 33 91 48 0 31 88 55 22 70 20 65 38 63 25 25 71 81 74 28 55 31 50 70 70 70 63 90 67 42 84 40 100 
48 83 80 37 86 38 84 80 66 44 69 68 71 70 94 40 41 77 78 55 99 44 0 68 60 70 37 89 40 92 55 57 70 42 37 42 55 63 44 37 68 65 73 50 38 82 39 68 67 51 
93 79 92 68 49 55 97 42 91 50 54 54 80 95 98 96 91 81 61 41 44 48 85 0 53 43 57 80 86 36 89 42 65 43 81 93 71 47 59 48 81 47 100 69 63 35 47 80 64 53 
95 93 92 99 96 100 99 98 95 94 99 97 100 99 94 99 97 100 98 97 95 96 97 97 0 98 99 95 92 96 94 97 96 93 92 96 96 99 99 97 94 92 94 92 99 96 97 95 93 93 
63 75 96 69 57 57 82 86 55 89 57 54 54 73 84 100 61 79 56 93 82 75 74 62 76 0 59 81 99 64 84 70 56 86 69 90 89 53 85 83 87 99 70 66 53 81 57 76 82 53 
87 80 98 87 95 80 73 84 73 70 91 81 72 89 81 69 99 72 91 81 89 96 78 72 88 69 0 69 81 89 72 84 88 90 84 95 74 83 83 94 88 80 87 87 69 72 69 91 96 95 
99 85 94 97 72 69 79 89 95 97 100 77 100 99 100 93 69 97 97 85 94 81 79 90 73 87 99 0 83 74 76 88 90 100 82 82 68 83 68 98 93 83 76 70 80 99 81 69 96 70 
96 97 95 100 93 92 93 91 98 94 90 91 93 94 92 90 96 93 92 100 93 91 99 89 91 100 87 90 0 98 89 99 98 94 90 90 94 90 91 98 92 96 93 91 96 92 97 91 97 87 
99 88 91 99 88 100 88 86 92 99 88 87 94 87 86 98 93 94 94 99 95 84 97 85 84 88 86 98 86 0 90 95 91 97 95 93 97 98 85 87 86 98 85 84 92 90 91 84 84 98 
89 74 97 71 83 83 74 75 85 99 88 78 84 87 92 89 97 88 71 77 74 97 76 80 96 96 88 93 100 73 0 76 71 81 73 84 71 89 87 79 99 82 76 80 98 78 100 87 72 84 
58 69 75 64 67 97 77 64 61 97 82 62 80 74 62 89 81 77 71 91 59 72 88 78 64 63 70 76 58 71 85 0 72 77 78 79 92 90 94 58 65 76 94 81 96 60 65 100 88 69 
100 85 94 82 78 84 95 83 76 81 79 96 99 81 88 94 99 99 86 79 88 91 98 84 78 97 82 93 82 83 82 96 0 94 79 99 85 76 78 99 86 97 97 99 94 84 96 85 96 95 
97 77 94 78 70 83 64 74 80 89 68 65 71 81 86 96 73 62 76 69 82 65 89 94 100 83 98 100 93 97 81 77 92 0 79 74 94 89 91 83 84 81 71 99 85 67 71 90 88 90 
66 83 79 44 86 83 57 73 69 96 77 41 75 88 55 43 40 70 52 71 45 58 64 62 40 49 89 45 46 89 81 65 99 83 0 61 72 61 63 76 51 88 48 86 52 92 51 77 73 97 
100 100 100 100 100 100 100 100 100 100 100 100 100 100 100 100 100 100 100 100 100 100 100 100 100 100 100 100 100 100 100 100 100 100 100 0 100 100 100 100 100 100 100 100 100 100 100 100 100 100 
80 82 85 91 76 94 97 79 91 92 91 71 69 80 97 99 76 95 77 78 82 92 73 78 90 95 100 74 73 95 68 89 67 72 72 82 0 71 92 67 76 71 67 82 87 91 95 90 71 79 
90 86 100 75 80 68 72 62 97 64 57 85 85 95 57 80 77 56 93 81 57 76 67 88 56 92 81 92 95 86 93 54 69 96 70 97 54 0 100 54 84 57 80 77 98 83 93 100 77 75 
24 34 85 86 73 69 78 93 21 73 52 61 35 36 18 43 46 67 49 42 11 93 32 19 88 95 12 60 75 26 90 93 25 44 81 94 38 37 0 81 19 88 70 99 24 35 39 24 70 96 
34 37 97 88 60 41 51 41 46 91 98 75 67 96 75 32 78 77 72 36 58 35 67 96 92 62 96 84 53 35 88 92 91 58 37 48 36 61 43 0 50 77 58 50 52 72 40 63 82 87 
38 61 55 44 83 40 68 100 34 55 78 68 99 32 71 54 100 68 72 69 74 86 97 39 95 56 37 72 40 44 49 41 90 63 76 47 51 89 35 93 0 97 61 60 87 83 40 54 70 81 
87 95 100 79 84 81 85 100 93 87 88 86 93 83 82 100 85 85 81 94 92 91 84 85 99 85 77 79 79 86 97 95 90 94 83 82 84 100 82 97 95 0 83 90 91 96 97 86 76 89 
79 71 77 82 63 62 79 82 67 45 76 43 76 69 57 64 88 93 79 92 39 81 34 54 40 95 93 54 41 96 35 65 85 96 74 34 39 77 66 38 97 67 0 38 75 62 88 64 61 90 
45 65 28 39 51 67 83 46 31 99 38 99 64 75 77 71 64 71 72 34 29 43 85 44 32 29 34 39 100 31 69 73 100 69 36 35 53 100 89 30 60 37 50 0 39 30 35 42 42 91 
98 100 96 100 99 96 97 96 99 97 99 98 100 97 96 100 100 98 97 97 98 97 96 97 96 99 96 99 100 96 98 99 99 100 100 100 96 100 96 97 98 97 96 98 0 96 97 98 99 99 
74 62 69 87 73 60 92 66 88 99 71 96 76 89 60 67 72 66 75 87 95 63 80 74 73 61 61 76 63 80 98 64 82 73 67 60 88 82 94 78 91 100 100 90 95 0 93 73 61 84 
99 90 99 99 93 96 100 92 96 99 100 84 87 97 94 100 100 97 84 94 100 88 92 84 98 87 89 92 91 90 99 95 84 91 100 100 85 95 86 94 92 96 85 99 86 85 0 93 84 99 
95 28 10 75 73 38 87 78 91 59 54 47 78 54 78 40 52 96 58 96 82 37 59 19 17 34 97 93 39 20 40 35 50 82 17 90 74 92 85 100 70 52 32 55 41 93 90 0 100 60 
57 93 73 86 83 67 54 70 84 53 72 99 94 87 54 70 67 67 61 92 65 78 62 80 94 52 61 87 61 98 78 59 90 65 54 77 80 100 93 63 76 90 62 63 54 74 52 97 0 80 
19 74 28 79 36 20 66 45 31 84 27 68 75 58 92 26 95 91 43 34 25 11 64 16 33 31 73 16 56 13 86 92 38 11 40 100 64 45 58 49 69 33 18 90 84 88 69 97 25 0 
