100
959 33572
486 2885
757 56262
262 35553
458 47275
900 8457
924 21919
593 49366
164 54395
998 32172
721 48519
154 53124
783 50566
82 27999
265 39405
522 52713
792 50346
260 43650
371 46690
297 45664
919 29053
992 55232
473 18106
833 50073
813 51767
669 48301
419 24090
810 33826
151 52510
229 37328
510 23657
805 50412
790 55141
513 52655
703 50615
403 32004
369 46600
667 57003
202 52177
775 17343
912 51599
466 37213
51 25353
563 37562
97 40184
176 57093
301 56315
230 52195
528 32862
844 39452
973 22203
971 26490
243 55628
345 42867
373 44994
96 55054
105 37309
583 54094
961 29946
409 42415
712 40956
116 55453
314 44900
407 32467
795 47968
771 40593
174 48705
692 34958
846 3759
380 17421
298 54901
446 36379
267 56876
452 55649
456 56303
999 56221
537 54926
775 54540
67 47330
420 54597
109 24402
176 23998
795 51522
612 57198
754 44109
976 36687
649 30122
712 50070
217 37139
675 56686
741 17356
510 46581
119 52998
484 42191
295 40470
351 36117
776 56673
280 56452
229 45084
355 55675
0 96 95 94 93 97 93 98 94 89 97 93 99 93 89 99 90 91 93 94 98 90 96 98 95 91 95 93 99 99 98 93 97 89 93 90 92 97 94 90 96 90 94 91 93 91 95 100 99 93 92 96 91 95 98 92 100 90 99 98 89 100 96 97 96 93 91 100 96 97 89 97 92 95 93 94 96 95 95 100 98 89 100 100 95 94 92 95 89 95 97 94 95 91 98 95 95 95 100 93 
57 0 74 91 63 95 46 85 46 52 55 92 83 84 49 41 58 62 85 45 64 68 60 62 46 69 69 82 40 87 95 68 61 70 41 49 98 78 41 54 50 51 48 79 87 45 85 64 87 73 98 83 42 73 79 49 59 50 99 55 42 87 51 68 98 92 46 59 40 88 48 43 54 56 48 83 96 41 74 96 94 71 68 64 91 91 82 69 46 80 75 47 46 84 86 67 87 84 53 49 
93 92 0 91 100 77 72 97 92 69 72 70 67 97 98 80 83 91 69 81 70 92 66 88 91 89 91 92 99 86 93 66 96 78 85 79 93 93 90 76 77 70 95 92 73 71 92 66 79 94 72 78 67 98 77 83 87 67 84 69 78 68 68 67 73 74 70 77 100 80 71 78 67 91 84 92 96 89 77 73 98 85 89 85 74 70 77 83 77 86 96 95 85 88 81 81 90 66 73 98 
55 71 56 0 98 63 71 92 57 75 95 88 95 64 55 75 96 100 81 70 74 95 63 57 99 89 75 98 65 79 68 69 65 69 55 87 94 61 71 57 62 63 74 74 74 55 69 77 89 63 76 67 56 83 57 56 71 62 89 78 90 69 95 68 77 99 77 80 81 55 55 82 65 75 77 74 97 71 88 71 81 88 88 98 99 65 69 65 79 78 87 82 98 65 72 84 62 76 96 84 
42 52 49 68 0 55 52 88 82 73 72 99 68 80 100 43 91 93 71 74 90 93 52 56 57 77 59 84 100 89 56 53 75 84 54 65 42 57 42 51 94 66 78 62 40 75 60 41 50 84 67 42 97 60 81 57 99 87 81 75 47 40 70 97 85 63 64 71 97 87 73 73 62 71 88 70 94 88 68 42 68 72 96 65 86 43 79 43 88 64 52 81 71 75 43 46 47 42 92 51 
97 92 95 92 100 0 93 95 94 100 96 93 92 94 97 94 100 97 98 97 100 98 98 99 100 93 95 96 94 100 97 100 96 94 95 99 97 92 93 92 92 95 96 97 92 94 92 95 97 97 99 95 100 98 95 93 95 99 96 98 99 95 95 99 95 100 94 100 92 96 93 95 93 96 98 94 96 95 94 99 92 98 98 99 95 98 97 95 94 97 96 99 98 95 93 97 98 100 96 93 
44 95 84 64 16 94 0 34 49 59 26 61 92 36 82 60 27 91 70 41 97 34 41 31 100 100 15 67 40 77 57 45 78 71 11 16 89 28 86 85 19 19 17 100 24 86 63 30 77 13 76 28 54 77 82 91 56 99 59 63 70 53 89 80 93 18 53 14 15 48 57 31 37 44 97 83 80 91 71 78 89 100 65 29 70 61 81 69 15 12 17 86 80 57 37 22 31 88 19 54 
80 78 95 90 84 93 85 0 77 91 83 99 79 99 98 99 84 96 92 91 95 99 91 83 85 95 90 90 83 77 79 79 90 83 95 90 85 99 87 96 98 77 83 96 78 82 90 80 83 82 79 82 79 98 98 82 90 96 94 94 100 100 89 87 100 96 81 82 93 83 99 81 95 87 84 91 89 97 77 83 97 79 87 91 88 80 100 84 89 96 89 78 78 97 81 98 83 95 92 87 
71 73 90 93 85 91 90 100 0 98 84 95 81 88 82 82 87 73 81 80 87 86 79 71 70 91 91 100 81 100 100 79 85 95 83 70 77 70 92 77 70 76 75 82 93 75 81 83 83 77 96 89 98 74 74 96 75 94 80 73 78 86 77 79 79 100 84 82 87 97 96 92 100 77 74 90 83 93 80 70 95 96 99 98 97 94 91 89 93 82 91 84 92 97 96 70 75 83 92 89 
61 50 64 52 91 45 96 56 39 0 77 77 63 45 78 59 86 45 69 69 39 75 40 54 76 71 92 44 72 52 89 100 89 87 74 100 42 94 54 65 59 80 55 39 96 80 65 77 44 51 71 98 75 65 95 39 61 60 69 40 95 83 74 97 45 69 49 75 95 85 88 51 54 39 80 78 64 62 58 90 49 43 52 50 44 66 91 69 100 66 68 48 75 60 77 75 39 78 95 53 
79 69 58 77 96 62 74 84 72 92 0 86 77 61 62 83 95 71 70 99 78 100 93 64 79 81 96 63 92 82 100 88 68 77 97 85 81 61 85 86 88 87 97 63 61 71 99 99 72 98 58 62 84 85 84 80 81 66 71 84 96 79 73 58 96 92 64 88 62 66 66 61 98 84 70 64 73 93 64 85 93 97 79 74 89 66 88 93 88 91 94 71 91 81 69 56 81 81 91 91 
92 100 98 93 95 95 96 97 97 92 97 0 98 97 99 99 98 97 97 95 97 97 99 92 99 96 96 92 100 92 100 95 96 95 96 96 97 93 97 93 98 100 97 99 97 100 93 97 93 98 97 92 92 100 93 97 92 98 93 95 93 96 95 94 97 97 97 95 94 98 93 92 96 92 95 93 92 93 98 94 94 97 95 100 98 97 100 98 95 92 97 99 99 92 96 96 92 97 93 92 
100 100 100 100 100 100 100 100 100 100 100 100 0 100 100 100 100 100 100 100 100 100 100 100 100 100 100 100 100 100 100 100 100 100 100 100 100 100 100 100 100 100 100 100 100 100 100 100 100 100 100 100 100 100 100 100 100 100 100 100 100 100 100 100 100 100 100 100 100 100 100 100 100 100 100 100 100 100 100 100 100 100 100 100 100 100 100 100 100 100 100 100 100 100 100 100 100 100 100 100 
97 83 100 90 92 97 84 92 87 83 98 85 96 0 89 92 83 87 94 94 96 83 96 94 96 87 91 97 86 86 86 88 90 87 83 89 88 83 100 90 99 100 97 91 100 97 83 90 97 92 84 92 100 96 90 89 85 83 91 94 84 88 99 93 83 87 96 90 87 100 87 94 93 92 91 92 84 100 84 95 94 98 92 96 90 95 91 84 93 87 86 99 98 96 91 86 90 97 93 94 
10 64 54 18 37 65 89 68 77 66 26 12 97 71 0 97 14 21 78 86 88 19 39 61 85 18 93 89 36 35 15 88 13 52 56 69 70 14 24 53 45 97 54 27 74 39 26 45 87 100 28 39 88 39 47 38 10 59 62 83 79 65 19 81 14 47 46 17 50 62 31 91 52 53 24 100 43 27 93 67 61 31 77 53 59 19 98 18 58 36 39 21 15 100 28 16 10 61 79 98 
72 90 80 83 90 63 80 98 73 70 89 87 68 97 97 0 97 89 70 76 83 78 87 73 82 99 88 76 94 98 73 85 89 98 63 89 77 94 62 83 60 61 97 63 89 85 65 68 70 65 73 64 62 71 94 92 76 93 78 75 89 78 73 88 62 65 99 90 62 98 81 65 85 83 76 75 79 68 74 95 100 97 98 93 91 72 88 97 73 60 70 73 93 83 96 79 66 81 93 79 
71 82 80 92 90 100 67 82 70 68 78 75 80 80 64 72 0 94 78 68 78 95 68 78 96 61 83 99 66 67 64 90 93 66 69 66 65 88 73 99 85 97 90 79 75 60 68 81 97 75 71 69 87 76 83 77 78 88 100 94 93 73 66 64 90 67 84 60 69 68 94 73 65 62 81 61 60 93 92 93 75 98 80 82 62 60 63 96 64 62 79 78 74 70 67 77 94 84 82 96 
95 88 84 80 94 94 91 82 85 94 97 80 99 87 86 95 95 0 91 80 90 97 87 87 92 98 100 97 99 87 100 92 87 98 89 92 80 83 82 83 84 91 90 86 82 93 83 87 95 95 87 83 89 83 84 83 88 89 86 91 100 81 94 90 98 92 88 84 86 97 99 82 92 93 90 100 97 88 90 95 82 88 93 89 85 91 84 84 80 95 90 95 82 86 88 93 81 85 80 92 
78 89 65 54 38 68 40 53 45 45 90 51 72 96 41 100 88 43 0 54 39 47 56 37 81 92 40 93 35 36 57 55 38 85 65 61 86 63 95 93 89 44 38 99 84 99 92 33 74 90 40 58 54 66 68 59 48 62 88 73 84 66 34 75 81 56 45 33 56 78 59 81 71 61 79 99 76 39 55 98 93 85 96 34 100 41 39 91 73 38 38 61 88 57 92 100 68 74 94 83 
85 90 71 88 94 93 73 90 75 70 81 57 72 73 74 55 56 55 61 0 85 76 91 77 97 52 84 78 66 56 76 95 97 92 72 57 75 77 89 96 97 63 67 88 94 82 68 55 75 73 55 90 60 83 66 73 72 93 70 93 94 79 61 91 69 70 81 88 95 52 66 55 77 63 65 72 66 62 68 74 79 60 62 67 95 94 91 65 96 76 53 86 94 70 65 58 100 72 85 64 
96 23 82 28 62 37 92 97 54 22 45 87 25 84 51 50 99 51 95 42 0 50 41 72 49 46 87 67 55 97 100 96 47 37 94 41 28 81 94 58 84 94 72 96 92 47 56 83 63 58 74 81 66 45 73 79 39 61 56 53 63 29 39 99 86 95 29 65 39 84 92 97 53 70 59 83 46 80 76 39 24 96 40 62 79 79 69 84 62 76 60 70 24 91 22 83 73 50 25 26 
89 59 99 87 85 83 64 98 71 93 57 93 73 75 86 91 65 94 94 96 68 0 66 59 56 79 64 87 59 70 71 70 92 90 84 88 95 58 88 74 72 84 75 65 86 61 90 67 82 86 85 86 62 73 88 56 58 95 56 86 76 82 84 95 98 75 90 92 86 89 91 57 84 100 89 70 63 81 61 66 99 83 75 92 94 59 91 87 81 71 72 95 85 100 61 63 91 71 76 93 
66 74 91 48 71 72 71 92 64 78 89 61 54 47 97 84 99 86 77 47 68 87 0 48 83 92 98 69 61 51 58 54 58 94 69 56 65 57 64 70 74 64 59 90 92 70 85 85 74 61 100 50 76 83 56 71 53 57 61 60 53 68 71 80 88 93 74 81 88 93 69 100 69 48 95 49 92 88 78 58 52 58 95 70 53 74 52 94 61 70 69 65 94 70 75 92 93 85 98 67 
69 80 54 98 89 91 88 83 88 93 65 75 74 76 64 100 64 62 55 100 78 71 65 0 81 48 52 88 69 70 84 48 72 56 78 79 81 83 90 92 78 80 62 86 80 84 50 75 68 62 75 76 82 97 83 84 59 54 88 70 91 56 80 94 94 94 81 63 73 69 51 72 48 64 50 65 97 60 48 96 60 62 62 99 94 91 62 56 71 85 83 58 59 90 90 75 83 50 56 61 
98 96 100 95 100 98 99 99 97 100 100 96 100 100 95 95 99 96 99 100 98 97 95 95 0 96 95 98 96 98 97 95 97 96 99 100 96 99 98 98 97 97 96 100 97 95 98 97 95 96 96 95 97 97 97 97 95 100 96 96 99 99 98 98 100 99 97 95 96 99 99 100 97 99 100 96 96 95 96 98 96 96 100 100 96 96 95 99 98 100 100 96 99 95 98 100 97 97 99 98 
13 54 41 36 90 67 77 69 20 58 75 98 80 87 28 45 97 48 85 55 84 66 72 77 28 0 86 56 84 11 36 80 81 66 23 62 100 32 75 26 46 12 48 72 32 32 41 92 21 96 75 72 22 42 45 74 47 98 57 58 48 61 42 21 22 68 16 39 71 71 46 24 55 17 28 81 48 79 55 43 29 20 19 17 75 90 99 95 35 32 46 26 90 11 91 12 16 82 11 59 
61 78 87 97 79 92 77 83 79 59 83 91 85 73 80 72 85 64 66 63 63 72 49 72 53 99 0 47 59 58 51 64 54 55 78 88 64 100 52 92 61 61 59 62 88 56 80 47 51 85 50 82 100 67 93 55 71 78 52 51 80 95 77 80 78 71 51 100 90 58 80 71 76 90 86 63 98 80 60 92 44 88 71 61 45 44 48 97 64 91 73 50 56 96 92 92 66 70 67 67 
67 55 50 66 50 81 62 58 96 78 43 54 56 97 74 99 59 71 56 53 68 65 59 99 57 96 97 0 51 89 74 53 44 45 72 67 96 89 76 61 51 81 70 59 57 63 75 81 65 59 92 72 83 79 97 75 73 96 96 94 53 49 48 53 86 89 77 92 93 78 97 59 74 95 84 46 71 91 72 82 98 46 77 71 56 60 76 90 54 91 87 70 93 73 85 82 83 53 95 87 
83 99 100 96 93 87 99 77 97 95 93 91 88 88 89 100 95 81 96 96 87 87 79 96 88 100 90 95 0 90 87 88 95 86 87 85 87 79 92 95 83 88 95 100 85 92 99 97 98 81 90 99 77 83 79 81 86 97 89 77 95 96 83 96 79 86 86 80 96 95 98 77 83 79 99 77 94 90 95 92 77 91 88 89 92 92 93 84 91 91 88 91 97 84 98 86 98 86 87 92 
84 77 61 48 91 54 97 52 69 63 47 73 48 70 83 75 49 97 45 46 51 100 59 95 87 82 61 84 94 0 95 54 72 77 57 96 75 64 52 94 59 45 50 51 79 75 87 48 94 74 53 82 68 66 67 95 70 62 76 55 85 84 76 79 65 72 98 91 90 57 92 66 89 48 76 92 71 92 81 63 87 95 70 84 87 52 53 49 86 78 86 72 53 76 45 56 83 100 67 61 
85 85 89 96 98 89 99 85 84 96 95 82 90 86 83 93 97 96 90 93 91 88 86 94 90 87 100 83 99 92 0 96 90 97 82 98 88 93 91 83 89 89 85 82 82 86 82 85 91 99 86 90 95 95 94 89 87 95 98 90 88 87 82 83 93 82 88 94 100 95 89 99 92 93 89 99 100 85 98 88 100 88 90 97 83 98 86 90 98 91 83 82 95 82 92 84 94 90 84 95 
98 96 100 95 94 96 93 98 94 95 95 99 98 99 93 93 93 98 94 100 100 95 94 98 95 98 93 94 95 95 98 0 94 97 97 100 97 99 94 95 97 93 97 98 94 99 93 93 93 95 96 97 98 98 99 94 97 96 100 95 93 99 100 99 94 98 98 100 96 98 93 96 94 93 98 94 99 100 98 97 94 98 99 99 96 97 100 99 97 95 93 99 99 94 99 95 93 98 95 94 
47 64 78 29 90 33 38 76 50 27 68 93 19 93 64 62 86 72 16 80 83 49 69 91 46 63 62 38 91 89 38 20 0 81 39 30 71 96 79 35 65 73 93 70 27 88 89 55 49 68 96 38 94 89 81 68 71 74 20 75 32 26 77 83 98 81 96 20 100 99 87 44 53 82 66 83 73 21 16 16 55 69 100 95 47 43 97 55 81 85 68 88 43 58 29 29 89 22 40 55 
100 98 99 100 98 100 98 99 98 99 98 99 99 100 98 99 98 100 99 99 99 100 100 100 98 98 98 98 99 100 99 100 98 0 100 99 99 100 100 98 99 99 100 98 100 98 99 100 98 98 99 99 98 99 99 99 98 99 100 99 98 99 99 99 98 100 98 100 98 100 98 99 99 98 100 100 100 99 99 99 99 99 100 98 100 100 98 98 98 98 99 100 98 98 99 100 99 98 100 100 
58 41 68 73 93 96 43 50 98 90 38 74 97 77 63 47 58 82 40 90 46 42 42 76 72 53 93 51 85 55 51 42 73 67 0 91 83 76 91 70 91 49 69 47 63 95 96 46 56 48 50 39 61 76 96 60 85 47 100 43 63 78 53 65 40 37 96 37 58 60 43 97 85 63 89 73 81 83 48 65 96 49 46 44 44 60 90 94 46 91 70 94 96 62 61 38 52 71 63 52 
84 92 90 78 81 74 92 87 100 98 96 75 73 93 85 74 92 84 74 98 76 95 95 97 92 95 76 81 90 95 77 77 94 80 100 0 79 91 85 80 89 90 86 76 89 94 97 78 85 76 85 89 78 74 77 96 81 78 82 73 98 99 99 99 97 86 89 76 89 98 76 77 78 86 98 93 84 90 86 93 97 91 98 100 77 95 95 100 75 97 84 90 86 91 88 77 98 93 89 82 
74 58 49 100 56 87 46 56 97 73 77 75 93 60 59 93 51 64 50 93 100 80 70 70 49 46 66 67 90 71 49 75 46 94 57 94 0 74 99 69 48 67 59 66 86 88 74 69 80 46 50 69 94 97 58 74 98 68 95 60 89 99 87 59 66 66 77 60 82 74 66 85 59 61 73 96 90 83 85 77 83 89 97 94 68 95 91 77 84 88 69 57 69 47 62 62 67 74 82 48 
79 63 38 60 85 91 92 78 43 48 68 90 51 97 79 39 97 52 65 44 85 91 82 38 57 88 84 96 70 38 66 47 98 76 98 54 46 0 73 44 59 82 90 94 70 38 100 72 88 47 61 48 37 99 52 41 59 56 59 44 93 42 77 76 95 95 81 100 43 50 85 63 91 99 79 38 72 39 40 70 73 46 57 95 38 63 98 87 72 39 98 51 43 90 95 76 42 56 94 91 
79 49 36 63 43 69 32 50 64 99 76 90 96 52 68 65 76 89 55 84 50 61 92 65 64 33 41 95 63 51 52 55 55 71 49 47 64 89 0 38 31 40 87 34 57 83 62 55 36 78 32 32 91 93 68 52 97 81 60 65 98 95 82 31 68 77 97 61 86 63 86 81 35 64 66 91 61 96 99 91 46 74 75 76 50 72 91 79 78 98 65 88 93 86 91 86 57 74 95 30 
83 75 100 69 70 57 81 81 81 97 65 62 99 55 55 54 58 56 57 56 96 94 95 76 58 67 58 72 76 54 87 70 86 87 67 84 100 84 71 0 54 80 63 63 92 91 88 72 84 56 76 85 75 90 59 88 60 88 55 62 61 89 88 86 57 98 91 94 81 81 64 61 68 72 68 87 78 81 65 55 75 68 94 94 54 68 94 71 71 88 67 96 54 92 100 61 64 98 68 89 
98 79 84 93 93 100 86 78 81 100 93 88 84 85 78 94 93 100 89 84 79 76 94 76 99 84 94 81 96 85 92 91 93 95 82 79 92 80 85 79 0 99 88 91 91 98 86 86 94 93 79 99 99 99 97 84 97 83 92 76 88 83 85 95 77 94 91 97 84 91 79 78 81 90 100 100 95 86 99 92 76 79 95 90 77 86 89 100 78 79 99 76 93 91 92 84 89 81 96 82 
66 46 31 55 75 98 70 78 98 39 68 79 80 80 82 35 34 94 82 50 30 99 47 93 28 27 59 67 47 36 42 39 92 78 29 95 34 91 62 26 36 0 95 52 74 64 80 52 30 73 37 84 86 57 43 51 23 92 32 42 63 24 26 82 76 67 83 75 52 81 60 74 92 75 63 54 37 90 38 36 28 55 28 41 47 92 32 33 23 52 61 61 60 84 44 86 82 31 88 94 
85 93 90 87 83 93 84 95 81 82 87 88 91 100 92 89 93 95 94 100 94 96 95 82 88 99 93 84 82 97 86 85 97 89 88 87 96 91 83 98 81 93 0 81 91 90 92 94 81 100 87 87 99 87 81 94 85 93 93 98 94 92 82 100 82 82 92 84 83 92 81 97 86 89 91 89 95 86 83 91 100 97 98 97 85 99 96 81 81 84 87 84 87 83 99 91 95 93 82 85 
82 86 84 84 92 85 100 78 84 94 79 100 92 95 100 81 98 79 78 80 99 89 96 84 88 78 81 99 86 81 78 87 82 95 80 79 78 98 91 95 94 84 99 0 86 96 96 90 79 89 83 90 85 78 85 83 78 86 90 88 90 78 92 83 84 82 82 94 95 85 83 87 78 84 90 79 99 92 85 86 80 94 80 98 87 84 89 92 84 94 79 81 82 92 86 93 92 99 88 80 
54 81 54 36 77 67 84 76 60 89 84 75 94 64 85 55 34 92 66 61 95 71 63 61 91 36 55 45 62 64 54 42 69 88 97 82 40 88 74 79 67 99 39 93 0 56 90 73 59 61 34 40 63 84 55 89 89 74 39 81 94 82 78 54 96 36 40 87 36 72 90 95 82 62 50 70 55 76 58 75 83 86 44 83 41 37 48 63 78 50 50 59 93 67 68 89 43 37 80 90 
92 89 92 99 99 99 94 98 98 88 92 96 90 89 98 96 88 90 96 98 93 98 93 95 94 97 89 95 98 95 91 95 93 98 94 99 89 88 98 97 98 93 96 90 91 0 98 98 94 90 99 92 99 89 96 99 88 92 97 100 97 99 91 94 91 95 95 97 94 92 94 88 97 89 92 91 88 92 92 90 98 91 98 88 89 89 95 91 97 98 90 96 99 93 96 98 91 92 94 89 
76 87 81 80 99 96 93 99 94 98 98 85 93 96 76 89 76 93 93 97 100 86 80 89 86 93 89 85 90 85 76 100 99 84 93 90 77 76 90 78 100 87 81 98 89 82 0 91 91 92 92 87 84 85 96 89 94 100 90 95 84 83 85 82 93 80 76 83 88 100 100 86 79 90 76 98 87 99 92 94 88 76 89 91 82 86 88 84 76 79 76 79 89 83 80 96 81 83 97 98 
64 65 58 29 97 76 99 57 66 69 52 56 63 74 38 88 26 95 62 97 97 41 71 45 40 81 75 32 84 53 79 89 29 40 87 59 41 56 35 31 62 27 83 59 43 36 52 0 42 62 89 63 95 66 63 90 88 75 93 55 50 94 89 81 62 43 72 55 42 61 68 66 62 67 23 45 48 34 92 35 55 86 28 100 42 57 77 93 39 74 46 32 43 73 39 59 78 96 23 25 
50 91 74 50 76 86 66 45 79 62 21 51 22 54 85 50 30 30 88 45 86 84 17 98 74 68 20 36 17 97 52 89 85 38 37 76 52 92 52 91 34 55 84 43 79 40 27 64 0 92 42 17 94 51 43 57 87 54 64 39 72 78 37 28 77 95 88 27 81 38 86 71 63 28 47 78 70 97 52 41 58 57 72 69 18 30 89 32 75 47 88 35 74 79 85 88 22 36 39 26 
100 88 90 98 100 89 91 95 98 93 89 100 92 90 87 97 96 95 97 93 89 87 93 98 99 96 99 90 89 94 100 99 87 96 88 92 92 89 88 96 95 87 95 94 92 99 96 92 97 0 100 99 95 87 89 97 99 88 87 97 88 93 94 93 94 89 87 89 99 87 90 97 95 87 96 98 93 90 92 87 96 94 89 96 91 94 89 88 100 88 99 91 90 97 93 99 90 93 92 89 
53 98 57 65 86 80 82 78 87 89 47 45 41 69 40 55 85 40 48 70 80 58 85 93 60 95 83 39 47 89 92 89 79 50 88 97 56 65 66 71 48 41 61 76 59 55 64 50 84 55 0 86 70 49 91 39 90 64 69 79 69 76 41 69 82 58 86 79 70 65 76 56 47 54 54 83 73 98 53 95 86 42 100 90 57 53 78 66 50 56 58 95 83 89 64 66 97 94 45 96 
93 64 95 66 90 83 44 95 70 59 73 80 96 90 80 100 89 97 81 100 73 87 86 93 72 53 76 51 53 77 79 65 77 62 79 52 95 99 72 82 97 78 78 89 83 66 61 100 83 82 69 0 97 63 73 92 75 91 51 81 82 95 61 100 82 73 60 60 59 78 69 76 99 78 66 50 59 52 52 62 76 88 59 64 93 47 98 65 78 45 72 95 46 67 63 95 84 79 49 49 
33 94 92 43 99 43 94 89 25 94 54 63 42 97 60 55 25 99 78 70 91 33 27 46 33 72 93 82 91 63 85 58 62 21 41 36 77 37 94 37 41 74 91 39 32 57 45 67 46 71 98 22 0 72 83 78 75 79 42 21 68 66 49 100 73 75 26 29 54 84 62 82 100 36 45 18 88 19 68 52 59 69 49 33 64 33 83 93 36 50 60 84 20 62 91 95 85 27 72 96 
100 100 91 86 83 98 89 88 89 89 87 95 99 97 93 95 96 94 92 97 85 97 86 85 89 83 84 97 88 95 89 97 87 90 84 86 98 86 83 95 98 95 93 83 94 92 85 90 89 90 97 86 100 0 85 98 87 89 88 93 98 98 98 98 95 84 89 85 91 92 87 93 86 95 93 84 88 90 92 85 98 88 97 86 92 93 99 96 91 94 83 83 93 98 89 84 85 94 91 97 
80 64 77 72 65 75 59 82 69 73 98 92 61 82 65 77 97 81 62 99 91 71 66 74 84 80 74 78 84 78 82 84 87 82 63 87 78 90 93 76 66 86 67 75 59 65 75 80 99 100 91 59 72 78 0 72 65 62 82 65 85 79 63 74 79 99 76 91 76 77 98 94 87 78 74 88 70 87 78 65 87 68 84 89 77 68 90 70 89 62 70 64 79 62 64 90 99 80 83 64 
46 63 91 89 91 42 77 92 41 85 55 41 58 98 89 84 97 88 59 73 50 99 64 82 84 97 74 53 64 40 93 50 59 74 73 89 77 86 91 89 61 49 93 36 86 54 43 67 55 36 54 97 51 72 62 0 66 89 78 64 37 93 38 40 81 94 59 86 42 87 65 75 90 94 100 83 50 68 78 53 81 69 63 100 98 53 99 61 84 86 36 84 93 95 49 76 76 61 95 98 
100 100 100 100 100 100 100 100 100 100 100 100 100 100 100 100 100 100 100 100 100 100 100 100 100 100 100 100 100 100 100 100 100 100 100 100 100 100 100 100 100 100 100 100 100 100 100 100 100 100 100 100 100 100 100 100 0 100 100 100 100 100 100 100 100 100 100 100 100 100 100 100 100 100 100 100 100 100 100 100 100 100 100 100 100 100 100 100 100 100 100 100 100 100 100 100 100 100 100 100 
77 79 87 93 77 83 87 81 93 85 84 92 79 76 99 100 83 97 91 92 75 99 77 80 87 90 79 83 100 76 77 90 100 87 89 79 100 88 83 83 88 88 76 97 86 82 92 75 94 88 86 89 81 84 92 93 96 0 83 86 91 89 79 85 93 77 96 97 78 85 94 92 76 97 96 90 76 92 91 75 82 95 82 92 87 88 86 82 91 78 94 99 84 88 78 76 94 81 94 85 
92 71 76 60 29 83 35 82 85 72 93 29 99 55 79 54 30 76 54 77 67 33 52 35 85 74 89 43 99 66 82 61 94 81 63 79 90 38 42 89 33 95 73 40 83 39 31 72 35 55 68 48 75 48 96 74 68 41 0 98 45 100 54 66 94 80 96 84 30 69 52 37 66 37 59 91 40 61 71 53 47 38 94 47 72 32 68 39 90 71 49 45 37 46 34 40 68 90 54 33 
86 89 73 92 66 86 77 97 54 75 42 66 49 95 66 86 79 84 99 46 97 51 68 90 46 43 97 78 76 43 72 55 86 84 77 67 82 56 64 84 66 99 82 53 46 76 72 87 62 81 54 65 80 60 67 50 88 82 43 0 64 89 63 51 78 89 55 59 92 42 100 58 69 46 61 72 59 54 99 91 93 67 68 54 85 91 91 46 100 51 89 90 48 80 75 59 57 82 57 54 
96 100 93 90 100 90 90 93 92 92 96 89 98 100 99 90 95 100 90 89 93 97 92 96 90 98 89 99 94 91 99 99 98 91 94 99 95 94 98 97 91 91 97 99 92 95 93 100 92 90 95 90 90 91 97 100 89 93 89 97 0 90 92 97 99 95 92 100 92 97 95 98 93 97 91 99 94 97 89 96 90 92 96 94 89 93 96 95 96 100 89 97 89 97 91 93 92 93 98 100 
99 97 100 97 100 98 100 99 97 97 98 100 98 97 100 99 98 98 97 98 100 98 98 98 98 99 97 97 99 97 100 100 100 99 99 100 99 100 100 98 97 98 98 97 97 98 98 97 99 98 97 97 97 100 100 98 100 97 100 97 100 0 99 100 98 98 99 97 100 98 100 99 100 100 99 98 97 100 98 98 100 98 99 98 100 98 97 100 97 100 98 99 98 97 100 98 98 99 99 99 
66 75 46 96 92 58 71 89 79 34 100 81 28 31 22 24 20 48 16 91 37 24 70 46 63 63 84 54 85 42 37 86 54 95 82 100 43 88 77 27 57 60 52 13 52 14 96 16 67 27 18 14 88 94 55 31 82 80 13 58 33 38 0 82 79 38 90 95 58 41 24 45 58 28 18 81 66 46 48 40 80 27 51 82 26 68 39 84 69 24 75 32 61 87 90 59 72 43 34 68 
73 71 61 51 70 63 91 63 89 79 55 82 99 67 52 67 73 98 90 64 73 82 56 73 91 57 61 59 59 90 93 52 97 62 76 54 75 55 72 98 87 81 64 73 92 84 79 79 78 50 87 91 56 95 66 60 62 99 82 88 100 77 66 0 67 52 63 87 100 86 63 71 96 71 76 92 71 66 85 78 53 67 50 96 68 87 87 97 97 91 100 93 70 76 89 93 52 93 88 67 
89 65 59 70 70 70 77 88 72 64 86 80 89 83 99 55 81 67 100 71 98 74 81 97 59 70 81 85 64 97 82 56 58 80 73 61 64 85 71 75 78 55 95 69 58 87 55 59 91 69 72 80 61 80 76 96 63 94 92 90 99 78 69 63 0 86 78 64 61 94 93 93 82 62 93 86 95 84 79 65 65 78 86 98 77 72 55 77 62 60 99 78 74 82 99 60 68 78 82 73 
84 91 60 84 72 87 67 55 76 67 81 69 66 69 58 82 68 99 78 57 55 89 55 80 80 60 88 87 93 90 74 88 81 54 83 92 68 99 55 100 96 84 82 62 88 96 76 77 58 85 62 95 76 83 95 83 89 66 87 92 64 68 99 83 75 0 74 76 96 81 84 79 59 89 62 98 85 92 97 80 80 54 100 64 94 63 63 78 65 80 66 74 57 100 70 91 99 63 83 87 
76 92 79 94 97 95 100 86 84 87 88 86 75 88 76 96 80 89 83 91 97 81 83 96 83 85 77 83 78 82 80 96 95 91 85 86 77 88 89 80 83 98 79 79 81 76 81 97 80 94 78 91 99 88 77 90 76 79 89 75 87 98 96 77 89 75 0 97 78 98 91 99 79 100 80 99 78 75 92 91 89 100 95 100 84 97 92 95 83 78 82 95 79 98 98 83 78 96 94 76 
95 89 75 97 90 81 94 89 90 93 90 78 81 85 74 74 76 96 97 73 86 79 96 86 89 95 90 91 93 85 78 94 90 88 89 73 94 97 93 93 77 86 91 80 96 88 77 97 86 85 92 86 78 81 99 93 91 78 93 73 73 87 88 90 98 100 93 0 78 97 74 83 95 91 99 98 75 94 80 75 89 88 86 91 76 91 89 79 94 77 96 73 74 94 85 79 97 88 100 84 
96 90 89 93 92 88 88 98 91 91 97 95 91 91 99 99 98 98 100 93 93 98 100 93 88 90 99 99 99 97 89 100 94 89 97 90 89 88 93 94 99 89 88 98 98 99 92 93 98 89 88 95 91 96 97 96 94 99 92 93 99 99 96 88 89 92 92 89 0 90 92 94 97 90 91 90 90 94 99 90 100 93 90 96 97 97 92 96 92 91 91 90 92 91 98 99 99 88 96 90 
62 90 71 100 62 68 94 74 75 91 87 66 77 83 93 99 97 99 73 73 69 81 70 98 84 64 87 92 83 84 87 93 63 71 97 89 97 92 73 68 69 74 82 93 98 64 75 64 81 93 94 87 69 85 87 71 73 65 98 73 92 80 97 75 64 98 86 87 93 0 83 71 90 97 65 65 81 95 80 94 96 93 66 74 70 72 98 67 62 88 63 64 93 85 92 87 74 88 79 64 
50 97 69 49 58 46 87 73 41 70 99 100 57 97 78 42 91 51 92 83 92 44 38 44 52 88 57 77 45 65 89 54 89 83 85 71 76 57 85 78 88 70 79 99 48 49 90 95 47 66 66 53 83 89 75 45 61 38 89 51 52 74 48 42 56 63 46 92 69 89 0 92 70 68 85 49 81 71 54 77 64 41 72 47 100 78 58 73 81 86 38 66 75 91 41 41 90 91 93 85 
56 84 39 21 55 88 34 85 80 26 100 32 83 55 21 100 72 89 58 44 83 97 29 100 37 78 77 92 41 29 32 53 89 78 44 88 36 48 28 80 42 45 71 30 46 84 70 88 31 19 37 36 86 33 30 75 56 92 34 48 59 74 52 88 34 37 80 39 85 24 58 0 80 48 40 96 72 24 44 42 80 48 70 45 74 68 60 34 49 20 82 77 48 19 33 34 85 59 62 46 
79 93 95 78 93 91 78 90 86 84 99 99 91 98 91 89 89 91 99 88 92 100 85 97 91 87 85 95 99 84 91 81 93 78 84 91 91 81 86 93 97 80 85 95 83 84 80 86 79 91 100 83 77 97 94 86 95 90 90 88 98 93 83 90 99 88 84 81 83 88 82 77 0 92 90 81 100 84 86 86 86 78 90 93 97 93 84 84 94 100 86 94 91 88 86 93 84 97 95 91 
95 92 58 49 92 65 92 59 48 49 48 82 100 95 47 77 95 45 100 84 72 75 80 54 66 73 58 68 76 58 100 77 51 85 76 55 57 81 92 90 71 55 87 94 87 71 96 95 92 97 100 89 64 84 99 91 78 100 57 46 87 73 96 75 94 78 98 88 80 81 94 86 87 0 51 61 100 84 76 49 63 57 99 66 72 89 63 58 76 89 74 50 77 69 60 50 71 67 76 53 
49 81 43 91 49 54 45 61 89 63 80 79 74 82 70 79 85 76 51 60 83 72 52 84 45 73 72 60 67 77 97 64 98 81 71 98 43 52 83 90 49 83 51 92 70 70 82 63 78 93 66 80 70 81 62 74 68 100 87 75 93 78 90 54 74 74 93 68 81 56 51 99 67 67 0 55 86 46 62 80 52 76 66 84 81 51 55 52 61 81 67 75 88 76 45 74 84 98 76 89 
97 91 87 97 95 99 92 100 94 96 92 89 90 100 93 98 89 96 93 97 96 98 98 95 91 94 89 90 97 93 99 88 88 89 98 99 95 100 94 95 88 97 92 87 95 90 92 88 100 98 91 93 93 99 96 97 91 90 100 87 88 97 88 90 89 89 99 100 97 88 89 95 92 87 87 0 97 87 96 96 91 97 93 93 98 96 96 97 92 95 90 98 96 98 92 98 100 99 88 97 
21 42 25 68 78 66 50 67 35 19 85 18 48 69 66 89 84 34 67 82 93 84 41 25 48 77 58 68 46 97 51 69 73 37 84 55 86 58 63 70 39 85 99 62 52 66 87 76 80 27 55 71 28 25 24 63 45 27 45 57 52 57 73 54 47 71 84 77 51 77 26 47 27 48 65 99 0 63 62 81 21 85 31 76 80 82 87 97 46 53 44 98 92 69 18 34 100 30 50 48 
81 75 63 76 66 91 86 99 48 83 42 79 100 97 77 67 66 40 94 62 42 68 93 71 96 57 67 90 73 71 56 56 51 69 85 48 70 76 45 41 50 85 87 84 40 63 52 55 62 89 70 100 66 65 69 82 60 98 74 51 75 68 74 38 57 72 100 95 44 41 37 64 98 61 96 73 48 0 100 49 38 58 72 58 79 37 62 57 81 71 62 58 50 55 73 100 45 99 64 63 
98 83 88 96 80 98 90 96 91 87 89 88 97 97 88 86 83 80 86 81 90 82 87 93 90 89 99 97 91 87 84 99 95 87 91 80 95 95 87 97 92 92 87 82 83 97 86 90 87 86 83 85 96 90 94 85 99 94 90 89 81 94 82 90 89 95 81 86 94 96 80 93 97 95 100 93 87 86 0 85 99 94 80 92 83 94 80 95 98 89 94 82 97 96 94 88 93 84 84 91 
90 88 94 87 98 94 90 98 98 86 86 93 97 86 92 89 87 97 87 99 99 99 96 91 93 88 88 98 93 88 98 88 88 99 87 87 93 97 89 96 89 100 96 88 100 97 89 96 99 90 100 86 97 86 94 91 100 94 94 96 93 99 98 89 99 90 97 92 95 88 97 99 90 95 87 99 94 93 96 0 100 87 99 92 99 97 87 88 98 95 86 94 92 97 99 89 91 87 92 88 
99 78 77 99 83 72 92 77 85 96 91 99 100 95 98 67 66 72 88 68 86 70 96 88 84 92 77 82 68 86 77 76 84 100 88 91 84 77 79 90 78 65 97 84 81 78 90 91 70 82 80 82 66 73 93 84 70 68 89 81 77 72 73 82 76 86 82 71 75 90 82 87 66 96 76 79 79 91 89 67 0 86 65 68 93 65 87 89 100 75 82 84 98 97 83 89 99 84 90 86 
53 60 97 26 31 71 89 87 35 46 68 52 39 63 48 26 39 64 97 71 30 69 25 54 52 98 24 78 24 69 94 57 81 98 60 57 37 85 66 80 51 74 25 71 50 73 71 68 47 89 76 84 50 53 24 83 43 44 95 24 32 54 98 53 60 35 77 44 41 26 64 38 74 92 65 47 97 73 50 53 33 0 32 85 53 71 43 42 84 52 39 67 67 91 45 81 41 81 97 85 
85 87 90 95 79 82 92 91 82 80 95 99 99 91 89 87 78 82 79 81 97 95 95 79 88 91 77 82 96 96 99 91 79 97 92 85 86 75 75 87 99 87 87 96 97 89 92 99 90 76 99 95 84 89 93 83 82 75 79 91 94 85 98 86 86 94 79 78 95 100 99 96 93 91 89 78 100 89 94 90 90 92 0 75 97 90 94 77 96 100 83 100 77 97 79 81 100 83 87 92 
99 83 58 50 39 37 82 82 13 89 43 62 17 13 65 100 12 65 39 32 58 99 48 70 41 70 56 68 15 43 56 21 59 15 67 94 87 97 89 97 83 97 26 79 24 98 75 63 15 87 48 93 20 44 12 37 82 85 20 87 28 73 94 20 19 47 18 43 15 75 88 54 30 50 73 30 80 80 31 44 47 14 95 0 90 86 40 72 77 13 48 91 71 52 51 42 37 63 21 21 
87 33 99 57 48 82 26 50 45 87 62 97 99 41 88 21 21 32 48 74 22 49 60 31 88 26 94 74 90 55 53 57 50 40 57 87 38 36 47 29 91 69 91 57 21 76 52 42 62 96 92 30 28 60 76 71 55 66 63 68 97 68 62 98 80 27 33 88 60 90 74 87 63 81 89 70 89 24 64 60 85 55 36 61 0 53 70 54 77 38 77 96 22 69 85 76 79 21 57 30 
80 65 66 85 88 64 84 85 91 73 95 99 73 77 71 96 83 95 92 73 85 64 80 91 99 87 89 95 99 96 65 67 72 88 95 69 95 89 69 83 82 73 92 78 71 82 91 76 69 89 80 79 85 75 75 71 87 87 86 77 90 88 87 96 64 88 65 68 95 80 72 67 68 69 90 70 100 98 65 80 67 81 85 71 93 0 86 82 87 98 100 89 91 89 89 71 83 70 72 100 
97 88 96 87 83 93 83 92 81 88 91 81 90 94 89 92 90 83 98 90 84 88 96 86 82 95 89 91 91 82 81 96 89 84 81 95 93 100 96 99 80 91 96 81 94 81 100 85 98 95 96 90 93 89 96 88 95 98 86 86 83 80 83 80 93 87 99 95 96 90 88 95 88 87 95 92 96 87 94 96 83 81 86 95 90 86 0 87 98 87 86 82 88 83 91 86 86 90 80 89 
76 43 53 43 65 79 49 45 64 59 66 36 96 77 99 55 69 41 59 72 84 72 76 91 94 54 91 77 90 97 97 88 72 46 48 82 49 62 68 34 88 70 66 78 69 38 82 65 49 70 57 36 81 61 36 46 92 77 67 37 34 100 83 63 72 39 78 86 63 36 81 35 41 98 40 42 83 38 57 47 63 58 86 38 62 90 54 0 92 90 61 78 62 79 80 38 45 61 96 83 
80 93 75 94 51 92 69 59 89 94 57 74 79 50 93 56 51 78 59 86 92 55 52 92 49 66 81 91 96 56 96 80 52 73 82 100 68 59 84 82 61 96 94 56 88 78 89 94 97 54 96 76 82 66 95 92 73 77 63 98 94 90 80 87 54 51 93 52 94 50 50 58 87 92 54 88 62 70 75 54 74 55 84 72 77 80 92 54 0 76 98 89 97 75 94 95 92 59 59 92 
51 66 88 32 38 90 71 87 47 70 51 53 81 53 61 83 45 56 47 53 87 68 60 68 57 89 44 73 90 48 90 45 51 94 63 94 81 81 38 99 83 75 97 82 48 51 93 93 91 43 69 67 52 50 59 39 51 44 36 44 50 46 43 95 69 70 73 87 50 83 43 82 77 39 69 95 35 55 91 78 83 33 53 82 54 39 79 72 39 0 97 90 81 87 40 66 32 68 58 75 
84 80 70 72 76 83 95 71 91 88 81 92 97 79 96 81 83 90 94 83 81 96 98 99 88 88 72 97 90 100 98 81 70 90 71 97 82 76 81 72 100 90 100 92 77 78 86 75 72 88 75 100 95 71 77 82 82 94 97 92 100 82 71 73 91 82 98 86 91 80 81 99 70 83 74 92 87 82 80 89 97 86 79 97 83 88 74 92 85 75 0 78 78 85 76 88 94 92 85 85 
50 92 89 59 24 41 80 26 61 25 100 60 95 24 41 41 15 69 52 83 82 16 93 72 16 100 25 59 69 52 64 96 24 52 25 20 77 18 82 68 52 44 54 19 94 31 39 100 21 19 72 55 51 36 15 97 42 30 82 68 74 72 79 37 20 47 41 95 93 20 60 68 32 72 65 47 62 38 96 34 92 26 26 87 27 43 64 91 100 82 39 0 87 71 18 47 61 42 92 69 
84 48 97 95 68 49 80 51 55 85 93 59 77 76 99 96 47 48 96 66 98 93 90 78 72 66 52 82 92 60 46 90 100 86 74 76 58 85 48 88 89 74 87 84 97 59 69 48 57 93 58 83 72 89 97 68 70 84 86 97 60 68 80 72 53 60 77 61 62 85 93 71 73 76 79 75 46 86 80 53 69 62 74 67 70 94 83 88 65 97 72 60 0 93 49 77 46 56 88 75 
80 58 52 85 92 48 58 84 89 94 64 79 77 85 69 64 76 95 97 94 67 71 86 94 89 85 67 88 38 78 44 63 89 85 91 90 67 80 61 86 43 38 81 35 47 96 98 38 82 100 53 95 86 53 49 54 60 37 96 79 98 61 36 80 63 54 51 83 57 41 98 90 40 59 41 72 48 49 58 52 89 52 47 42 69 78 98 34 63 55 87 86 52 0 89 94 48 50 92 84 
30 93 82 75 97 92 90 77 40 87 62 65 97 87 36 100 86 74 74 56 97 75 71 90 47 60 40 83 28 90 32 70 57 81 87 50 51 66 28 43 77 78 33 69 57 82 34 79 78 44 37 91 86 59 76 56 49 69 56 51 83 84 98 83 81 32 63 85 48 76 39 57 91 89 62 90 28 100 52 61 89 52 63 33 79 37 46 48 38 34 39 66 91 45 0 38 61 37 92 47 
75 64 34 91 78 81 63 91 96 50 70 59 59 64 79 89 50 38 85 69 50 84 85 42 81 82 83 92 85 61 83 91 93 77 40 71 64 78 65 79 56 73 36 92 95 36 90 63 73 92 85 40 52 88 94 52 79 54 39 82 44 50 100 87 37 100 94 91 99 88 60 58 82 80 97 73 75 47 34 66 97 90 51 49 56 100 51 88 45 52 66 65 95 72 54 0 69 91 96 66 
91 68 80 28 94 82 46 45 79 95 34 40 37 84 87 73 99 99 53 73 59 67 53 86 57 24 67 87 76 97 82 65 53 93 37 95 74 24 94 61 84 32 35 58 57 30 95 27 65 76 100 74 96 31 97 51 85 33 36 57 87 61 24 33 48 80 63 88 26 48 34 52 48 26 77 61 76 62 89 88 25 59 71 32 85 79 28 25 26 97 55 53 59 87 94 42 0 67 78 71 
82 46 43 70 63 84 97 76 61 74 65 85 60 77 46 60 57 48 98 44 73 100 97 53 70 40 53 87 51 82 91 82 98 100 46 74 75 70 81 58 100 93 64 88 88 31 47 56 83 92 74 51 41 43 78 87 72 94 64 54 45 37 71 83 33 45 73 48 39 89 41 53 98 78 68 61 96 98 85 40 48 78 44 98 38 75 73 95 63 45 31 62 40 45 62 94 41 0 50 87 
78 97 82 76 97 76 89 87 98 82 99 87 74 77 79 81 75 95 84 77 85 75 87 91 88 91 94 82 94 78 99 92 78 93 91 100 96 93 95 94 81 79 98 88 81 91 97 97 92 83 96 75 98 99 94 98 99 76 82 84 86 89 79 98 97 96 96 100 83 89 87 81 76 74 89 75 82 96 79 81 95 84 94 88 86 97 80 86 88 84 74 80 92 94 74 97 97 88 0 75 
95 99 95 100 90 99 98 87 99 96 88 96 95 95 88 92 95 90 88 96 100 91 96 90 94 94 98 91 87 91 100 100 96 98 94 86 91 88 90 96 92 99 99 91 89 99 99 92 95 99 97 89 94 87 99 94 96 97 99 92 97 97 96 88 93 87 98 89 99 86 95 91 86 90 96 89 100 97 86 98 91 95 88 93 86 88 92 96 92 98 88 88 98 88 92 94 89 99 94 0 
