50
7 630
95 4284
35 1225
60 1539
76 4320
2 1176
42 770
49 915
81 3103
88 3075
41 2496
31 216
70 2310
39 1896
73 2178
76 3360
5 40
3 465
9 95
69 2376
79 2842
92 2600
28 1326
20 1104
15 1350
10 414
47 180
98 1952
22 330
59 2310
32 1104
83 665
4 30
44 2585
50 3240
58 74
36 225
29 450
83 3150
20 2232
8 880
89 3960
60 3219
79 3198
52 2475
16 528
61 420
33 1938
90 4352
81 364
0 1 25 18 4 23 1 20 5 3 16 24 8 25 10 10 19 10 16 20 16 22 16 5 8 22 6 3 21 14 10 23 14 11 17 19 9 19 16 15 22 6 13 4 8 24 15 1 9 5 
12 0 5 11 8 12 14 3 1 25 2 16 12 20 10 22 14 25 12 12 7 1 15 14 25 4 14 10 10 10 10 11 22 16 24 6 3 14 11 5 15 14 20 1 9 6 23 24 7 11 
1 4 0 12 4 18 23 13 4 7 1 2 25 24 8 2 14 20 8 3 8 2 3 16 10 2 16 16 12 25 6 25 25 10 11 5 4 9 18 9 17 20 11 16 20 20 19 8 14 1 
14 12 14 0 16 2 6 2 4 14 3 3 23 14 8 3 24 2 11 17 21 21 8 17 15 3 24 3 6 10 24 10 25 12 25 15 15 5 19 20 18 21 23 17 11 7 19 9 10 5 
10 23 19 14 0 23 21 19 7 21 3 6 9 4 23 1 11 16 20 3 13 19 22 24 25 17 9 9 21 9 15 25 20 14 18 9 11 15 4 17 11 9 25 21 12 22 21 22 14 18 
23 1 13 14 10 0 21 12 20 13 13 15 1 5 25 14 19 3 5 6 13 6 2 25 4 24 21 17 16 22 20 2 21 20 14 12 6 11 25 1 25 12 17 3 16 18 16 11 22 22 
20 9 8 20 6 2 0 11 5 21 14 25 17 4 13 23 16 12 25 16 23 16 20 15 8 10 3 6 6 19 15 10 15 25 20 9 6 21 21 10 16 11 11 9 14 24 6 7 12 5 
18 1 6 2 3 12 9 0 23 1 21 14 3 15 25 8 10 20 19 2 6 6 10 21 6 18 2 18 24 25 4 21 17 6 1 20 11 14 6 10 17 3 24 19 17 23 3 3 19 21 
17 22 9 9 25 1 10 2 0 6 7 20 11 7 17 23 23 22 8 14 24 8 7 17 7 9 21 25 6 1 3 8 17 1 16 3 25 18 12 3 23 18 23 11 1 14 8 23 12 17 
21 3 5 6 23 7 11 23 11 0 21 16 11 11 18 12 4 6 15 3 23 14 13 1 4 23 25 15 14 13 1 15 10 3 21 16 25 4 1 22 14 21 14 24 9 7 13 14 12 4 
6 14 22 3 13 11 18 2 11 7 0 12 15 3 2 14 6 4 12 22 25 25 22 10 8 9 23 22 12 15 8 5 20 21 1 22 10 13 17 12 23 23 25 14 2 1 4 10 4 17 
2 16 1 13 13 22 24 3 6 6 24 0 1 6 23 13 19 14 24 18 11 23 7 13 25 12 22 5 4 4 10 20 5 2 22 19 15 19 20 19 24 25 17 2 5 14 14 25 2 14 
3 4 12 14 2 16 17 5 2 13 11 4 0 10 5 20 5 24 13 3 25 6 6 6 22 19 6 25 9 25 14 21 2 19 7 17 20 23 9 24 1 21 12 4 7 18 25 11 16 14 
21 20 18 15 2 17 23 3 8 19 6 1 2 0 23 23 1 8 21 2 3 9 7 12 1 7 22 18 20 12 7 16 8 4 8 24 7 2 23 10 9 18 17 11 20 14 8 20 21 6 
5 12 17 13 10 9 7 22 18 25 4 21 7 4 0 4 10 1 15 20 19 7 6 15 22 15 11 20 22 11 22 13 17 8 4 4 19 12 12 15 4 11 20 1 20 23 5 4 1 21 
8 10 24 22 22 18 21 7 14 8 23 23 13 3 16 0 24 15 8 5 2 2 7 23 2 13 4 2 9 4 22 10 11 6 10 9 2 4 4 11 17 13 8 16 25 13 9 1 4 18 
11 5 20 24 8 21 7 13 17 18 23 24 3 6 3 6 0 12 13 25 24 22 17 1 9 2 1 14 19 5 19 13 17 25 9 17 7 5 25 19 23 18 18 24 22 25 1 2 11 15 
20 12 24 21 14 12 15 20 5 4 11 4 12 3 12 18 4 0 7 18 21 24 16 17 24 18 21 11 7 23 22 19 17 10 17 15 23 4 6 17 10 9 5 16 22 9 4 17 12 11 
1 3 9 18 23 20 1 21 18 19 14 3 13 5 2 18 10 21 0 4 20 25 21 17 10 25 8 21 10 18 7 20 20 10 4 12 7 23 12 4 15 7 18 19 21 24 23 15 9 18 
16 21 5 15 3 2 1 22 9 21 16 18 1 4 1 25 17 5 16 0 1 24 12 21 22 9 11 5 3 6 10 23 21 5 2 13 10 5 13 6 13 10 24 7 12 2 8 11 19 14 
15 16 10 23 3 15 2 8 1 1 6 5 2 18 14 6 7 22 21 19 0 20 2 5 21 11 18 16 24 21 9 10 10 25 20 9 2 11 12 12 11 12 17 17 15 11 8 22 19 4 
21 19 20 6 11 13 7 8 21 16 19 22 12 2 24 24 15 12 9 1 3 0 3 17 15 10 13 8 15 7 22 14 4 15 10 9 2 22 15 9 20 8 2 16 21 5 14 20 21 2 
7 14 20 16 1 5 5 9 3 20 12 19 5 23 20 1 14 5 22 21 8 13 0 17 14 3 13 9 5 17 6 10 24 19 5 16 21 11 23 5 13 17 18 6 21 15 2 24 4 6 
9 19 3 12 6 13 16 23 18 25 23 13 6 13 10 18 10 16 7 2 9 12 24 0 23 15 24 3 22 21 6 11 4 1 15 15 7 2 7 6 21 9 3 8 16 17 20 9 2 10 
4 3 18 18 4 22 15 24 2 25 2 3 17 19 11 18 25 18 14 8 22 23 24 13 0 17 9 16 2 23 20 21 1 25 13 19 3 12 10 3 13 11 4 17 2 24 2 20 24 21 
9 8 7 3 16 22 6 16 17 1 18 18 16 13 20 2 22 22 16 8 2 10 9 3 13 0 5 1 9 16 10 25 25 20 6 4 12 5 9 2 21 11 20 13 1 7 9 4 4 7 
6 23 12 18 5 14 3 20 24 5 21 20 12 24 6 16 7 8 13 20 4 2 20 10 10 1 0 15 18 24 4 3 6 2 14 23 6 3 3 2 3 7 23 22 18 21 2 11 5 11 
25 20 1 11 22 15 4 20 21 6 25 24 19 25 4 21 2 5 23 10 4 21 4 25 23 14 6 0 8 12 6 24 11 25 24 21 24 15 24 18 10 6 20 8 25 21 13 22 24 18 
17 11 24 16 25 4 1 13 11 24 23 11 22 20 9 11 21 3 21 1 24 5 2 19 18 1 17 12 0 22 1 9 15 12 8 6 13 13 6 25 24 6 24 11 2 20 21 12 15 23 
14 19 17 8 19 9 19 17 11 2 7 22 11 14 11 1 21 10 24 1 10 11 4 5 6 15 19 5 1 0 11 3 16 7 20 23 2 5 16 19 15 19 2 14 7 15 24 7 12 11 
17 17 1 22 8 20 3 8 7 6 23 15 2 20 17 8 12 10 24 6 13 12 12 4 13 20 15 25 1 5 0 21 17 21 22 15 3 18 17 13 24 24 12 16 25 9 7 7 20 18 
19 13 8 8 7 24 7 9 3 5 2 25 1 16 2 18 10 16 18 8 3 8 10 11 16 18 7 8 25 9 14 0 19 21 21 3 5 21 12 15 23 16 17 22 16 7 1 10 16 18 
12 10 9 2 2 16 12 2 24 25 22 21 23 24 2 18 12 17 16 2 8 14 19 16 16 5 7 9 9 9 5 22 0 18 14 25 21 4 11 24 4 11 20 24 8 21 1 2 9 17 
8 6 16 23 13 24 8 21 7 15 19 1 3 18 24 8 4 22 11 16 17 11 25 14 13 1 22 6 20 9 6 2 17 0 22 1 4 22 11 1 4 25 19 6 4 11 4 13 14 1 
10 5 9 23 6 5 5 25 16 11 3 7 9 5 12 5 17 12 10 16 5 16 21 17 21 8 8 21 7 13 16 19 18 24 0 18 23 6 22 24 21 7 3 4 17 7 15 22 24 1 
25 12 23 21 21 7 16 3 20 7 21 12 7 13 11 12 9 9 7 18 11 10 11 19 24 7 17 1 17 10 9 16 23 9 11 0 18 15 4 20 9 10 17 20 16 6 7 3 15 15 
21 19 21 21 3 14 24 19 23 7 11 20 15 22 15 5 25 9 13 11 3 10 3 8 16 7 24 8 18 9 9 15 3 4 12 7 0 20 12 2 17 19 12 14 10 10 5 14 9 13 
15 24 25 5 7 25 12 1 9 23 17 13 3 4 19 22 17 20 14 10 8 4 20 18 8 10 3 22 13 24 16 2 24 17 9 7 16 0 22 8 1 19 24 13 22 4 8 18 21 4 
13 3 6 22 13 8 21 2 8 11 6 8 2 14 15 19 12 24 20 8 24 9 6 5 17 25 2 20 10 8 6 22 11 11 21 25 21 16 0 1 5 3 6 13 6 21 4 24 8 4 
4 22 6 20 21 7 14 5 17 22 4 2 9 1 3 6 16 3 11 20 9 23 25 6 3 25 15 6 20 6 9 25 2 15 19 25 23 9 6 0 14 7 11 17 16 11 19 21 1 24 
7 21 14 9 23 4 16 17 11 25 16 15 14 11 14 13 19 21 4 3 7 22 20 17 18 17 20 16 25 16 24 6 14 14 15 11 17 5 2 5 0 6 19 19 19 4 9 9 24 4 
10 22 2 4 14 21 19 13 13 19 18 1 8 9 11 1 16 14 5 21 7 25 17 12 8 25 13 12 13 15 21 24 12 24 3 25 21 23 12 9 17 0 6 11 1 17 22 3 7 10 
9 20 7 17 19 19 5 8 9 25 9 20 1 11 21 21 8 9 6 1 14 17 3 5 15 6 11 1 17 15 19 25 9 3 18 5 21 22 14 4 24 22 0 25 24 9 20 21 19 3 
20 24 25 9 6 11 9 22 2 5 23 12 7 16 16 2 14 7 8 12 3 9 12 12 6 10 7 10 13 2 3 9 25 3 17 5 15 2 3 18 8 3 4 0 14 20 22 18 8 3 
12 8 20 17 19 1 2 6 3 6 16 4 8 9 11 24 11 13 16 20 17 22 9 11 18 3 19 22 4 15 5 15 24 25 9 20 2 10 2 4 15 18 10 25 0 1 20 25 13 9 
12 18 11 6 20 6 4 25 20 8 16 21 9 24 15 11 10 18 16 2 10 25 3 13 21 2 25 5 17 7 5 5 1 17 12 20 23 15 19 19 25 12 16 8 10 0 7 20 20 25 
12 25 23 8 1 23 12 18 6 18 24 7 9 11 3 6 2 24 2 3 10 17 11 19 24 5 15 25 17 14 10 4 13 8 11 14 7 22 8 12 14 8 20 24 18 25 0 7 22 23 
1 11 2 1 18 19 25 9 7 10 12 20 17 22 10 23 20 19 11 10 1 8 9 19 7 17 17 4 1 17 12 1 3 15 2 20 8 3 3 17 12 17 13 5 15 24 2 0 10 17 
22 6 12 3 22 3 8 22 20 19 25 24 10 3 18 18 5 22 11 17 13 23 21 5 23 25 14 14 14 11 5 12 17 17 14 13 19 23 12 15 18 11 13 2 13 7 21 17 0 6 
5 6 22 2 7 12 15 20 23 22 6 14 13 21 3 8 18 16 23 12 1 12 13 15 21 9 9 1 16 18 20 21 25 19 24 8 5 16 4 4 12 11 19 24 6 24 8 25 14 0 
