100
7 532
82 930
69 8343
91 109
74 2697
64 2210
70 623
82 2725
85 10353
42 1248
85 2394
65 3456
74 6834
3 1148
21 1375
1 2052
16 1394
83 6264
38 5624
13 3485
47 1530
63 7372
86 9960
6 2106
61 8448
18 1872
88 3210
4 871
65 770
53 3149
76 115
20 4185
4 480
32 246
72 4366
87 5720
19 2805
91 9546
47 2320
15 1540
6 665
91 5876
64 679
94 12255
23 4830
55 3432
38 1204
55 945
86 8800
6 3360
26 1443
96 9313
69 1764
79 9322
52 1178
50 4060
34 851
18 1984
60 1395
32 200
34 3710
20 3465
57 5494
37 2070
67 570
77 6336
20 510
61 4446
71 5580
62 146
94 7259
16 3465
32 3996
77 960
91 2266
13 3763
41 5244
69 3531
41 4232
72 4644
20 1140
6 369
65 5644
46 5734
13 2220
12 2937
69 4592
53 6396
24 1775
48 216
82 3026
72 3432
89 3328
26 6120
56 2867
38 1001
51 2950
14 1470
27 1540
75 3588
0 1 25 18 4 23 1 20 5 3 16 24 8 25 10 10 19 10 16 20 16 22 16 5 8 22 6 3 21 14 10 23 14 11 17 19 9 19 16 15 22 6 13 4 8 24 15 1 9 5 20 24 2 12 5 11 8 12 14 3 1 25 2 16 12 20 10 22 14 25 12 12 7 1 15 14 25 4 14 10 10 10 10 11 22 16 24 6 3 14 11 5 15 14 20 1 9 6 23 24 
14 0 11 1 4 12 4 18 23 13 4 7 1 2 25 24 8 2 14 20 8 3 8 2 3 16 10 2 16 16 12 25 6 25 25 10 11 5 4 9 18 9 17 20 11 16 20 20 19 8 14 1 10 21 5 14 12 14 16 2 6 2 4 14 3 3 23 14 8 3 24 2 11 17 21 21 8 17 15 3 24 3 6 10 24 10 25 12 25 15 15 5 19 20 18 21 23 17 11 7 
5 1 0 7 2 10 23 19 14 23 21 19 7 21 3 6 9 4 23 1 11 16 20 3 13 19 22 24 25 17 9 9 21 9 15 25 20 14 18 9 11 15 4 17 11 9 25 21 12 22 21 22 14 18 2 1 11 23 1 13 14 10 21 12 20 13 13 15 1 5 25 14 19 3 5 6 13 6 2 25 4 24 21 17 16 22 20 2 21 20 14 12 6 11 25 1 25 12 17 3 
11 22 22 0 17 10 3 20 9 8 20 6 2 11 5 21 14 25 17 4 13 23 16 12 25 16 23 16 20 15 8 10 3 6 6 19 15 10 15 25 20 9 6 21 21 10 16 11 11 9 14 24 6 7 12 5 24 12 22 18 1 6 2 3 12 9 23 1 21 14 3 15 25 8 10 20 19 2 6 6 10 21 6 18 2 18 24 25 4 21 17 6 1 20 11 14 6 10 17 3 
23 3 3 19 0 21 6 1 1 17 22 9 9 25 1 10 2 6 7 20 11 7 17 23 23 22 8 14 24 8 7 17 7 9 21 25 6 1 3 8 17 1 16 3 25 18 12 3 23 18 23 11 1 14 8 23 12 17 13 10 24 21 3 5 6 23 7 11 23 11 21 16 11 11 18 12 4 6 15 3 23 14 13 1 4 23 25 15 14 13 1 15 10 3 21 16 25 4 1 22 
24 9 7 13 14 0 12 4 16 12 17 6 14 22 3 13 11 18 2 11 7 12 15 3 2 14 6 4 12 22 25 25 22 10 8 9 23 22 12 15 8 5 20 21 1 22 10 13 17 12 23 23 25 14 2 1 4 10 4 17 6 5 17 2 16 1 13 13 22 24 3 6 6 24 1 6 23 13 19 14 24 18 11 23 7 13 25 12 22 5 4 4 10 20 5 2 22 19 15 19 
25 17 2 5 14 14 0 25 2 14 20 15 13 3 4 12 14 2 16 17 5 2 13 11 4 10 5 20 5 24 13 3 25 6 6 6 22 19 6 25 9 25 14 21 2 19 7 17 20 23 9 24 1 21 12 4 7 18 25 11 16 14 14 15 20 21 20 18 15 2 17 23 3 8 19 6 1 2 23 23 1 8 21 2 3 9 7 12 1 7 22 18 20 12 7 16 8 4 8 24 
10 9 18 17 11 20 14 0 8 20 21 6 23 1 14 5 12 17 13 10 9 7 22 18 25 4 21 7 4 4 10 1 15 20 19 7 6 15 22 15 11 20 22 11 22 13 17 8 4 4 19 12 12 15 4 11 20 1 20 23 5 4 1 21 1 19 2 8 10 24 22 22 18 21 7 14 8 23 23 13 3 16 24 15 8 5 2 2 7 23 2 13 4 2 9 4 22 10 11 6 
4 4 11 17 13 8 16 25 0 13 9 1 4 18 5 5 19 11 5 20 24 8 21 7 13 17 18 23 24 3 6 3 6 12 13 25 24 22 17 1 9 2 1 14 19 5 19 13 17 25 9 17 7 5 25 19 23 18 18 24 22 25 1 2 11 15 3 12 13 20 12 24 21 14 12 15 20 5 4 11 4 12 3 12 18 4 7 18 21 24 16 17 24 18 21 11 7 23 22 19 
15 23 4 6 17 10 9 5 16 0 22 9 4 17 12 11 9 10 9 1 3 9 18 23 20 1 21 18 19 14 3 13 5 2 18 10 21 4 20 25 21 17 10 25 8 21 10 18 7 20 20 10 4 12 7 23 12 4 15 7 18 19 21 24 23 15 9 18 19 3 19 16 21 5 15 3 2 1 22 9 21 16 18 1 4 1 25 17 5 16 1 24 12 21 22 9 11 5 3 6 
5 2 13 10 5 13 6 13 10 24 0 7 12 2 8 11 19 14 4 19 12 15 16 10 23 3 15 2 8 1 1 6 5 2 18 14 6 7 22 21 19 20 2 5 21 11 18 16 24 21 9 10 10 25 20 9 2 11 12 12 11 12 17 17 15 11 8 22 19 4 17 12 25 21 19 20 6 11 13 7 8 21 16 19 22 12 2 24 24 15 12 9 1 3 3 17 15 10 13 8 
14 4 15 10 9 2 22 15 9 20 8 0 2 16 21 5 14 20 21 2 3 23 6 7 14 20 16 1 5 5 9 3 20 12 19 5 23 20 1 14 5 22 21 8 13 17 14 3 13 9 5 17 6 10 24 19 5 16 21 11 23 5 13 17 18 6 21 15 2 24 4 6 20 1 15 9 19 3 12 6 13 16 23 18 25 23 13 6 13 10 18 10 16 7 2 9 12 24 23 15 
21 6 11 4 1 15 15 7 2 7 6 21 0 9 3 8 16 17 20 9 2 10 15 5 18 4 3 18 18 4 22 15 24 2 25 2 3 17 19 11 18 25 18 14 8 22 23 24 13 17 9 16 2 23 20 21 1 25 13 19 3 12 10 3 13 11 4 17 2 24 2 20 24 21 10 8 17 9 8 7 3 16 22 6 16 17 1 18 18 16 13 20 2 22 22 16 8 2 10 9 
1 9 16 10 25 25 20 6 4 12 5 9 2 0 21 11 20 13 1 7 9 4 4 7 22 13 10 6 23 12 18 5 14 3 20 24 5 21 20 12 24 6 16 7 8 13 20 4 2 20 10 10 1 15 18 24 4 3 6 2 14 23 6 3 3 2 3 7 23 22 18 21 2 11 5 11 23 24 14 25 20 1 11 22 15 4 20 21 6 25 24 19 25 4 21 2 5 23 10 4 
23 14 6 8 12 6 24 11 25 24 21 24 15 24 0 18 10 6 20 8 25 21 13 22 24 18 22 8 23 17 11 24 16 25 4 1 13 11 24 23 11 22 20 9 11 21 3 21 1 24 5 2 19 18 1 17 12 22 1 9 15 12 8 6 13 13 6 25 24 6 24 11 2 20 21 12 15 23 9 18 24 14 19 17 8 19 9 19 17 11 2 7 22 11 14 11 1 21 10 24 
4 5 6 15 19 5 1 11 3 16 7 20 23 2 5 0 16 19 15 19 2 14 7 15 24 7 12 11 7 14 20 17 17 1 22 8 20 3 8 7 6 23 15 2 20 17 8 12 10 24 6 13 12 12 4 13 20 15 25 1 5 21 17 21 22 15 3 18 17 13 24 24 12 16 25 9 7 7 20 18 8 25 5 19 13 8 8 7 24 7 9 3 5 2 25 1 16 2 18 10 
3 8 10 11 16 18 7 8 25 9 14 19 21 21 3 5 0 21 12 15 23 16 17 22 16 7 1 10 16 18 4 1 22 12 10 9 2 2 16 12 2 24 25 22 21 23 24 2 18 12 17 16 2 8 14 19 16 16 5 7 9 9 9 5 22 18 14 25 21 4 11 24 4 11 20 24 8 21 1 2 9 17 19 11 1 8 6 16 23 13 24 8 21 7 15 19 1 3 18 24 
11 16 17 11 25 14 13 1 22 6 20 9 6 2 17 22 1 0 4 22 11 1 4 25 19 6 4 11 4 13 14 1 25 6 19 10 5 9 23 6 5 5 25 16 11 3 7 9 5 12 5 17 12 10 16 5 16 21 17 21 8 8 21 7 13 16 19 18 24 18 23 6 22 24 21 7 3 4 17 7 15 22 24 1 8 16 7 25 12 23 21 21 7 16 3 20 7 21 12 7 
9 9 7 18 11 10 11 19 24 7 17 1 17 10 9 16 23 9 0 11 18 15 4 20 9 10 17 20 16 6 7 3 15 15 11 9 2 21 19 21 21 3 14 24 19 23 7 11 20 15 22 15 5 25 9 13 11 3 10 3 8 16 7 24 8 18 9 9 15 3 4 12 7 20 12 2 17 19 12 14 10 10 5 14 9 13 4 21 17 15 24 25 5 7 25 12 1 9 23 17 
19 22 17 20 14 10 8 4 20 18 8 10 3 22 13 24 16 2 24 0 17 9 7 16 22 8 1 19 24 13 22 4 8 18 21 4 8 7 12 13 3 6 22 13 8 21 2 8 11 6 8 2 14 15 19 12 24 20 8 24 9 6 5 17 25 2 20 10 8 6 22 11 11 21 25 21 16 1 5 3 6 13 6 21 4 24 8 4 20 17 2 4 22 6 20 21 7 14 5 17 
9 1 3 6 16 3 11 20 9 23 25 6 3 25 15 6 20 6 9 25 0 2 15 19 25 23 9 6 14 7 11 17 16 11 19 21 1 24 8 22 9 7 21 14 9 23 4 16 17 11 25 16 15 14 11 14 13 19 21 4 3 7 22 20 17 18 17 20 16 25 16 24 6 14 14 15 11 17 5 2 5 6 19 19 19 4 9 9 24 4 14 1 10 10 22 2 4 14 21 19 
18 1 8 9 11 1 16 14 5 21 7 25 17 12 8 25 13 12 13 15 21 0 24 12 24 3 25 21 23 12 9 17 6 11 1 17 22 3 7 10 10 2 19 9 20 7 17 19 19 5 8 9 25 9 20 1 11 21 21 8 9 6 1 14 17 3 5 15 6 11 1 17 15 19 25 9 3 18 5 21 22 14 4 24 22 25 24 9 20 21 19 3 4 19 19 20 24 25 9 6 
2 5 23 12 7 16 16 2 14 7 8 12 3 9 12 12 6 10 7 10 13 2 0 3 9 25 3 17 5 15 2 3 18 8 3 4 14 20 22 18 8 3 2 22 7 12 8 20 17 19 1 2 6 3 6 16 4 8 9 11 24 11 13 16 20 17 22 9 11 18 3 19 22 4 15 5 15 24 25 9 20 2 10 2 4 15 18 10 25 1 20 25 13 9 16 8 1 12 18 11 
4 25 20 8 16 21 9 24 15 11 10 18 16 2 10 25 3 13 21 2 25 5 17 0 7 5 5 1 17 12 20 23 15 19 19 25 12 16 8 10 7 20 20 25 11 23 9 12 25 23 8 1 23 12 18 6 18 24 7 9 11 3 6 2 24 2 3 10 17 11 19 24 5 15 25 17 14 10 4 13 8 11 14 7 22 8 12 14 8 20 24 18 25 7 22 23 8 24 7 1 
18 19 25 9 7 10 12 20 17 22 10 23 20 19 11 10 1 8 9 19 7 17 17 4 0 1 17 12 1 3 15 2 20 8 3 3 17 12 17 13 5 15 24 2 10 17 15 21 17 22 6 12 3 22 3 8 22 20 19 25 24 10 3 18 18 5 22 11 17 13 23 21 5 23 25 14 14 14 11 5 12 17 17 14 13 19 23 12 15 18 11 13 2 13 7 21 17 6 6 10 
22 2 7 12 15 20 23 22 6 14 13 21 3 8 18 16 23 12 1 12 13 15 21 9 9 0 1 16 18 20 21 25 19 24 8 5 16 4 4 12 11 19 24 6 24 8 25 14 7 11 17 19 24 6 16 9 16 16 24 11 12 21 12 5 22 20 12 12 23 15 25 9 11 25 16 9 7 18 22 14 3 15 9 3 23 24 13 13 16 14 23 4 9 12 9 7 8 22 20 5 
23 20 8 8 2 25 7 17 4 21 25 9 18 25 21 8 17 9 7 20 20 18 5 1 25 1 0 23 7 16 16 23 13 13 5 23 14 6 4 7 10 1 6 18 19 7 13 1 25 24 9 21 18 2 1 20 3 3 17 9 20 10 7 8 24 13 7 12 19 10 18 3 10 25 22 5 8 11 7 7 9 16 2 3 19 4 25 21 9 18 5 3 4 13 12 2 2 18 15 20 
16 10 20 20 17 6 4 25 16 19 2 21 12 7 22 7 17 14 13 22 18 2 8 21 4 3 11 0 23 6 21 22 23 6 18 18 24 25 21 24 16 16 2 13 2 8 9 10 2 24 23 23 16 1 5 14 4 9 1 2 17 21 25 14 3 19 6 2 19 3 25 9 18 1 23 21 10 6 6 11 4 5 8 22 5 15 12 11 23 12 14 16 9 15 5 12 8 12 13 1 
9 14 8 5 23 15 12 11 21 18 18 17 24 9 5 9 9 16 24 24 24 13 3 10 21 15 24 21 0 6 10 7 14 23 16 20 23 6 8 8 3 25 2 19 1 11 25 11 19 15 10 17 15 22 22 25 19 11 23 15 16 10 23 6 9 15 1 6 22 8 13 24 10 15 19 10 2 18 20 20 9 4 13 24 3 11 25 21 21 24 12 13 8 11 19 19 3 21 24 24 
12 5 18 23 6 13 18 2 21 23 16 19 25 2 18 23 24 17 11 14 1 22 9 19 1 4 20 24 8 0 10 25 22 16 18 19 21 5 13 24 25 11 16 21 12 19 13 11 18 6 22 8 9 20 16 2 20 21 23 20 3 7 20 1 22 14 22 19 20 9 19 21 21 10 16 10 3 6 20 22 11 18 4 19 12 19 23 8 14 20 5 19 4 1 19 2 14 15 21 8 
23 25 19 7 5 24 2 1 11 21 7 7 8 25 4 17 16 25 23 11 3 23 4 5 11 21 2 18 23 17 0 23 20 17 18 2 21 16 5 23 3 25 4 9 9 6 14 3 23 14 25 8 18 23 13 22 8 10 23 3 7 15 2 4 8 19 5 5 11 11 4 13 10 8 24 21 15 12 23 12 25 22 19 20 21 8 16 4 18 16 8 24 7 9 2 16 4 8 20 14 
5 9 1 25 23 13 24 11 14 20 6 8 16 14 1 21 6 16 5 6 24 15 8 14 18 17 10 6 12 9 8 0 18 18 9 19 17 23 17 3 11 13 8 21 5 21 21 2 1 13 6 9 11 22 18 24 14 9 10 21 22 18 6 16 12 16 9 6 13 2 8 25 17 17 20 21 15 17 23 17 4 5 25 14 2 17 14 17 3 23 15 24 18 22 17 6 12 25 11 24 
20 14 20 17 3 11 16 21 17 21 21 5 24 14 21 17 16 20 8 17 14 4 8 22 15 9 9 15 12 6 15 8 0 19 11 25 23 23 15 18 14 12 15 21 12 4 18 4 21 12 11 12 3 17 19 24 6 3 7 23 16 12 14 24 7 1 25 4 25 14 24 16 1 15 11 12 20 5 17 16 16 5 2 20 21 23 18 3 2 25 2 17 13 15 17 20 17 16 25 17 
9 15 19 20 9 23 14 24 15 18 3 10 15 25 2 17 3 3 21 19 18 10 13 12 4 3 13 20 11 13 1 19 2 0 21 14 12 18 4 11 9 21 15 18 12 16 22 5 18 1 25 13 18 12 25 4 15 5 17 9 15 6 11 9 7 6 24 18 25 2 5 8 24 19 3 12 9 1 16 1 1 16 16 19 2 15 24 16 21 17 1 11 22 11 21 3 16 19 23 17 
22 23 3 8 6 3 23 9 4 13 24 22 16 15 22 6 11 14 6 21 10 18 18 15 10 11 12 1 9 15 25 5 12 4 0 12 20 7 9 5 10 24 5 8 14 19 4 22 4 17 4 1 4 24 18 18 8 5 6 9 13 20 10 17 7 13 3 3 19 14 7 5 14 11 12 4 4 18 2 10 11 8 12 14 6 7 8 13 11 13 21 24 8 5 17 16 20 22 18 13 
25 13 6 3 18 25 5 2 11 14 16 1 19 22 9 6 7 21 4 7 5 10 1 22 4 22 14 17 8 16 11 9 3 18 13 0 21 18 19 24 3 7 14 5 25 10 13 8 19 11 11 25 15 20 2 12 1 23 2 17 7 20 4 17 22 21 5 19 13 23 18 17 5 8 22 6 18 11 13 13 21 25 14 13 22 16 1 22 15 2 13 22 21 18 15 20 13 19 15 3 
23 17 19 5 11 5 18 23 25 19 11 14 15 3 14 11 18 16 25 16 13 17 5 9 7 24 24 9 17 7 6 16 23 25 22 10 0 4 14 7 5 8 20 19 24 22 7 10 14 24 9 4 14 1 9 24 7 9 22 17 2 6 22 19 5 21 15 15 1 6 23 6 15 17 1 13 14 7 22 2 8 6 8 23 8 16 21 14 1 20 7 2 2 3 22 6 1 11 22 1 
7 11 8 20 24 17 16 3 1 23 10 23 5 2 20 20 2 14 1 5 15 6 3 23 8 13 21 10 6 15 18 12 3 2 6 3 20 0 24 5 22 23 16 19 3 17 16 24 20 4 2 1 21 9 3 20 16 18 15 2 25 7 19 11 9 23 19 11 19 19 18 16 16 8 11 20 2 1 19 23 7 22 1 4 5 5 23 22 22 12 23 23 18 19 9 3 18 4 14 11 
12 15 14 9 18 14 4 18 22 25 18 25 6 24 22 4 23 11 3 20 5 21 3 8 15 6 23 1 4 5 3 18 21 18 1 16 9 6 0 8 5 5 2 5 12 25 3 15 22 13 19 17 20 15 21 4 4 4 3 6 7 9 11 1 4 5 1 21 13 6 3 18 12 6 24 25 6 1 16 4 16 10 22 12 1 18 15 6 21 19 14 4 2 1 5 7 5 7 3 18 
3 13 10 3 20 12 20 23 2 4 20 13 4 14 4 12 9 22 25 14 25 25 20 7 4 2 9 23 18 15 9 20 2 20 24 21 7 19 21 0 10 24 17 25 5 5 3 16 15 2 15 3 1 16 23 7 19 1 17 19 20 7 2 16 10 24 15 8 5 10 5 16 8 21 15 12 25 20 4 16 21 20 20 23 10 19 7 6 19 23 24 15 6 2 6 18 25 22 25 6 
15 1 13 4 2 7 7 17 2 2 11 2 13 5 8 18 25 7 18 17 13 20 22 5 21 18 6 4 23 11 2 12 13 14 15 14 21 24 7 24 0 2 19 2 14 25 9 9 2 18 3 18 7 24 14 13 20 6 18 25 5 5 1 18 17 14 10 7 11 10 13 12 11 8 13 1 8 24 11 9 16 14 1 22 12 14 11 6 21 5 7 2 9 7 21 2 23 7 8 10 
1 4 11 4 13 9 14 21 1 2 21 24 14 11 9 21 8 13 3 11 23 11 7 24 10 13 8 20 4 6 17 6 11 2 9 24 10 25 19 12 1 0 17 10 16 2 18 12 12 7 16 22 4 3 3 4 13 16 13 9 21 18 25 1 4 2 12 2 13 11 22 25 13 13 11 4 17 4 17 3 12 7 24 18 11 4 21 23 19 9 6 16 3 8 16 6 9 4 9 23 
4 20 8 7 13 13 23 15 1 6 16 18 16 19 14 16 14 24 23 4 1 5 21 9 15 25 17 13 15 1 11 18 21 20 1 8 7 23 25 10 5 15 0 2 21 8 17 13 21 17 10 1 18 17 21 1 6 22 19 18 12 20 4 6 17 23 7 1 7 4 25 18 11 16 19 6 25 13 20 22 4 6 22 23 22 18 25 5 14 19 24 2 15 2 8 8 2 14 10 10 
4 2 22 11 2 9 7 23 15 13 22 12 11 14 12 17 4 7 16 6 23 19 15 5 20 5 14 6 25 25 9 4 4 6 16 7 16 25 4 5 12 25 19 0 24 15 5 16 19 13 6 1 10 24 15 16 21 21 6 3 20 8 12 25 11 19 16 17 9 15 22 16 3 24 9 3 15 15 18 8 2 25 10 13 1 1 5 23 21 10 25 16 19 13 15 6 6 7 24 17 
2 21 15 5 10 6 24 20 9 24 4 21 24 7 25 23 2 11 22 19 5 12 11 10 17 17 9 10 17 6 16 18 3 7 22 12 12 21 8 20 21 14 17 21 0 20 16 18 23 2 16 17 8 2 2 19 21 20 4 5 13 9 21 6 11 4 4 25 16 1 7 12 21 20 4 16 16 21 8 14 24 24 7 6 2 10 2 22 6 5 4 19 14 24 24 1 4 4 2 21 
25 7 13 18 23 10 25 13 9 25 19 16 4 5 17 2 10 22 5 3 12 5 3 14 9 7 16 4 11 3 13 12 9 25 4 8 10 6 20 20 7 15 12 10 19 0 4 12 4 2 16 6 13 21 11 3 4 17 18 7 2 20 20 13 6 21 17 13 7 24 8 3 5 22 15 15 18 20 1 21 21 18 3 10 13 13 12 18 4 7 2 7 3 23 22 8 18 15 23 2 
17 3 18 6 22 14 8 17 9 1 22 20 15 9 9 8 15 17 9 23 19 8 19 4 25 8 3 3 20 7 7 12 11 1 19 8 15 2 1 25 4 22 22 18 8 5 0 2 24 21 12 21 16 19 15 19 21 24 21 23 21 4 6 9 17 9 2 1 25 5 1 1 10 25 22 3 9 1 6 7 23 18 4 14 13 20 9 8 19 7 8 14 10 13 22 3 23 25 5 22 
14 7 19 18 17 22 24 23 19 18 3 9 5 23 18 13 18 24 20 6 10 9 4 15 7 3 19 5 9 1 2 25 9 23 19 25 21 19 24 16 11 2 25 18 1 17 7 0 18 17 3 25 1 11 3 15 19 7 11 24 18 11 2 19 20 24 12 21 21 8 20 12 20 23 11 12 25 4 18 17 20 22 16 22 10 20 14 3 3 24 3 22 11 5 15 7 3 4 3 1 
7 23 22 19 22 2 13 15 23 10 5 19 21 1 9 23 3 7 1 25 20 5 16 1 9 19 5 9 6 5 22 13 4 18 8 2 21 20 16 18 6 22 12 1 22 22 1 25 0 6 1 1 25 7 16 2 17 12 9 3 17 15 24 4 19 19 11 22 14 8 13 7 15 9 20 18 8 16 18 9 21 20 9 22 3 1 24 19 12 9 23 4 23 22 9 18 15 22 15 3 
20 14 7 14 21 23 8 4 20 4 14 17 6 15 17 2 3 25 24 6 22 20 17 17 11 13 6 16 18 9 1 14 22 10 5 20 9 12 25 3 16 14 21 21 5 12 24 7 13 0 23 15 10 19 8 1 5 20 8 20 14 18 22 4 14 6 8 10 14 20 10 19 10 25 16 7 4 3 6 12 17 3 3 1 23 10 3 2 4 12 21 19 4 20 23 20 2 5 4 16 
12 12 1 19 17 5 1 6 22 5 8 24 2 18 4 4 23 15 1 17 19 20 16 15 22 22 18 14 23 8 1 9 21 1 4 15 8 4 20 4 8 2 4 10 21 7 13 19 22 15 0 12 17 10 2 6 8 23 25 23 22 9 23 6 5 25 9 19 7 15 15 12 22 16 16 6 12 22 20 7 20 10 18 13 21 19 20 5 18 20 2 15 3 1 22 9 25 7 4 9 
18 11 12 25 22 11 20 5 7 4 22 20 1 15 16 5 9 10 8 25 15 8 21 25 9 5 4 19 25 23 16 19 8 4 19 6 16 13 10 25 18 6 21 20 22 11 24 8 21 8 7 0 12 15 5 11 25 9 16 19 10 14 11 4 21 16 22 4 7 11 13 8 5 21 3 1 19 13 24 1 10 6 10 21 22 14 9 21 22 24 16 6 12 3 11 10 19 9 15 2 
25 24 11 25 20 25 25 20 10 7 6 5 5 19 13 3 17 12 20 25 25 23 10 11 18 19 25 19 14 4 4 16 2 16 15 23 15 17 20 24 25 25 6 5 19 20 9 10 6 3 11 8 0 25 21 18 17 14 18 12 4 21 17 19 24 7 11 24 24 4 18 24 3 17 4 9 10 24 17 22 6 20 7 15 21 4 8 15 19 2 1 23 24 18 16 24 1 1 22 24 
9 6 3 17 17 3 11 15 9 5 22 23 2 2 7 16 21 8 17 18 8 11 10 7 13 11 3 12 16 19 11 1 24 13 18 17 16 3 7 1 9 5 25 10 6 9 1 1 16 19 18 1 6 0 3 7 18 15 11 6 7 6 18 8 4 8 2 23 25 6 4 25 14 8 1 25 13 9 2 14 2 20 8 2 2 12 10 22 3 22 2 10 3 20 19 8 4 22 5 3 
17 17 4 16 7 13 18 22 14 14 4 17 18 18 3 14 20 24 17 6 3 13 24 13 16 22 17 18 23 2 21 14 20 25 7 1 12 24 22 2 14 3 18 6 20 22 19 16 20 11 22 25 25 22 0 12 16 19 5 8 16 6 4 7 3 3 13 3 16 13 2 19 1 4 13 7 23 9 2 13 3 14 11 2 14 8 13 4 3 18 13 18 25 16 1 4 20 13 7 12 
3 13 17 9 10 25 12 24 5 1 12 6 14 19 21 19 23 15 6 17 16 24 18 20 18 7 3 7 7 12 11 11 24 3 19 10 4 7 10 8 7 21 16 22 16 13 15 13 2 21 5 19 21 22 15 0 13 5 17 19 13 5 7 23 3 9 16 14 14 25 24 22 6 19 12 3 12 24 19 24 2 16 5 20 11 3 12 1 8 5 21 20 10 2 18 14 12 10 3 1 
15 23 10 19 9 8 14 8 11 5 12 5 15 15 16 17 24 23 13 18 7 16 10 20 3 20 24 5 5 1 3 19 24 12 14 7 21 3 16 6 7 5 12 23 21 5 17 19 2 4 13 8 21 23 4 23 0 19 5 4 23 5 6 19 5 19 9 12 16 11 4 21 19 10 10 19 7 14 10 25 17 15 13 1 10 12 6 10 5 10 13 4 15 21 22 19 16 6 7 7 
14 22 13 7 6 3 18 7 19 9 21 19 18 7 25 4 13 11 19 17 25 14 15 21 4 22 4 10 17 16 14 5 15 3 13 20 6 7 1 24 15 22 20 9 5 21 15 18 6 8 11 8 23 2 3 3 24 0 6 15 17 24 3 23 13 5 10 9 10 16 11 11 7 7 5 17 12 2 6 6 7 13 16 14 10 19 18 13 19 1 2 10 24 6 7 13 12 18 23 24 
16 17 15 8 5 16 15 10 24 3 2 15 14 20 9 1 14 9 4 25 9 9 7 23 23 24 20 21 9 5 6 1 21 20 10 25 12 25 11 12 2 12 1 15 6 12 18 21 20 21 21 6 7 4 3 4 2 25 0 1 12 6 6 15 1 2 24 2 15 23 12 1 1 25 4 18 7 15 12 3 11 9 25 16 17 3 21 20 6 22 22 20 2 4 9 4 5 7 5 21 
9 17 2 3 23 18 14 2 5 23 1 23 14 5 18 11 11 16 9 7 17 13 15 22 17 21 3 13 4 20 11 13 13 14 15 10 6 6 14 10 3 16 9 18 21 1 5 8 18 14 14 9 1 5 7 19 25 9 8 0 6 3 18 18 15 8 9 2 13 14 17 25 18 7 8 13 4 11 17 13 3 7 3 14 7 7 20 3 9 4 10 16 8 5 10 25 12 18 3 2 
3 2 12 15 8 22 9 20 2 15 25 17 24 8 13 1 18 18 12 8 1 16 17 2 5 10 4 6 20 24 10 22 25 21 14 7 18 22 4 21 13 5 12 11 12 24 11 5 17 25 12 19 15 4 20 21 15 25 1 9 0 23 10 7 22 6 20 6 25 18 11 22 6 15 8 16 1 8 4 7 24 3 19 19 19 24 13 15 13 12 17 23 11 4 6 10 11 3 15 12 
2 16 15 20 16 22 23 23 23 2 18 16 22 16 6 13 5 19 7 2 5 12 9 14 22 11 3 10 8 4 17 9 19 8 3 11 6 2 8 3 5 2 21 4 17 1 16 21 19 24 24 25 10 8 13 8 20 17 17 2 20 0 8 13 15 15 17 3 21 19 10 25 25 14 22 3 5 22 21 3 18 19 1 17 4 10 7 13 5 23 5 8 20 12 20 11 4 14 13 1 
6 13 24 11 17 20 6 19 14 24 22 8 4 6 14 17 12 13 23 22 7 11 18 18 14 6 5 16 12 6 18 20 18 16 7 10 12 12 5 3 12 1 10 18 9 25 11 20 12 8 16 21 18 9 13 9 16 19 24 3 25 16 0 24 19 8 7 3 20 20 10 22 6 12 8 25 20 7 12 17 20 19 7 15 14 17 4 24 8 25 22 12 1 15 12 19 24 18 24 18 
19 19 23 21 16 6 7 7 3 3 15 17 16 7 23 16 16 24 12 4 24 3 17 19 2 9 17 21 22 1 14 17 22 13 12 12 19 21 18 23 23 7 16 15 15 13 5 7 11 18 10 11 21 1 5 24 11 21 21 9 24 9 3 0 20 22 16 8 17 11 25 14 8 8 4 22 25 19 1 6 6 19 18 17 16 18 23 16 6 20 11 14 18 22 16 14 18 7 21 11 
2 7 4 25 6 24 1 11 7 21 3 25 13 23 22 5 3 16 17 16 9 13 9 24 7 17 20 17 8 16 17 11 22 23 11 4 21 13 17 4 10 21 3 24 18 24 3 22 15 19 15 25 7 23 23 13 14 19 7 23 12 23 9 10 0 20 21 14 18 8 5 21 17 25 24 15 20 22 19 16 13 14 5 12 20 2 12 10 17 5 16 15 16 15 25 3 10 20 16 4 
20 21 22 11 17 21 6 8 8 19 14 22 14 18 10 25 9 14 17 25 7 8 1 9 17 20 1 22 23 22 21 19 19 19 4 11 14 9 20 24 5 8 22 20 25 6 19 11 19 12 10 2 19 13 12 13 7 12 9 7 10 6 25 4 25 0 6 16 15 16 12 13 20 19 9 14 21 14 9 6 10 22 17 13 18 4 2 5 13 13 15 19 25 21 20 5 22 2 20 11 
14 1 11 5 21 2 15 3 13 12 22 25 4 25 3 10 14 16 24 9 17 21 4 21 19 7 17 7 1 24 9 17 24 19 21 22 22 12 1 11 23 22 13 1 22 15 12 12 7 11 21 23 8 1 18 4 7 11 10 10 9 18 1 10 13 23 0 6 12 9 6 22 7 3 9 9 1 24 21 14 5 8 9 5 17 11 22 20 20 8 6 4 18 23 4 2 13 3 9 24 
19 19 6 5 21 6 2 9 12 11 20 16 2 5 13 24 24 22 4 4 16 4 9 18 16 11 3 16 24 19 12 17 14 19 23 11 1 1 20 13 11 16 3 15 22 17 15 23 15 18 1 6 21 10 25 13 22 2 5 20 23 19 14 11 12 11 22 0 13 14 18 2 24 8 4 15 6 23 4 3 12 22 6 19 19 17 20 9 13 22 13 8 19 6 21 6 20 8 2 9 
22 3 15 11 9 12 17 13 1 15 20 21 8 11 16 18 1 14 6 8 7 13 5 14 9 14 16 17 10 9 3 8 14 20 18 24 8 11 11 8 25 8 4 8 20 19 2 20 9 9 2 15 22 8 5 7 22 20 1 8 6 3 15 19 24 9 17 7 0 20 4 14 19 13 19 3 8 14 5 2 22 13 6 13 11 13 18 18 9 12 20 18 19 24 7 12 23 18 5 4 
7 23 13 10 5 1 16 9 25 3 14 12 16 1 4 10 12 18 4 4 11 2 13 25 24 5 4 4 18 16 23 24 14 10 8 20 12 25 3 11 3 16 23 20 19 3 4 5 22 9 10 8 12 24 7 13 3 12 16 20 3 13 19 18 22 3 12 9 3 0 17 21 7 7 18 1 2 23 6 8 19 16 18 3 2 18 9 14 21 23 5 17 2 19 12 21 16 15 9 1 
25 9 16 2 10 15 9 18 8 24 12 11 2 4 21 18 1 20 24 18 23 17 4 18 9 20 2 11 13 3 9 12 11 1 15 23 15 25 17 24 23 5 9 2 10 7 21 11 3 19 5 1 12 10 18 21 5 21 6 17 24 14 6 11 14 22 10 5 22 1 0 4 21 7 14 24 17 22 19 2 25 12 8 25 24 17 19 21 23 15 3 15 15 19 22 2 7 20 14 14 
14 23 7 12 14 4 6 17 3 19 24 4 19 17 22 14 15 13 17 6 4 10 2 6 18 23 19 8 14 9 24 2 8 6 15 21 11 20 12 13 16 12 16 9 4 14 25 18 2 18 23 5 4 1 12 23 23 7 6 13 18 6 16 25 13 6 21 23 2 9 10 0 17 21 2 1 1 16 2 20 17 19 19 23 22 19 12 19 18 18 24 8 10 5 23 12 17 5 9 17 
25 14 5 2 14 22 3 10 13 21 3 12 19 21 23 15 16 18 13 23 4 19 22 15 13 4 23 4 10 17 6 11 5 12 13 21 8 17 5 22 15 10 9 8 5 8 22 22 25 12 21 4 7 18 20 19 21 18 24 7 11 5 19 17 16 6 12 1 25 19 22 14 0 3 5 21 9 15 20 8 14 8 3 19 14 22 14 8 19 6 8 2 18 14 21 9 7 3 23 7 
15 22 10 13 5 24 9 14 12 16 19 6 4 17 19 13 11 1 21 14 18 9 9 3 15 14 25 21 15 17 1 7 13 10 21 20 8 4 10 19 19 3 1 22 20 21 12 7 23 7 20 17 17 6 20 9 19 19 6 10 13 6 18 2 15 13 21 24 16 6 18 11 10 0 20 8 4 16 19 10 13 2 5 5 18 12 1 3 5 19 9 16 8 14 11 10 6 23 7 4 
1 22 18 10 2 10 5 12 24 8 18 5 1 4 5 5 10 1 13 2 8 4 12 19 9 12 1 12 2 14 10 4 12 4 14 14 15 20 2 13 3 21 18 5 1 24 9 12 24 22 13 9 25 2 4 10 15 4 21 16 18 7 21 4 12 11 19 1 6 20 16 8 17 10 0 12 17 8 20 3 9 18 18 19 19 21 22 3 10 1 1 2 20 7 22 25 19 8 19 21 
20 7 20 8 25 3 4 3 13 22 20 6 17 15 4 20 1 6 20 2 2 3 23 2 23 5 22 19 19 13 4 15 19 1 22 19 3 3 23 17 24 19 24 17 10 2 11 10 10 7 11 11 12 10 12 9 15 10 2 10 23 8 25 18 8 21 13 12 23 10 3 23 5 3 17 0 14 6 4 23 15 11 10 1 22 20 14 7 11 1 9 20 23 18 19 17 25 17 5 13 
16 21 19 7 9 24 10 9 16 22 20 18 20 14 6 2 24 8 12 21 5 6 14 22 5 7 3 19 23 18 10 13 15 3 21 24 3 7 9 18 4 3 10 25 19 18 3 19 25 16 14 7 21 3 5 25 9 7 18 8 1 4 22 16 6 19 16 11 1 1 3 6 5 15 5 23 0 9 10 17 8 25 5 16 21 9 20 22 20 3 15 4 6 20 1 21 1 19 13 11 
1 17 6 8 15 14 17 8 24 16 14 14 11 25 11 8 19 15 24 22 20 18 24 15 20 18 2 7 13 16 22 16 8 2 23 24 18 14 6 16 4 21 4 17 20 16 1 15 6 24 14 25 18 12 15 13 6 18 21 19 9 17 9 18 21 8 16 13 21 23 3 1 18 8 17 15 24 0 17 4 4 17 17 5 12 4 21 24 9 14 19 4 24 13 14 16 10 21 8 22 
17 24 10 10 13 8 4 17 13 22 8 20 8 13 15 6 22 5 2 2 3 16 16 20 25 11 4 23 4 10 23 22 9 7 8 21 17 11 14 6 8 24 25 15 11 17 23 9 21 1 11 1 16 3 22 15 15 1 12 18 10 11 16 20 19 24 16 12 11 6 18 18 4 19 10 15 12 7 0 23 8 9 10 10 24 14 8 15 4 8 3 23 20 13 14 16 6 12 6 20 
17 17 9 3 6 21 11 6 5 19 17 14 17 6 21 8 9 6 10 6 2 22 21 17 4 9 25 25 8 13 13 24 6 22 3 14 17 13 19 23 6 12 11 24 19 8 6 4 15 15 12 18 13 7 12 18 16 13 20 23 25 7 23 7 3 25 20 21 14 15 18 19 2 5 19 20 15 24 24 0 4 15 10 24 4 18 10 23 8 22 17 7 23 24 6 4 3 7 24 1 
13 16 23 8 13 12 6 13 17 22 22 17 2 14 1 25 24 24 18 7 23 18 13 4 23 19 2 23 14 18 15 3 9 14 11 21 2 18 10 21 17 6 12 18 21 15 19 21 13 12 3 13 6 15 16 3 10 19 25 25 11 17 3 19 5 15 16 7 7 25 2 25 7 13 18 5 2 13 25 17 0 24 4 4 7 20 19 9 5 12 11 4 22 2 8 18 6 22 10 14 
5 18 5 24 22 8 12 24 24 12 2 4 18 22 24 4 1 10 16 6 9 17 14 3 24 12 12 13 19 21 2 1 16 8 1 12 16 12 10 16 1 14 22 20 10 20 23 12 7 15 19 17 6 9 19 5 23 5 17 16 3 20 18 18 5 19 6 20 7 18 12 7 8 10 2 17 5 1 5 13 16 0 23 4 23 7 24 2 4 3 20 21 7 17 14 1 21 9 9 17 
22 10 15 25 1 19 2 7 8 17 4 11 17 12 11 18 17 13 15 15 22 6 5 24 3 13 7 19 4 9 23 2 18 14 1 20 9 5 1 16 23 7 3 14 20 13 9 14 3 23 3 24 5 7 22 7 21 6 2 1 14 1 3 9 15 5 3 25 9 6 16 7 12 18 22 8 8 5 21 10 4 23 0 10 10 6 8 16 3 13 19 4 4 22 6 14 13 10 16 12 
4 9 22 2 17 4 7 12 15 12 12 1 22 17 8 14 20 23 10 23 3 6 5 16 18 16 8 4 11 6 8 16 16 4 18 7 9 1 21 25 12 7 25 10 25 9 1 21 8 10 18 10 15 24 2 9 15 10 12 25 15 19 18 5 24 10 14 9 12 11 8 25 19 9 10 20 18 10 16 25 21 8 12 0 12 9 13 20 23 22 8 24 13 4 16 20 2 2 10 13 
13 15 4 24 9 23 10 24 22 5 9 10 16 17 23 12 16 21 19 14 11 22 5 5 1 8 16 13 23 12 7 10 3 12 10 11 11 19 12 10 25 22 19 17 15 16 3 5 14 21 18 24 18 24 5 18 7 20 7 4 8 15 15 10 2 24 22 12 19 8 21 18 4 17 9 20 9 13 24 22 8 17 22 2 0 15 1 21 23 22 2 3 6 17 17 15 20 17 12 6 
6 2 22 14 21 5 3 20 4 11 13 25 12 4 3 8 2 1 9 6 7 2 23 21 21 16 9 4 3 7 9 8 8 5 24 5 9 1 1 12 11 13 14 25 17 16 9 20 16 19 2 22 21 24 20 16 15 5 21 19 11 4 1 20 8 1 25 19 2 25 7 14 15 22 15 8 12 23 4 5 17 5 3 14 4 0 24 6 20 4 2 15 16 5 17 11 15 18 12 10 
9 2 15 24 11 3 21 14 7 14 19 10 2 24 8 8 20 13 11 9 4 17 25 16 6 17 4 17 12 16 12 21 20 1 19 5 3 16 19 12 7 14 21 8 12 5 17 6 18 2 16 23 19 15 15 1 9 18 20 20 10 6 17 4 6 12 11 10 3 4 21 9 19 18 18 5 25 10 12 19 13 2 18 6 18 7 0 9 1 24 3 21 8 8 14 14 15 1 24 1 
13 22 18 5 3 17 16 14 12 4 15 4 11 7 10 19 10 10 23 7 20 7 20 8 23 20 8 24 24 11 24 11 9 16 18 11 10 8 24 21 13 15 2 24 23 13 19 7 23 19 13 19 2 8 3 25 4 10 25 3 22 23 13 5 15 7 15 1 17 13 22 4 4 25 4 1 12 25 8 11 20 22 4 21 6 8 20 0 10 17 21 12 13 20 1 19 12 8 8 12 
4 25 9 10 3 23 9 12 8 3 8 14 25 14 21 20 23 15 17 11 4 12 11 23 23 20 7 9 20 4 19 1 5 4 10 9 1 20 20 11 24 3 24 23 18 21 19 15 10 11 25 14 24 12 13 21 9 19 6 3 24 1 3 6 7 14 14 7 8 9 17 6 13 17 4 5 13 24 19 24 9 20 14 7 8 3 4 16 0 22 12 21 20 12 25 2 18 14 16 2 
4 11 12 9 17 1 7 12 1 18 8 17 1 15 19 5 8 15 16 3 12 4 4 13 22 17 5 25 15 3 19 20 15 7 5 6 9 11 19 10 3 1 1 4 16 21 10 25 11 2 4 24 5 7 13 3 1 18 2 15 22 23 11 12 4 15 19 13 2 13 24 7 15 1 12 5 21 21 4 8 22 9 6 1 16 19 6 16 13 0 7 7 9 4 17 22 10 6 18 22 
13 21 22 24 3 19 21 8 2 19 17 9 22 7 4 2 22 16 8 5 25 14 21 23 23 3 15 21 11 23 17 1 19 15 1 21 8 22 3 9 15 21 20 13 2 23 14 25 14 24 4 15 12 1 12 11 3 4 8 16 1 24 16 21 15 18 16 24 14 21 10 6 16 4 18 20 1 9 21 14 7 2 5 18 2 19 5 7 22 12 0 24 24 12 14 20 1 6 12 24 
4 25 13 23 21 14 6 16 4 12 19 9 6 21 4 12 4 25 23 2 25 11 17 19 11 24 6 12 20 14 21 25 15 9 23 10 24 3 3 2 17 21 12 22 18 17 11 21 16 8 24 16 19 15 11 6 14 16 19 10 7 17 10 21 2 7 6 25 11 10 3 4 5 17 1 25 8 13 20 1 20 21 18 15 10 3 23 25 21 16 10 0 2 7 21 24 10 4 4 11 
18 22 7 20 21 16 7 17 16 3 12 10 18 24 15 15 23 10 7 9 13 16 4 11 25 7 17 11 23 6 1 17 2 7 13 22 24 19 14 17 23 2 1 17 25 15 6 23 1 15 8 15 5 12 1 4 20 19 16 19 1 16 10 3 24 22 1 25 17 16 16 15 20 16 6 19 8 14 18 10 3 1 25 9 14 2 14 8 22 5 2 22 0 22 13 1 23 10 4 22 
17 15 4 23 9 13 13 1 23 17 3 24 25 16 2 15 1 23 21 4 21 18 16 22 17 2 2 13 3 22 1 21 12 4 18 22 19 7 24 16 23 2 16 24 19 19 14 19 16 11 24 13 3 15 11 19 16 12 8 20 9 8 16 22 14 10 18 7 19 16 24 18 19 16 17 13 9 7 8 1 17 7 13 22 21 24 17 13 12 25 10 22 9 0 2 18 24 11 12 5 
24 23 20 15 12 3 23 20 3 16 3 18 12 25 18 4 12 4 5 23 1 15 24 20 14 12 7 18 17 13 23 15 12 19 6 24 22 5 20 1 21 22 18 7 21 10 12 9 14 18 7 16 8 7 10 23 18 16 17 12 5 16 3 17 10 11 15 6 15 11 6 10 7 24 19 4 10 7 14 23 25 22 13 9 4 25 6 23 15 22 9 20 13 14 0 13 22 24 2 4 
25 20 11 20 25 21 1 13 20 2 12 10 12 15 9 17 12 23 16 23 19 5 11 6 3 9 9 6 23 22 18 24 18 4 20 19 24 23 9 18 24 20 2 13 9 10 4 22 10 21 19 5 25 6 13 4 14 23 11 14 22 4 14 14 7 9 10 7 6 18 24 6 12 3 18 22 14 24 18 25 19 14 7 21 19 21 24 10 18 10 23 14 13 11 5 0 21 19 14 2 
7 19 4 24 15 20 22 9 19 16 22 2 13 16 22 11 2 15 20 1 5 9 11 11 4 7 1 5 7 8 7 15 3 12 14 17 6 10 3 2 2 24 3 14 16 25 2 19 16 23 19 22 7 7 8 12 13 8 17 21 16 25 13 18 11 1 12 19 12 16 20 16 16 24 4 9 25 5 2 15 5 21 12 11 2 19 24 16 3 17 13 18 16 25 13 4 0 2 1 24 
4 6 18 9 14 18 16 16 7 20 13 20 7 14 15 5 6 18 22 20 12 14 20 24 17 23 1 17 13 16 11 16 22 4 2 12 21 19 4 4 15 16 1 21 6 15 2 11 7 23 8 19 14 2 19 7 1 20 24 14 12 9 6 10 12 7 22 9 2 25 15 16 18 15 13 23 4 15 11 13 14 18 8 2 21 1 9 21 22 7 9 9 17 17 20 4 25 0 16 14 
19 10 17 7 9 23 21 19 10 11 13 17 15 8 19 25 6 16 8 16 1 24 7 20 4 7 13 18 8 5 20 1 16 14 9 24 11 6 18 20 17 5 13 6 15 6 7 20 23 14 10 23 12 17 20 16 25 7 8 9 13 4 9 3 17 20 1 4 25 20 23 18 25 10 23 16 18 4 10 15 19 21 13 6 14 9 21 13 15 5 21 2 10 7 6 2 1 6 0 5 
18 2 16 17 19 8 23 3 25 16 25 14 23 14 22 20 1 13 24 22 16 9 5 21 12 5 3 18 6 5 24 25 8 17 19 1 24 18 5 25 10 5 13 8 18 9 2 18 23 3 16 13 13 20 8 1 1 11 18 7 15 19 8 23 10 1 23 10 18 5 10 5 9 22 14 1 8 17 18 5 19 11 18 8 5 2 8 6 12 3 14 4 23 21 3 7 24 2 16 0 
