100
3579 288235
2041 466190
8682 360126
4008 360126
9619 605322
2962 605322
4185 360126
7278 605322
2965 466190
3209 224237
1753 166164
4770 466190
4130 51664
6373 98845
9050 548073
1751 466190
2590 51664
3782 548073
1437 51664
2074 51664
5813 360126
5965 412583
7326 166164
1708 288235
5879 166164
4941 51664
6578 51664
5496 224237
4643 98845
8129 548073
2804 98845
7253 224237
4204 412583
5993 548073
9093 166164
3992 466190
534 605322
4040 98845
652 98845
1444 166164
7121 166164
522 605322
5706 166164
6654 166164
3345 224237
1106 98845
5159 466190
2819 51664
8122 548073
9823 288235
7098 548073
5366 412583
5284 224237
3473 412583
7574 548073
9019 288235
2987 605322
2071 288235
2137 98845
2838 98845
4725 466190
4199 412583
5756 360126
2807 412583
529 466190
9574 224237
8910 605322
9088 360126
7748 360126
5191 166164
5951 360126
8504 466190
4230 412583
6591 288235
7941 360126
2382 51664
116 224237
5063 360126
8858 548073
4115 605322
1790 98845
572 288235
3505 51664
624 605322
7734 224237
1685 412583
3624 288235
6020 98845
2064 412583
1434 224237
5280 605322
4808 466190
3873 548073
6584 166164
2262 288235
4718 224237
7741 412583
4556 288235
9726 51664
6475 548073
1700 6340 3518 9046 4172 7951 3325 205 5217 3907 5800 3546 7004 7743 5350 6855 7746 2937 6859 4438 3423 1162 1557 8237 4883 4497 8328 3718 6900 7694 190 8313 2687 2635 8421 7431 9455 1398 6813 7458 9295 745 9746 1466 3414 8564 8209 6946 7341 7368 1811 685 4626 3088 8144 4694 285 1974 2524 4847 2831 1259 7308 9712 3649 579 7899 3306 3873 3905 1848 5079 450 9881 9994 7270 2567 1867 111 2431 9144 8904 9504 8809 6914 928 3624 5502 7039 1562 7021 4792 4935 7526 1020 1078 5546 7617 2655 3261
3209 3345 2324 6082 8962 8518 4542 2700 9195 3946 1120 5467 7399 4216 5405 6490 3912 7707 4319 9691 6195 5731 8084 8891 1820 2823 9372 7767 4088 2807 4383 7875 6588 5698 6613 6615 6874 5744 2888 8098 9730 9412 4991 7390 4955 2988 3545 3194 1834 5938 2597 3728 1127 5331 4260 419 7075 628 8517 5411 2439 5199 5325 62 4187 8951 4132 907 126 5321 3678 2682 1669 3920 1575 6853 1313 7085 3497 8115 6551 3079 7975 4364 9099 9405 544 2049 3560 5242 8112 2985 9986 2344 3225 8129 955 5672 9266 8882
5236 7494 2576 5646 6302 8054 8826 8625 6101 7810 2415 7365 997 6518 9836 1003 5069 6639 3746 5793 1883 4964 1659 7356 5718 9377 9646 1434 1391 1273 8933 7441 5296 4566 5651 5742 3178 1039 77 1616 4735 9167 2313 4220 3117 2863 4941 4186 516 2221 1070 4243 3437 3493 2288 1333 597 2413 1291 4114 3481 1009 8611 5239 7302 4658 1130 6834 9167 1052 4653 2345 7993 3288 5396 6931 2813 943 2652 2553 3595 7680 4806 9154 5366 8327 1809 9106 1706 2768 6103 9468 8952 8964 3569 1476 564 1265 4539 3634
6085 8297 1587 3461 4807 5589 3448 2892 1170 2707 3559 2835 2726 9052 4155 3266 4440 2811 8619 8848 2995 4151 4367 1232 1137 7260 2977 9465 3987 900 641 271 3478 2235 9286 1114 5108 5305 3646 7315 4560 8292 2489 72 8664 7262 1137 4912 4050 8051 5354 730 142 6928 2853 4874 4734 5949 160 2993 9320 2329 2491 8596 2514 9915 9280 5397 4403 3397 8261 9598 2101 1750 4797 5547 505 8851 4253 3720 6234 5902 5877 9482 3589 5973 3341 3702 7858 149 6393 4683 2663 2954 3959 9124 6841 5658 3311 3715
6905 6394 2007 2524 2714 6346 2309 1974 1433 2355 2510 500 7502 9940 8160 5584 5871 3358 2254 433 1744 8332 6965 6800 2365 9083 1845 289 4480 9591 855 1615 1454 2688 264 4724 3802 3607 4417 3559 1736 2800 9419 805 9790 3324 2393 763 3287 3938 1907 2761 8337 4325 2830 3437 5954 7859 9163 9267 4699 3803 3574 6259 646 4085 7434 1303 6744 8271 3078 5174 2959 8987 7906 1834 8597 60 4292 8431 9469 149 6698 6831 1914 8183 5698 9810 3509 8680 7789 9457 1621 901 2018 3836 3811 4770 1793 8367
7164 8483 7438 7629 5509 8312 567 1361 4217 8125 9997 8388 3250 9437 3658 4954 3786 1013 5186 1236 279 232 2379 529 5457 8563 9844 9955 8697 2884 3160 1383 4929 1084 5817 6226 5241 67 7768 3327 2480 8490 9764 6226 6603 4803 8640 1513 2303 7190 6069 5087 4351 7378 5349 3148 2157 4902 6316 1185 7837 6236 5947 2112 7859 6292 6431 1171 4032 6868 540 2945 3729 6808 3317 5204 9268 3376 3546 7628 1849 5549 5884 3684 3194 5199 1869 778 4439 2460 6354 4327 7363 4694 2872 8721 9516 4120 5725 4254
6043 5755 5027 2724 8379 2916 6693 2887 958 7243 160 7113 1347 2794 9827 721 6816 7435 6141 9799 5695 9996 1824 2584 5945 7985 6771 4096 1857 3682 5636 5898 8906 5726 3959 4385 8994 4212 3926 3627 5428 4610 5717 4514 4470 9452 94 1627 6438 2248 6426 4748 3947 3313 3935 1788 7842 1282 2292 4 8374 5726 1407 6305 8328 848 7888 7084 6102 7776 7853 1390 1521 6609 8843 6550 3146 1320 8439 3368 7604 1616 5224 512 2407 7553 9232 5089 3807 3782 2397 9634 224 9218 6942 201 1710 4336 3692 9067
7199 5734 1595 4415 3167 9579 5073 5134 7074 7545 5654 2804 4680 3451 9836 7699 1913 366 3741 1745 7427 6767 1069 1110 1628 4476 25 2667 8460 100 8181 4782 8533 4122 7632 7505 3499 3851 6938 2016 3701 3225 4411 971 2979 7300 2097 4092 9927 249 4168 8716 713 8276 2369 32 5251 1196 4673 5080 7997 5792 5922 486 7375 4813 5550 4797 3854 2890 8698 3122 3583 3469 2776 2632 5101 2873 1751 4113 8460 6116 9657 5115 8752 7290 1168 5481 8441 6743 2641 4354 4324 7190 7549 6277 4901 3332 844 3662
6232 6344 3533 1905 6436 1547 3015 5212 2126 4491 6925 3461 5010 6023 8841 517 8924 2586 5695 8691 2126 5824 5314 4241 6039 6238 7814 3269 4172 209 5187 2721 4275 1958 8110 2453 9388 7042 5302 543 2788 1089 5949 9575 9338 6561 8091 4118 894 3451 1693 3851 5343 855 2327 7816 9365 3406 2091 5168 2374 7283 4694 1103 4837 3183 9577 999 5796 4278 3203 3449 2322 3328 4495 1738 2930 4745 2219 5001 4640 3266 4267 1233 7798 7921 11 6236 7545 4370 3078 6295 3334 9848 1278 33 407 1640 6526 7450
9190 2017 175 8531 8814 4200 977 6981 7387 5047 1371 1080 5766 1591 8884 8616 7528 8301 2198 8890 8259 4886 3953 1289 8765 8698 8086 1961 4180 7452 3712 9985 526 7543 5129 6759 2194 9673 1018 1691 7370 981 1007 8899 71 2423 6482 410 5221 2284 3980 440 8056 8316 5391 9163 3923 3893 6218 7568 4479 2267 5565 3421 8276 536 9612 5300 7797 213 7330 5360 9592 5547 8250 5741 282 9686 7026 4236 4804 710 2283 8662 2196 3245 9712 5541 9916 8037 7259 9437 9296 274 4438 1006 3491 7714 4034 9285
6715 3689 4703 9202 3499 7332 559 7632 9840 2770 1638 2022 5894 4083 6610 1849 4052 4329 5330 4440 6888 1297 865 1605 4428 4789 6146 2231 3537 9917 8176 4485 3035 3178 8459 196 2104 1335 4713 9546 8942 178 4605 5560 5697 8439 4261 500 1445 969 2870 594 646 4065 2033 8641 4101 6685 6345 977 8448 6104 9380 6612 5369 3733 465 651 9030 8919 7144 8120 7201 7666 4771 7311 9326 8187 9566 2844 7830 9245 9319 4390 3376 3705 4475 9359 3392 9477 4843 2869 3039 3767 268 1718 7947 5815 9025 3952
8212 7977 9474 6655 9316 8021 3447 9408 556 8943 3003 1434 6924 3285 1059 7753 7558 5660 7133 6174 1960 5565 5780 1313 9910 2656 18 7889 795 1348 5004 8160 8253 3654 1152 701 1867 3497 9795 3160 1815 5009 1664 974 8444 1611 2224 7169 5819 184 8913 2449 1549 4623 2670 8195 8701 9109 4423 4778 7868 218 8520 2871 2243 2782 7937 1242 5878 6658 2550 3744 618 9655 8804 1961 6310 1033 7092 5153 3410 4950 5949 9074 9319 1025 4225 6604 9801 4289 6157 4467 8474 9264 3565 426 3191 4646 6075 4884
5981 5376 4924 9954 204 4076 6712 778 9473 2602 8187 4037 3159 5090 3240 8669 1032 4075 2961 6142 9552 3765 307 7563 8221 951 8172 4157 3796 7512 3059 3060 9714 1915 932 8514 3869 8247 7739 1566 2611 3221 2072 3282 4171 954 4497 3809 2272 3309 5785 2073 5304 9038 4019 5601 976 5298 4413 3461 808 7332 1359 2406 8077 9608 6422 3531 8949 5336 1517 8201 1440 8363 5625 4659 2434 7383 5938 1236 8484 2900 5556 5638 1436 7079 4242 5867 2689 9075 2236 5677 580 4472 520 6254 7002 6494 3453 1789
335 3464 7992 4978 4727 4329 3837 1978 5140 6087 5554 182 9742 1676 3759 3573 6192 4653 9621 1135 5941 7398 6967 5370 8608 9254 4729 113 4515 5086 8023 1900 8865 675 6699 3999 2606 3456 9950 1318 6751 6416 6835 9857 6023 8669 5143 5184 1856 7424 2826 3753 9782 285 202 1865 5568 6079 8650 9630 6282 7391 101 6504 9143 5686 234 4348 2284 9503 1219 6407 1692 7232 709 714 9331 1748 1728 9705 2760 387 2963 1243 9610 1051 6735 7946 3683 4465 479 3418 6943 1526 6697 160 7988 9356 9237 7384
8776 3914 9600 4150 3728 5632 6904 4644 1029 6945 9552 3653 243 611 3623 6034 427 4600 8104 9586 8147 5775 5721 8054 8916 2163 2529 2658 6444 9473 467 8974 272 3743 6870 2993 6967 7478 8632 9411 9880 3480 298 6108 1362 7184 9458 2706 6920 985 3492 4328 2599 1080 9986 9242 1094 3187 4834 1212 9988 8192 9753 4646 5899 293 580 8667 1428 5701 2717 7090 9421 1054 5361 336 7762 4664 4928 7499 3273 4440 2426 6677 3741 2621 6539 1345 3237 2036 8778 7303 1243 6299 2201 9357 7680 6668 2337 8958
1108 9890 9867 8663 6971 8268 141 2114 6055 418 6552 9046 6738 5058 4389 3529 5698 8891 782 6233 3772 5517 635 6742 731 1906 8548 3076 1806 804 586 7268 1244 2429 2222 4278 8754 3025 3252 6174 2456 7301 1911 6640 2639 386 4524 9383 3118 1760 8382 4298 5235 6668 2245 3959 7970 7696 4880 8314 2518 3590 4273 9368 8966 1474 6839 4224 2697 828 5951 2271 1263 1180 3436 4548 1207 7371 5450 900 7035 4209 4976 3006 6619 9864 6633 3401 8285 259 1829 5209 4855 6280 7653 1044 7495 8391 9757 6455
3825 2139 5990 4976 4738 4903 8032 8522 7731 7333 2558 2186 2194 5900 2232 4022 6083 2766 4497 3609 4946 5315 8386 7592 2460 7385 4386 1031 4626 9644 9389 6736 5209 603 8707 1403 242 6896 1468 7108 961 8448 9007 8562 3430 1825 6421 5301 6452 1876 995 2585 3080 9163 6169 9189 5271 604 7001 5587 5136 6643 9609 5515 2521 3059 6500 5537 1104 1955 8391 5762 1867 6010 784 3384 4979 9232 5423 2354 4091 5913 9305 4512 3592 6744 3759 5932 9624 7944 6519 9617 4666 5518 6140 5566 1611 9222 5063 4547
9368 4920 2462 5881 6406 1739 9779 1233 4501 5731 9871 165 3104 8983 8764 9673 2498 5489 35 3352 9147 3611 7164 1898 3347 7715 8039 8860 7223 9227 3294 3097 6893 2438 3417 6805 9978 8895 3270 4147 6310 3487 5623 3207 2561 4805 9750 7271 5505 7294 3946 1408 5009 3659 1984 1668 8607 4200 8734 4432 4444 4984 5949 5919 1236 6907 1446 2127 8430 9517 7275 716 9717 5299 5934 2107 2231 8764 1834 8855 8387 3774 7509 9669 5699 7835 1123 7574 2197 4416 4008 7738 5422 5347 4701 2339 9954 9223 9126 1202
4879 7759 1008 1932 4677 197 8016 7352 3410 8439 7893 1112 8534 8594 9736 4106 6915 4852 1192 7882 5527 820 2620 7596 2307 5172 1344 2454 8309 3123 3741 1345 4000 1146 6271 2934 4059 4846 7130 1539 8642 9746 4033 2549 6031 9138 220 9150 3894 5583 4732 3199 3984 1110 4879 1262 85 4661 707 7317 5487 159 9940 8332 1514 5015 7591 4250 1233 3637 9873 4635 6276 2419 8571 1398 9498 4519 9267 1591 683 5862 7372 4243 4453 1906 2462 7161 4139 7357 1807 3651 4098 5114 5110 6589 7259 9611 5717 7160
6606 4430 6176 4449 705 4863 9272 1555 705 7841 818 8511 2999 6134 4401 8711 8197 9274 518 3403 2653 889 4640 1274 6036 588 3851 2580 5042 7894 957 5312 8294 1130 6309 7186 5665 4516 86 9362 3415 7480 6621 9609 7630 2681 8513 9452 4658 4007 897 2657 6291 610 9060 1782 8988 7803 9515 9594 1377 9364 3956 3686 6310 5210 1280 986 5019 9550 2130 3479 4617 3271 4073 2204 9545 7737 6294 5102 7731 101 3703 727 8670 9728 7189 2545 4757 4007 1586 9174 8115 2513 2804 1633 9991 5147 2301 1071
1213 228 3608 3655 2032 510 6508 8003 1073 4038 2945 2114 1954 7273 2756 966 1843 3966 4778 9791 9153 4211 9244 8036 3575 1550 3312 6068 1663 6597 9879 6012 5066 5528 4821 6725 4235 6596 8088 3696 9351 3890 2043 1962 4661 2545 3911 6625 8553 4907 4430 7642 6648 722 3585 578 307 8268 2356 1434 4466 2227 8645 7272 2230 8549 5885 3748 9083 1674 902 819 7677 9023 2037 1591 8573 6163 9370 988 1836 5446 6577 3354 9710 2514 1491 730 9820 9645 876 2142 4781 7815 9303 2994 9124 2439 6155 174
9511 4336 1207 3549 7019 6056 8210 6392 6845 5922 6818 9774 1525 9803 6156 4197 8696 4978 8495 3568 6094 5606 306 8580 2240 9092 2459 1054 9825 2806 1180 246 3645 9836 7523 9999 3535 7075 1438 4517 981 2381 6082 4887 9349 1936 8888 8388 7010 2131 8630 4575 353 6288 6808 944 2967 8607 5844 5443 8395 5033 8941 7619 2754 4061 918 7468 356 1235 2944 8874 8386 1301 199 205 9261 2334 7157 2290 1540 5365 2860 3195 8249 7987 4892 3822 1608 1799 1670 31 4632 3999 9107 677 5538 5549 8880 5804
6982 8844 2743 8143 2014 5861 3494 9131 4756 8477 8993 8695 5000 5519 7405 5160 4978 119 9829 101 7496 2875 1087 5083 9742 3974 608 8220 1302 4506 2430 7883 5978 4187 3191 1189 7131 6090 7730 3177 8454 6388 2047 9049 2643 9470 4540 5892 3791 5995 4193 6354 5832 6169 6690 8029 2798 863 8129 8183 5913 143 7270 20 6271 3609 5742 8847 2354 9653 3351 3961 5816 9788 4325 3617 5636 1830 2467 3674 9943 6083 7987 7831 7306 9388 6544 6825 5894 1399 1436 7230 3419 148 133 559 7893 9163 2796 6098
5001 2594 5729 7716 6350 8117 1907 826 7664 2189 5970 8576 9659 482 8825 3835 5292 4120 8832 3345 7894 6177 4156 3091 6925 2325 5931 2875 4988 6008 3858 2831 6240 4944 8266 9643 6579 7591 6337 6908 9232 5061 9193 8207 8244 2124 5463 7688 9293 7532 3573 5457 4195 7807 9413 6247 8791 1299 9449 3061 2416 7618 5388 2939 3636 8750 4090 6574 7389 4849 3502 9497 1515 7750 5287 8357 5378 8865 6835 3716 1724 3957 2304 7488 8832 5197 7207 1394 4979 5464 9902 8307 1404 2192 5830 6881 7226 2213 8495 8705
8970 5136 8490 1646 7785 2356 131 5832 6154 6102 9081 1793 2738 1071 9250 406 3838 6878 6284 5793 4028 5066 18 6759 5817 6570 6018 3692 1757 5375 573 7766 7334 1156 962 3520 7513 8535 8708 6876 826 5221 5046 1448 1920 6920 2728 4443 4995 6664 2395 1774 1564 8894 4227 2869 4854 8745 8681 5729 263 5427 9926 9418 4131 4742 3602 8232 7227 6579 2683 8453 672 333 5085 8034 3998 9944 4914 1902 7754 2443 710 7354 4911 5625 8126 7862 1828 6886 8384 7747 5258 3375 2022 8268 1618 2772 3736 7746
3944 5009 3419 1394 2626 296 6342 4641 8821 4162 7918 6456 4386 2770 9375 1450 7495 4338 3017 8440 5052 1159 9778 325 4430 9525 1814 9828 9297 8784 6334 2111 6586 1722 6760 2381 519 2926 635 1168 9307 6127 6207 440 3504 4240 9566 9728 4202 9872 4975 1767 3143 5712 2732 2746 4859 9176 824 7050 7309 2831 814 8406 3879 4872 8851 8258 4452 7582 14 118 416 5232 736 805 6987 2415 7866 376 5189 8071 5199 2230 5786 5987 6768 3203 5765 2984 375 9292 3158 6173 6210 2135 5 2088 5365 1458
3845 4303 6426 1518 9382 5956 7632 5842 6968 4536 2799 3667 749 1276 6030 7186 2854 7920 7598 1910 4904 3066 8735 5989 8852 6626 8797 687 7756 3499 7073 6970 4600 1293 6580 7056 661 1179 304 8822 2813 287 3359 7684 9987 9687 500 499 6622 706 2242 2249 6741 6393 7879 7958 3314 7453 8032 3596 1469 5453 4349 9599 356 1305 4601 8650 7224 3979 849 4121 9858 2603 5503 1208 4847 5089 5519 2004 5487 5748 6219 3024 3693 9654 4365 3685 8270 312 2761 3596 1962 9127 7348 1099 4222 4381 1165 9225
6375 4493 9247 6219 1697 2613 6605 9877 1134 6812 5482 6614 3664 5274 5498 6000 1926 4269 5063 1614 800 1696 4397 5299 920 3481 6444 5394 4234 7345 4986 6471 5360 7878 4830 9167 4342 5438 9777 8178 2839 1802 8142 9872 9320 4537 1918 9918 3343 9813 1177 9811 8406 4530 5 4819 8419 8596 5738 2365 2066 956 3806 4226 1442 4975 6446 1654 7995 8232 9670 7253 5314 7596 3083 3500 1644 4620 2877 3766 5868 4984 6870 6794 962 9 8112 2656 3550 3712 5170 2610 1987 8415 8676 7323 2294 9156 815 7801
3199 6431 82 7403 1687 4392 1984 6503 673 8801 6532 8770 9185 2176 5289 7662 3683 2701 1965 6117 1802 3900 4889 5682 7880 7717 721 8907 7437 633 7037 783 1222 1197 9507 4650 4850 4786 6627 1758 3443 3330 6482 250 5167 8803 5468 2508 3920 4000 8815 6350 8724 490 6606 4733 8723 7131 6953 798 2655 663 6839 6663 7943 7377 4705 9133 1062 8262 3958 7345 6632 8806 160 6676 468 6398 7693 1438 858 1286 2228 4232 1512 7511 3335 3261 2530 112 5357 3640 6948 5513 1986 7470 7075 1519 8574 3174
7996 787 2593 1484 8864 8154 6730 7298 7439 1298 3816 1431 9775 7214 8029 5731 7638 5154 9842 3844 6608 4238 2175 7885 9109 2097 5667 3258 9446 7721 4678 5792 3130 468 7963 951 4135 6233 4002 5806 4243 3265 4635 621 2473 8661 120 7856 6291 2810 5517 542 7187 9590 678 3569 6136 4787 2766 7675 186 2571 1417 1201 3273 2976 8902 5836 4337 5134 6445 8094 2442 1082 5922 5480 7321 1639 9429 2429 2865 2460 1920 9053 7490 9091 7638 7437 7311 6452 2553 2302 239 1843 2378 9861 1778 6287 790 1205
7204 6222 9546 6614 4941 5184 9218 1088 6440 3873 2128 792 207 8817 6939 6369 3621 4950 4019 2277 3371 3301 6114 7923 2412 1730 5662 5834 3469 996 6956 8095 6828 2962 674 5889 5732 285 8968 2370 2979 2393 2359 4471 9371 8823 597 9414 2890 6905 404 6681 8325 5036 2312 5249 5751 2816 222 1850 605 3866 1170 6452 5586 1971 1125 4675 8029 7119 8486 9723 3283 8543 6458 9602 4831 2332 1725 4415 2656 713 952 5121 7641 4791 1149 6064 6494 3876 3646 419 3058 910 5778 7243 1122 5876 3878 4894
2114 9404 3645 1578 3721 1768 1685 8 4782 5027 211 1074 9986 220 934 9794 7492 1927 9326 262 777 2359 3066 6145 9939 6459 8913 24 5039 2946 5630 2382 1920 6281 4718 8337 1606 1814 2579 6561 4294 6782 1767 6232 7446 921 8089 1490 9789 5587 5114 5274 8150 8611 2825 9086 3683 4197 4933 8221 5929 4856 3415 2843 495 9704 7407 4599 9047 7891 1786 2965 2160 5884 8303 1606 7760 9059 2852 950 8330 7676 6790 4020 6622 732 5544 7570 5146 9626 4277 2640 115 6653 7430 2322 3987 8111 4480 7897
4523 8759 3860 7975 635 1111 7152 8598 9863 6558 8175 4951 5895 4250 8385 266 7461 3586 7323 4390 8262 788 9006 6959 1675 6685 4399 3562 1884 5239 9383 2418 6549 1161 4581 9854 391 9525 2514 6222 5460 1017 3921 3514 5021 4737 4682 9970 7915 1868 4887 3294 1825 8607 4209 2257 9294 4230 709 4477 7147 6020 2078 2726 4635 9756 3475 185 8247 3095 5630 3871 6294 7814 1739 9840 7023 7724 2639 5033 5456 8736 1194 8126 495 7124 3806 3003 801 5333 4278 2401 4690 1051 9070 318 2923 1642 1478 3327
8332 3570 2650 5224 8192 5497 9483 9415 5992 4241 9465 2365 8673 9723 7758 5354 8211 6627 4169 3846 2211 8367 6652 4905 7967 9368 1614 2961 855 4564 5420 2159 4644 2050 8592 6837 5797 1311 8462 2310 5674 1489 8807 6269 6579 2385 8229 9961 2187 9050 8414 1546 248 462 1405 5093 9215 7130 6102 4469 1707 2593 8281 8377 8755 3035 2573 3466 8713 4025 3007 925 2932 2852 6266 7863 1672 5750 5719 8503 6191 8937 5582 5263 5289 6989 9353 2204 6998 299 5985 7954 7783 3254 264 9416 3874 9038 1496 6877
9608 2953 1579 6641 7711 9480 5320 199 1136 5134 194 7761 3429 8619 5448 2008 1545 6889 9534 9786 190 3889 7412 1008 3053 6048 3143 1117 3636 3048 6588 6147 6321 7089 7965 315 2007 1952 3522 1395 6443 6154 5718 4749 8090 2357 6035 6484 7494 5367 9783 8685 5155 7293 382 748 3071 6783 3617 233 6100 930 5499 7053 7719 9170 5036 4896 8964 2951 6964 3072 5568 746 8384 3014 1080 2921 9637 6834 6984 4794 8853 906 5539 5645 2360 3911 2430 7772 4419 3107 8232 2577 6795 8164 8186 9983 7195 7907
8321 2357 3132 1672 7484 7719 9531 9019 7214 3302 2931 2573 8228 9483 7710 5378 1761 223 1129 3305 478 5205 7211 9310 4126 9881 7248 8982 3122 1199 5847 9974 571 4915 9770 4140 4120 6687 3228 6546 3961 6486 2116 7583 7778 7768 1696 9219 9234 9334 2967 2173 3656 5258 8620 6327 1650 4195 1458 6439 8811 8584 1807 8038 7009 967 9128 5648 9965 5252 5871 1502 9043 2817 6733 823 3687 1783 43 3351 7501 4202 6270 4237 3611 4660 5942 8740 862 6028 4575 1345 5123 1830 506 8420 6227 1578 8279 5327
1688 2472 5115 2780 4263 6797 4885 1619 9930 6923 7667 3152 1698 8189 6325 6462 2417 2864 8664 8913 9430 5295 1868 4908 337 5051 5570 2160 1602 3861 8447 7766 5842 8644 736 2821 9858 7290 1678 8384 1983 604 7770 6640 5621 5074 6129 5352 8905 4390 2493 7881 5521 86 5655 6855 5916 1131 5974 1413 4152 2875 7442 8010 6351 916 3578 5742 8713 9319 171 9904 9437 976 4500 2699 3423 7789 910 5948 4036 2470 4604 3805 5979 5111 687 5864 7931 5514 9772 4352 188 7798 9945 8556 9353 5991 5281 1995
4131 6798 511 231 8304 9186 5610 340 9096 4653 1155 1718 7062 228 7379 4913 9233 7437 6568 1874 3425 6957 8985 5098 6697 6084 8653 3215 5507 2522 1321 3916 8800 7334 8124 3819 2534 4838 7717 7369 9683 3655 2849 3698 3942 269 8216 4697 8108 5688 817 8880 9174 7145 8302 7494 6219 7313 4904 6956 6558 5602 6934 4552 8080 7344 4603 2012 6492 9318 2407 2857 608 2286 8459 5953 5292 21 2478 8068 4068 5132 4260 9613 145 2823 9438 6505 7674 465 4089 8682 8788 5217 7813 3212 8974 6300 6482 9332
4135 4746 945 1412 3910 6804 4472 7090 6464 1635 84 2488 1423 7464 1489 8051 7343 4017 9891 8990 9489 9396 4606 6838 4899 8384 6511 7411 7244 9008 6664 5596 346 584 9242 4891 622 6877 3398 4713 3382 9522 1482 9923 8088 1396 6932 9452 3067 9040 4119 3601 6689 7510 943 4913 3959 2905 7484 8208 855 9290 4775 8837 1251 7662 6582 5259 119 1874 9993 83 3998 9938 6769 6900 548 6464 2785 1941 3212 4160 9427 3049 3798 3490 4887 5392 5266 808 7674 9452 4418 2376 9514 1544 3269 6360 2832 9654
7175 182 4229 4475 4965 5572 8492 5016 2640 4920 2628 5139 3212 8564 2615 176 4155 5077 57 1945 4876 5023 2935 981 9151 3297 2607 7229 8924 6667 5200 8677 3411 5595 4010 2576 9781 864 5813 6035 8302 7522 35 4604 7980 2958 6267 9213 7096 3250 5968 7562 184 2161 4887 4677 7913 8694 8486 1726 6165 1807 901 4240 6019 2755 6982 3288 2881 8550 7727 6997 5915 3106 7155 9985 1243 3154 3299 827 6400 5492 9036 4050 312 5776 5910 6627 8257 4831 6263 483 5003 8534 833 7323 2357 7683 4539 1911
4035 7866 2064 3876 6785 9012 5441 806 6745 7790 4050 3687 5621 1589 3454 7276 9778 7141 8342 4656 7914 4280 777 3995 784 747 8236 3945 6073 6000 4931 1399 5427 7997 2192 6296 2737 7785 7512 8227 3116 4721 4612 1999 9505 7360 6926 4597 2450 6924 3674 8837 160 3211 6841 7336 4395 2273 941 9805 9744 3409 5999 5252 7823 5971 9863 6354 8757 3827 3913 7784 7270 2740 9006 918 2403 973 2319 9157 9702 75 4915 2363 2926 6765 5819 1481 9619 895 219 7685 8120 144 7162 7045 2917 2532 5401 3251
3061 7982 7548 7514 4141 3407 1254 8528 6737 2297 8485 1858 1087 9666 2506 2914 5580 66 7653 1264 8390 5262 6000 8316 4625 7615 2380 5826 4948 6491 3760 2606 2791 464 8907 6341 3614 8033 1933 4021 1611 327 220 6341 2203 9054 169 6895 9477 8533 164 5954 9366 4103 7564 8747 8004 3322 6509 5351 1974 7465 4826 4136 4577 3873 2827 6501 4300 2677 2771 1430 5914 5992 6743 7541 7036 8569 5601 3334 1614 6687 9948 9510 7899 585 9386 9747 706 6140 1918 9084 5596 3078 283 798 4797 6187 6989 2500
1557 1239 4433 3679 1532 7476 7093 4057 4659 5032 6157 3682 5314 6909 6697 3459 5296 399 4081 2184 3709 3650 3770 9723 3872 8800 976 7086 8569 7839 5806 5463 4451 7308 8401 7034 2553 888 3097 1385 4396 5564 1643 6889 9046 5098 3987 4827 6758 4626 9264 2347 1034 4606 7704 6681 5399 7449 720 4529 8898 1638 320 5648 3967 6773 7862 4942 1428 6802 5703 9212 2630 1258 9888 4795 320 7945 2148 6509 5655 54 6410 8151 5911 5078 9446 8368 9313 267 9867 9270 4181 6079 5901 633 5191 9268 9075 4743
6702 9094 4458 4117 4803 9527 6742 4356 6209 3599 5018 6200 5034 4844 2182 495 4060 1554 9293 6269 1546 1743 5886 4335 1939 5683 5773 1687 6537 4261 8495 159 3944 3344 6900 6695 7428 6786 8018 320 7130 5442 4762 7486 1289 5749 1503 2056 6456 861 1172 2833 9778 7442 433 5378 9469 4701 5507 9914 7090 4697 8946 6757 847 2089 7816 8492 7051 3886 941 2993 7083 8668 8416 226 2567 7295 9986 1362 5515 806 5910 8401 800 6719 5867 9855 5884 5661 1915 7708 8906 2017 6814 6183 7129 8648 5005 4282
7890 9060 3139 5004 5601 9131 7030 2294 2030 6453 9490 2210 4465 7758 192 3115 5119 3077 1674 3895 6163 409 1063 2099 5785 8075 9888 7933 4915 1694 8503 8870 4077 501 2417 1611 6237 567 6963 8277 4267 1631 4623 3631 3273 8269 802 1062 2367 6392 7497 3227 3141 9482 7342 3275 7066 6493 7799 6111 8697 6779 4165 6638 1178 7449 8632 4942 6454 3082 7714 7524 5163 9631 2443 3740 6659 3689 2085 4169 9058 2215 4079 8837 4513 471 3141 6958 41 1392 210 6870 5778 3521 3883 4792 7094 105 3826 5805
9358 8743 9281 2150 9192 5114 9887 8526 8861 1231 2192 6832 7193 1680 4765 9911 5533 6813 2404 4933 7889 1414 362 3449 5466 211 6608 2657 1029 6621 1948 226 3390 4351 289 1292 3700 2197 5698 2285 2694 6601 1426 6981 5151 6125 5895 1367 5987 1831 4334 7414 6570 9344 1396 6935 5907 4327 203 4242 6892 5802 1362 7146 2827 6984 8072 834 7479 4482 7678 4057 6436 6042 1851 5025 5280 5208 2126 1875 3389 2282 2476 8128 3025 7785 5785 486 7360 239 9753 2693 7022 51 6478 913 7157 4802 1313 696
6885 4689 1234 887 6263 6846 1402 5784 5002 3718 9436 6420 715 9125 261 2751 8944 3911 8203 9046 320 3716 2838 9718 8795 717 3530 5315 2676 7012 7950 7811 4080 5646 1988 350 9208 8292 9655 7737 4041 9686 4380 6802 6401 2071 6838 7499 2217 7639 3117 3678 4279 4294 4598 1996 854 4342 8181 3640 2915 9953 6794 3660 7725 1987 4082 8211 2937 853 5346 9491 8366 4110 7566 3810 4711 2977 4931 2304 1486 2860 6489 9491 2513 3126 9208 4964 4968 3280 7295 8010 7782 9189 9637 5615 7133 9202 7119 6562
9850 733 9674 4649 7511 6362 7417 3061 7162 4533 9434 3228 1771 518 5992 23 7041 8314 5269 5564 8126 9263 2846 2021 155 4712 6465 5402 625 3957 4225 2310 7752 5193 6412 6710 7426 8692 1779 2136 6398 977 7819 8850 1783 8761 7261 2461 8039 1903 5409 128 985 202 5193 8817 6604 6012 6726 3939 9159 357 1019 3342 3666 5022 2699 7553 6818 9105 7119 4346 17 9159 1951 1560 8817 3305 1347 2927 2638 6190 6013 5930 6053 1923 2854 4241 1676 7275 9098 8931 8045 9016 2372 6476 3050 5587 4902 2224
2324 9247 4571 3906 4320 7159 9233 1480 7104 3349 8124 4535 5463 2954 9564 3627 2216 6726 5024 2540 7855 1561 5058 6956 2334 28 3993 1282 4512 2207 7397 5052 7524 8456 953 3086 6286 1331 2288 2089 6027 9371 3881 203 9892 3835 8589 1923 3456 9845 9532 225 4327 5403 4438 2490 5157 516 9927 1074 8960 1147 2160 4064 2491 2467 8175 9110 1531 2517 1698 3824 5556 6249 8633 7164 3610 7838 8440 9001 5522 5323 9781 8218 9015 5276 1725 1097 6934 7061 2409 4081 3435 6740 5962 7886 9516 6734 4938 6644
4264 7968 379 6323 6929 6256 4302 2118 4282 4540 3083 3609 2156 3388 3822 4344 6362 4892 5747 2667 7479 7510 4623 8245 3296 5565 1710 80 6746 8090 3207 7549 9818 198 1635 6636 3070 9460 5544 5723 838 5497 2373 3856 5313 7059 1590 4733 4976 3452 614 6104 8563 7717 635 2638 3079 3589 5131 4440 9508 9978 441 1848 4165 5365 1518 5505 9745 4560 8772 4918 9060 2838 776 8700 7343 8623 3365 4340 4735 2405 8366 9063 2026 2299 6246 4795 2161 5915 6067 9593 4033 2873 4034 4597 2496 9799 5352 1862
5418 3811 9396 1973 8159 5428 5692 8811 2880 1673 9772 3040 9639 4500 7890 3438 5933 4050 3975 3992 1217 3699 1704 9499 5540 3876 7965 9882 2875 586 9700 6643 9867 9776 9418 1914 6143 8315 8828 2995 4002 7994 7398 6168 1034 2521 516 4978 5302 7871 2365 3334 8099 2550 5232 9894 909 4864 4315 7760 5139 7468 1840 8327 4569 9013 1720 3420 7456 5078 9797 5943 9795 2421 3051 7913 4071 1748 9008 3975 2036 3452 3171 603 5025 1126 9531 9078 6506 8564 7071 4025 3126 3631 9421 1049 3506 8955 7134 3083
9521 7285 8623 819 798 60 631 8049 9114 6054 9286 1760 8828 8048 1429 4346 2536 7524 5735 2520 6823 3637 3599 6651 6213 8099 7297 645 1548 1193 7630 8030 8545 9066 6236 6597 3425 4506 1119 3801 5842 6424 9483 6690 2820 9188 2308 3039 8258 4819 9966 1494 9295 3736 9961 5859 1818 1199 8688 3755 72 1040 1043 9682 4567 4497 5167 2160 8878 1445 3845 1510 5660 7830 9028 4616 157 9761 8970 6762 2124 4374 3955 4416 3329 2146 5248 4269 4365 9000 9517 4924 5415 9900 2978 990 3230 4583 2169 3765
3027 994 4658 4459 887 2906 8151 3772 1626 1896 1181 8836 2568 8823 6701 7606 1738 1053 1952 2334 2607 8881 5414 4482 9729 3824 4926 8241 3406 1771 1580 2792 5803 1360 2097 1160 6919 6505 1543 7854 8276 5802 4421 8955 738 9416 8546 6413 8990 5429 1289 4426 5849 8492 9528 1469 2789 1332 9346 1562 7085 5830 4847 4397 5491 5985 5661 6327 6451 8522 9571 4166 3048 6243 665 7555 4791 7053 5455 6036 7216 7430 9930 2359 7842 6112 195 6132 7763 7426 4573 6293 5523 6300 4974 9738 6799 3134 4543 732
3071 220 6741 2497 851 7716 7678 2566 3782 9786 1249 5930 3108 67 3206 10 538 9694 7700 2227 5060 5833 9962 6208 182 3930 9550 2340 6666 4739 7134 7373 5427 1520 3477 9386 1119 5213 1651 3405 5444 7132 4655 7952 9571 1443 372 7755 3754 282 3631 5805 8830 434 3769 6632 7299 7195 2221 4412 5343 296 5775 7412 1753 6491 917 2281 7309 3701 1021 2200 9589 9852 37 7872 8185 4060 3426 3387 6398 9848 5155 1750 8469 4286 4217 6824 5511 6590 8154 1219 911 5117 305 8783 9856 7614 1696 1529
7104 9928 4888 3363 3561 8265 7170 2858 2294 8464 2035 5341 4196 8821 2293 1240 763 2684 113 8273 6703 9866 3875 5905 6973 8289 3414 2328 2324 3229 2640 6496 7399 5397 9063 7333 7613 1805 8660 2798 2650 7802 2631 1352 8431 5999 2267 6928 7792 4772 1017 6415 2827 9607 7914 4171 7355 6636 6261 6415 1324 2820 3239 4675 2827 5456 4254 7524 1799 3435 3726 1674 1528 3542 9212 4567 9495 979 3108 6080 3587 4229 934 8981 26 9044 5169 4076 2533 8840 16 4033 2778 1439 6504 8521 889 8099 1650 2351
1463 5326 3468 3286 3374 6910 767 4898 1473 9219 1808 85 7421 2953 5635 3127 6301 8153 8164 96 6016 4125 5375 658 915 6123 2127 4233 7558 2365 3299 6386 1157 3530 1038 557 5734 9978 8163 6182 6995 5829 9631 7471 4259 9283 9885 5215 2003 8930 3113 5011 6533 7633 1301 61 7294 2193 7347 8236 7123 9390 3524 291 8721 9808 4200 7260 3949 7463 2121 1691 8892 2595 3506 583 3884 5548 885 9948 1542 3080 4184 8685 5089 9039 9438 8058 2878 388 8089 6807 6655 164 3186 2384 7332 2998 6762 2880
8015 1109 1928 2146 7884 4293 8401 6435 8979 294 1827 7137 3724 7871 4705 3849 7093 9359 3928 9105 1878 8378 3119 3847 7880 4026 3817 2233 1143 5397 8538 1829 5733 8984 2380 7592 1842 7630 2056 2108 7118 5616 3089 5278 7676 9067 308 5264 8459 9990 9546 4840 4153 629 2251 7552 1826 1707 5421 9269 3404 9225 6454 5136 6605 5890 8984 9809 7137 5212 1240 9653 7529 1979 1477 7252 6288 913 45 7320 7108 7744 2531 6240 4591 6241 3144 4566 8570 9540 2065 2907 1576 2763 4078 1801 1217 8941 7840 8378
8589 1573 6618 6727 6573 3138 7352 1983 2136 1787 9353 8950 335 12 2133 9874 6160 1118 9584 6148 9570 6294 6710 6926 1663 2578 135 4623 3113 7769 8295 2674 7069 2995 2298 5029 4775 8759 60 6030 5025 5998 9787 7168 8125 9489 8363 6926 1466 3550 5571 7682 3344 9140 8503 1791 7388 1791 6901 1486 994 6448 3282 5481 3024 9568 363 874 3 9549 2351 8114 5155 5426 1327 6845 5264 6392 9960 4624 8712 2103 2985 3942 8072 7241 2188 9935 4919 4258 2150 644 7111 5862 4972 5393 3589 7883 3341 1036
3306 9884 5102 9613 9471 9032 53 4917 878 6711 1458 1531 7218 6767 2601 4589 4462 2775 3825 9142 5953 4877 7331 6168 4136 4611 2403 8069 7799 6434 7748 534 9707 4501 4533 6691 357 3981 7810 9406 2310 8563 3755 7104 5010 4731 7991 6313 154 3382 6613 1782 8271 5321 9323 8106 2237 7922 6982 4708 611 8165 4864 8030 7959 1064 9338 6743 5151 4723 1279 8267 7077 4031 3807 2393 2426 7822 2301 8860 7599 9541 1197 2289 2594 9526 5174 7988 7666 3718 4109 5681 5636 3972 6238 8536 5138 4069 4062 7070
1368 4676 1759 3986 6817 8612 8799 6552 8236 6559 7034 5583 3960 6803 9364 1721 2701 2031 5570 5251 2675 1086 8941 9360 9600 3046 9483 2387 5785 6997 6054 6772 3859 7885 5025 2621 9686 2857 1626 6579 472 8971 786 8383 4481 9703 9689 8535 2160 6923 5763 4217 6134 3984 4667 8695 2750 9521 2868 4209 9211 9276 7564 8942 1854 7028 9954 9102 9449 4582 7892 3070 6006 7140 6718 4630 5768 3328 7349 8412 6336 4723 9439 4065 3013 4180 3220 3964 2036 2178 5544 8121 9940 5710 9791 2148 3208 3217 5096 5836
8011 6081 1624 3370 1216 2026 7516 4388 9213 577 5223 7127 3684 2498 7405 6790 3900 5153 5507 9991 9464 3852 7760 4174 5056 7000 1575 947 3134 914 9196 6418 1050 139 5027 389 2731 9832 6566 7889 2138 3638 8904 1777 8244 7745 6254 4547 384 5644 6088 6957 9899 1831 3274 7519 8150 6167 1885 3535 7746 8465 4896 8886 7177 1644 1635 4373 1974 7532 7080 1923 9661 3534 9201 2533 1799 1056 5420 3435 2610 8530 8191 4898 169 4959 2447 1289 466 7081 4216 3682 4936 6208 5729 1545 2066 4781 859 6318
9367 2488 6101 4447 2635 2467 1759 5608 7646 7067 3546 2055 6971 9600 3815 6358 7057 8257 9006 8767 2888 9071 6351 1536 1338 361 3076 783 1963 6478 6819 317 6577 8130 9183 5119 6778 1577 8600 1330 9220 5071 4519 7330 8446 431 6973 3143 5029 1613 7212 1939 662 1598 7601 8050 4420 9712 4386 845 1897 5957 2134 5011 6663 8045 2053 3620 299 7053 2931 6917 3353 7853 3851 6301 2889 8087 4517 698 990 8952 6939 7802 8207 9906 6117 1725 1581 6575 6755 712 4860 7520 5446 5498 4618 7977 5107 7494
3583 9610 116 4580 3182 6031 2135 6093 5004 7200 9199 4559 8452 4695 9552 1704 7917 8368 9285 8509 7990 9888 1790 6010 6650 5623 4472 1801 5294 5833 7971 5345 5488 359 9272 2655 4126 476 8626 245 7409 2981 7850 2812 3204 5520 5831 294 7545 6491 8463 7631 9659 379 3013 4888 8490 4672 6363 2536 6356 482 7656 3783 8900 1569 7635 9982 9166 3951 2152 6335 5490 5176 7552 1331 7258 4885 5157 2406 5187 1406 7948 1377 4738 7092 6348 8410 569 1820 9659 6082 7575 9012 7323 3375 7083 5052 1161 2344
1374 8914 7112 6575 5070 9751 4673 1550 7234 99 6326 1016 2503 1390 2378 7467 9546 2177 7856 4534 4486 1938 7437 6224 8543 2436 7011 6133 2226 3578 7581 17 1342 6978 1244 4801 8016 2427 6697 2336 1525 5221 832 7922 4340 5292 2266 307 7407 7164 5319 5652 3819 9710 3381 4012 1282 169 8298 6540 7977 1593 6906 4268 5382 7501 6742 5062 7476 567 603 1667 1471 2379 4985 6461 9385 4884 629 3946 4587 9880 3022 301 7299 598 6440 9717 1615 6616 107 1831 7479 507 6894 918 1724 2785 1516 6472
8206 5728 6167 6187 6464 2671 4616 195 7719 9936 4668 3394 3134 2156 9738 3321 4499 3839 6288 5480 1240 4042 5202 3204 5179 4215 85 1899 2978 2054 5795 7779 5843 9619 884 4636 7961 4433 3945 8759 2130 4831 4620 1076 1855 7013 3979 3836 5421 3758 3725 9951 9266 6565 4009 5791 7431 3549 1808 1835 453 3518 5237 2564 7431 5624 2651 2744 2561 612 918 5501 9709 3602 3319 855 343 6485 2252 7146 6255 6470 8333 9151 9758 8341 1164 7208 7104 114 3304 582 4633 1286 6756 8644 1311 3351 1704 3255
4222 2089 6412 6422 4038 3663 9683 6185 2100 8410 1096 8317 398 216 3503 8997 9265 7613 6112 4375 6408 8908 8148 833 1604 1267 3648 9762 1286 5531 1892 2330 7020 4987 2563 2010 1905 1073 5581 1763 6860 4084 1481 6447 7998 5662 6541 7914 5198 3965 2657 4779 1977 517 5011 9831 1991 6891 8292 2985 4921 4768 6360 4098 9984 5134 4918 2181 6709 4673 2502 1360 1972 60 7899 1090 2309 6160 3841 5660 2733 4110 599 2729 8486 9422 3823 6328 8330 3244 6150 1622 2237 1502 57 4230 8035 8305 3536 6312
1285 7122 1334 3883 4774 9284 9807 1150 5650 8951 7404 2256 8725 4293 6388 2630 1982 2015 961 6487 6021 1378 473 5963 9823 1902 7811 3497 3653 9233 4169 280 2725 9666 3270 6050 2756 7650 5112 3733 7996 2015 9674 7021 4374 883 7815 6186 1367 6064 4366 4276 3745 9674 5441 2836 4026 3060 9829 5376 2174 8960 8889 8783 5122 633 9094 7105 6253 3223 7514 2444 7905 9452 9244 7325 2769 2792 4084 2377 2753 9360 6334 2286 694 5699 4865 6175 5903 7596 1642 5439 5162 6783 9551 9997 4369 1378 2623 6522
9132 6622 2050 2690 2932 2270 3780 9868 2920 5813 3034 2475 9696 7195 5341 7851 4305 6634 1247 8959 3346 6035 9135 6496 1325 9106 7074 4363 8713 8267 1021 3390 8469 7692 1814 8808 7206 5306 629 852 7895 379 3714 4130 8089 5016 9825 5337 3815 4902 1300 9195 5950 4161 5161 4528 3756 2885 3801 8100 8146 5342 6413 8243 8068 5871 3814 5177 278 663 5290 2130 2378 5680 8828 4462 1172 336 5768 5021 7934 9008 5058 9648 1051 2045 3774 188 7109 597 5392 7374 2785 5562 4643 3445 3757 4493 5752 3264
6151 3531 6518 8300 9163 347 5611 7996 2004 9230 750 6386 3056 6937 6452 9570 6421 405 9953 6893 5742 7332 1800 1132 5789 6645 1499 5393 9851 3284 2489 3341 6529 7332 2259 7630 7747 528 5187 2673 5823 7486 5284 3104 2920 7110 174 5423 1393 473 5987 1837 5340 9689 8541 3693 9394 1805 7226 8537 1065 4321 4568 5516 9444 4278 8911 6996 2515 7071 8628 7448 1032 7757 7617 2961 989 6966 7672 1185 5736 676 2072 3287 779 7834 4808 3141 6617 5731 1543 8338 8433 6442 7537 5594 17 2975 6421 7088
1370 4968 1412 1669 8386 8394 2029 1079 7632 3657 9682 2947 3779 4123 6128 4396 3058 508 2722 8600 9423 9178 2988 4148 9725 2227 1081 8784 4456 1550 7108 4639 6745 1477 6131 4260 2902 5317 4261 7002 1049 7143 8227 599 1735 4508 4367 5077 6175 8655 2000 2353 3518 2532 561 672 893 8694 2752 68 8095 6128 5290 6292 6039 1868 9218 6608 2836 843 4452 606 6216 8633 7763 623 2089 290 3421 9088 3676 7865 8856 1670 240 4965 42 2347 4812 9615 4882 2091 1449 9488 2335 2071 6397 8950 372 527
9157 2108 8156 7723 3021 4141 7686 5983 330 7742 8489 2074 8797 9453 6545 9849 7585 6129 5783 4931 7545 4503 8495 8128 3285 7747 2730 5708 1712 7355 752 6738 5233 636 6943 9746 8063 3882 8133 1328 2361 477 7916 4261 9454 9215 2604 2204 323 2310 1876 1719 6924 9568 3805 1630 1334 1030 8014 5219 4963 9844 8522 4476 3505 4631 578 3817 4924 3923 4869 6261 1666 9671 1557 8368 9182 4099 5340 7869 8826 9559 5962 8270 6350 5201 8008 6842 2761 1961 9404 1652 1511 8601 1260 2383 8786 7998 3537 6598
5469 1467 4232 8336 1097 9371 5079 8458 4314 2857 2035 7720 8167 144 4946 9112 7467 9869 5545 2585 35 80 8366 3276 3173 7578 5902 8325 1079 1224 9103 3900 3314 3860 8287 2153 3537 6535 2190 341 3403 8659 9047 1642 2779 7582 8502 7875 9810 5306 1982 1591 3436 8696 9195 6068 2390 5719 4719 9049 6363 12 6874 6422 1197 3919 1529 5076 6144 778 9374 4919 7075 6363 2043 4953 9281 7145 6617 4928 1510 8962 7362 5576 5929 6780 1147 9610 9962 2810 7273 2587 1867 2787 6481 5045 6206 5090 8234 5036
3208 9395 7964 7211 3587 6326 9200 8026 7402 2700 3072 4630 9112 2690 2040 1675 1229 1419 1996 8328 1860 7632 1717 2505 7858 8011 5205 8386 6768 5318 8300 8342 5339 7746 6412 9784 4868 6372 7772 4318 2966 1158 1860 4620 4918 4630 574 1904 4732 7410 1923 3254 2512 6296 8937 2000 3552 7660 7768 5453 4524 421 1854 5146 9671 788 4469 8948 6283 5090 9283 3729 1410 9942 273 8708 5642 3167 2000 2679 666 7823 5779 4190 202 3257 1810 932 7748 1495 1164 6449 2262 4576 1773 3121 3338 8698 3614 1208
6048 7749 82 533 3471 960 3440 1432 8660 6145 5535 3868 714 5239 9059 1637 4364 1063 4668 5857 2432 4183 7470 3481 6962 2070 5163 3146 7374 4442 9159 9578 3170 279 6541 1606 2136 2657 2541 2095 4110 8849 3464 7977 3952 1854 3433 2084 1493 2953 6085 4813 3858 5080 9534 384 8618 8652 2429 2016 8878 3824 7163 8458 3873 633 8149 9924 8246 2727 845 934 3581 5216 8700 3814 4945 1428 343 5397 8644 1451 6441 5657 9855 5243 3816 8836 5844 7294 2131 6024 3000 9576 1580 2239 850 4761 5948 1236
6546 4886 6544 6015 5450 6028 1019 6330 4385 9545 973 8718 269 7077 4164 5053 6897 5043 7141 9351 3170 8088 88 4654 2346 3086 7616 9352 2012 6726 5375 9446 3357 400 9452 4282 8237 7532 5946 2188 4992 9063 6827 5831 9551 7062 8596 8319 9251 7656 943 9141 233 420 7954 274 8063 485 2090 5516 3690 7368 7617 7365 2996 9539 3246 8848 3249 2912 2555 6731 9767 3805 5492 9358 4269 8999 4959 8223 3981 9650 4626 3371 4870 2531 5011 6267 235 9855 485 8795 1891 8149 354 2703 8894 6385 22 8158
1360 1069 3726 7176 1467 6411 3992 4889 1827 2304 4740 9100 5100 1046 749 944 722 4243 3837 6036 7932 313 7344 7017 4638 5515 3059 9932 3000 5000 2904 8446 2687 4705 9373 5168 3735 1791 8630 4733 3660 484 836 9678 8288 1137 8399 1731 707 2777 1933 2873 5883 9498 2795 9046 7627 80 2109 5283 5047 1021 7644 8234 1572 8272 9240 3893 6205 8573 5670 7141 5632 3383 1556 2503 5721 1583 9641 7005 3566 9014 2411 4794 5686 9212 1584 1116 8888 4100 9916 2073 122 7003 3374 3366 5551 7395 3427 4658
1782 9180 6467 26 3375 5733 202 5394 1923 7805 3086 5563 8345 9310 2611 7106 4669 7955 5069 5016 8791 1709 4209 3877 7953 7158 7700 1302 9915 9376 6600 817 3048 8201 4317 6821 4390 8630 1348 1124 7690 2621 328 5834 1054 6358 7202 967 5093 3332 4830 2094 9542 9832 6969 6380 865 4381 4340 1641 5449 5610 6252 9549 3363 2492 3196 4689 6048 9326 6071 1438 1170 3934 4045 8845 2413 7885 8675 4392 6610 4081 709 2994 4207 6741 9532 8669 4872 2965 1358 5636 1638 1015 2078 2714 343 8592 8910 3503
6466 7361 710 3613 8881 8681 6907 3925 1665 4343 5914 9184 5192 4228 8453 1736 3273 2235 4014 3121 7114 9101 1628 5428 7627 7044 4867 4492 5507 6214 8307 9785 2114 8454 1443 5733 2147 4100 124 8994 5431 7559 1256 6920 9625 7691 6837 1642 2189 9207 9607 240 5373 4069 1825 8337 506 9448 5545 3173 6914 3881 7193 894 6402 2593 7464 1759 6863 6974 9098 1793 7424 1003 1200 9539 3802 1411 3101 7852 1896 3770 7873 6088 8564 7476 5939 8031 4670 665 3165 2312 823 6615 9430 4514 8496 4936 9445 3426
7384 4944 8132 1223 8085 9391 1092 8102 6543 5969 7746 6072 8984 3590 1787 9252 8300 4399 8660 8386 1049 5593 2326 9014 8122 8401 5463 6989 5293 8373 2197 3729 457 3887 3486 9171 4439 2496 6134 2434 8750 127 2876 6570 5007 3289 5187 3078 8968 9488 9445 6452 9790 9350 6790 2338 207 6313 2146 2406 9741 3412 625 3322 5160 164 8531 813 193 4654 6744 9071 3317 3762 5371 9050 3474 8631 8181 6849 4260 8473 713 4837 134 629 6583 1006 5168 8541 4177 3784 849 1037 4001 5556 9006 6465 4631 6752
7708 277 1008 7420 3404 8831 293 3265 8853 9930 2952 3720 464 6326 3098 4273 1967 3806 41 1401 8898 165 4174 1885 9925 7706 8273 1092 6188 5785 2302 6518 5676 5307 5060 4118 4827 8175 2072 4306 5016 8590 2487 5330 9606 1252 7262 4999 4591 4599 9511 4109 884 1554 3089 4575 1090 2496 201 9007 5102 4193 6556 7895 8554 5456 5057 3770 281 5180 9756 1587 9763 2806 450 5801 4446 8406 5723 4114 7655 8082 992 6808 1229 5869 9879 2739 3652 5824 5421 2689 867 9852 2170 7275 6290 6611 4577 7630
4864 8602 579 1626 8549 2721 8647 3440 3298 9752 552 2889 6469 8923 786 3448 2155 4792 5434 9479 8358 5889 3268 766 9025 723 1088 6931 4417 698 3459 1526 5734 6904 8516 748 5751 1547 2432 2573 2070 4798 9383 3080 8024 5631 8398 7099 843 3155 6722 555 9001 7556 7232 5765 4232 1040 7710 4976 9230 9826 7228 1843 6524 239 6136 3758 4819 2558 1908 8074 1954 9736 8010 759 7239 7287 8525 6102 1229 136 1016 3745 9438 2404 6817 9598 3057 1615 2200 2619 166 6435 3732 7587 4261 5005 6231 8948
1109 6951 1711 6305 3667 8533 8882 8837 7340 7992 5472 9653 8845 9900 8 25 2358 8306 2264 7438 2162 1016 963 3078 7239 4270 3324 550 4576 373 7631 3808 7909 1914 459 9703 2004 7429 6757 2231 8512 1937 2166 1028 3432 3925 2571 4453 8730 8787 955 9194 4817 5749 7357 2046 385 9543 3870 1340 9444 4378 3457 4010 1403 520 3780 5173 3821 3082 3689 4889 4256 8870 3841 6794 384 4812 4444 5848 7840 4303 8123 9954 6607 4176 2669 1460 3273 4721 1547 5729 751 1539 6023 6197 4430 3129 6088 6871
2028 4367 6780 7110 1893 4440 2921 9981 3336 1178 1689 9710 7512 1859 5092 3643 2578 8570 4699 9477 1807 9109 3218 8262 5227 6501 4449 4297 1436 1773 7888 4802 3658 3514 5373 683 4586 389 9721 7856 9762 2794 8920 625 4876 540 2697 8427 9251 7973 7475 656 7729 9223 5489 8810 5625 6141 8936 8741 137 3012 8112 5507 6318 3473 4846 3599 2400 4340 3692 5139 7422 2503 1348 2692 4538 8653 1043 8046 4023 7603 1272 5764 7720 3909 2845 6923 3463 6994 8077 6341 2583 9044 5940 3460 5742 6742 856 5243
6295 8909 6159 1289 3712 3812 841 7670 9407 8268 8435 3743 9709 3475 3766 2276 7570 6833 3926 86 2029 7139 6920 4992 6460 820 9927 6008 9553 5955 9986 1209 3886 5738 3192 5931 970 8341 571 8700 8114 4688 2411 522 7540 3240 154 6258 7343 2552 8709 9279 379 2304 9901 9824 2865 8868 4683 9909 7716 3158 8690 9218 5260 6818 9530 1539 654 3846 4840 3371 5268 1465 790 8866 3144 2106 4743 8325 6022 3002 594 2790 6647 3965 1388 2268 7447 8463 4920 1826 6803 9870 1662 7915 8104 9487 9285 2677
8575 4584 5398 7507 6342 2399 5153 5573 2336 5327 702 6076 3935 1328 1249 6456 8906 5289 3608 4367 1983 1200 3455 1841 6939 761 4418 7021 316 8648 3794 8416 4746 2599 151 8932 3752 48 906 4038 4847 4401 4752 6190 7798 7798 3345 8023 5070 1563 4416 6004 3850 6149 1275 1116 9383 1677 70 653 5725 9444 7014 5862 838 6071 1404 7796 7169 4370 4018 1621 9188 468 8379 7243 5514 293 4818 2876 7307 1385 8971 2036 5649 852 7631 6437 9973 7514 8573 2602 574 770 2495 9233 3291 192 8368 6758
6611 741 6005 5489 3713 7873 9005 8277 1264 8392 713 6030 6671 5326 448 7000 7488 2601 6732 9310 5768 71 3591 1989 8660 6732 4759 820 2399 5053 7557 6821 6753 2027 6898 5752 8474 8983 4891 8380 6243 614 3092 3180 4691 6153 3269 7210 611 5039 1165 2352 8686 4526 3386 3305 3553 3979 7006 3599 5582 6344 545 1684 7497 9956 2378 7577 9165 5823 9989 7416 8811 2529 3247 8095 8099 7717 6517 5724 8594 533 7288 8208 8527 857 1853 4218 2770 6592 4824 7424 3054 3876 5751 8215 2013 8373 7993 5703
4155 2737 5403 8619 5374 9305 4424 1730 2676 9869 2298 2094 2412 3616 8444 4884 5974 3575 4015 8577 7822 3290 2600 8877 5951 6552 6422 8258 5468 9041 914 1449 8809 877 6188 656 5535 2242 3801 2092 8027 2149 7115 1955 7719 4372 1131 9271 9216 6559 4061 3184 3024 7609 9482 816 3368 2593 7052 4882 5803 3049 6657 2527 3136 4612 3119 401 6374 1508 3859 4897 6799 7601 524 7019 3061 7891 3555 1903 2092 4104 9456 7336 5618 6920 7621 9641 4593 2582 1896 502 4608 6089 5674 805 963 789 7819 6574
6186 5801 3881 2302 1165 7556 7046 954 8159 3905 3351 7498 7890 3524 7843 7278 860 7881 160 2315 5829 8545 7837 7625 5089 6896 7127 1239 7444 3878 9889 769 8900 8889 584 2717 3266 3440 3397 5833 1649 8084 7897 2715 441 521 8248 3218 7421 7095 9859 2048 4252 4350 1234 2653 250 1461 7746 4878 3073 5306 4510 9484 1136 8930 537 4078 2049 2559 8397 3176 8008 8252 1977 9845 3954 9824 7622 7416 8823 1405 8095 9557 2179 6989 6304 5106 7112 7660 8886 6879 5092 7084 8732 2193 7847 9303 9930 8867
7515 3282 2394 4686 7657 9062 8216 1536 8525 8527 8237 9034 4452 6831 4037 5031 9312 6646 7812 866 4458 5749 8756 4154 5153 9082 4576 5220 733 5257 5103 3058 9251 2155 6042 3576 320 8729 582 8567 3329 1462 1939 8470 5047 6596 7097 7456 390 8339 4696 790 2974 5452 1738 9296 6759 4537 2836 9898 206 5525 7411 4072 1515 7782 5684 9973 1444 5225 8099 7893 3355 1325 2833 2960 9274 2467 9057 1103 8954 373 193 960 580 9589 3902 565 3749 3783 7392 9882 9706 7130 4964 3159 664 7730 1151 5360
282 3549 4227 5126 7145 2644 4176 7848 2905 8962 4645 1401 231 4014 8915 1223 7827 1205 1075 6129 8902 2620 7865 1710 1081 5670 5723 7125 6265 8823 3264 3281 3011 751 9166 4610 7021 7263 4316 7969 2513 7235 1683 7973 5748 3568 1224 8183 4850 5212 7059 8520 2801 51 1058 761 1937 8442 425 7242 4910 8018 9380 6835 287 7257 4697 9319 2518 7825 7479 9792 6028 4996 8345 9126 883 7020 2871 4153 4010 4813 9867 707 88 320 8521 9212 2623 7147 8070 2720 24 8928 911 920 5760 4225 1386 1932
7688 4359 7119 1988 8951 6157 962 5419 2115 3908 8935 8996 2691 9568 5480 8163 4951 7166 8266 2523 1488 8834 7485 1736 6517 1793 2609 1064 8465 1984 3399 1572 7944 8330 962 7236 342 985 368 4734 6986 4017 6752 8233 6094 8280 7703 3114 7058 8639 5074 5755 5582 7924 6475 1539 2134 2247 9091 4230 918 385 1238 5017 6073 9703 3228 3920 7030 6086 4547 9158 4410 8837 904 2445 8310 2051 7850 5883 5989 386 8209 1150 5374 2148 7719 1593 8531 211 802 4594 1701 8791 7865 7621 7780 3465 3500 983
5525 6621 4484 8091 7365 2837 467 2868 1326 4892 4085 923 1280 6360 2372 5606 9277 9968 1936 3467 4452 2961 6777 5935 9207 3108 6572 455 3069 445 3060 7692 3290 1102 2060 6759 4917 4129 3894 9373 2965 1763 9814 8774 5277 9410 8864 2045 4356 1757 2699 3826 9998 4372 4030 7262 493 9734 9316 1617 3716 361 3377 9658 867 3519 6904 310 4497 4062 6077 7898 2893 4746 5898 5069 3770 4445 4129 3209 2932 2944 313 5190 4700 3648 7313 7117 3873 9242 2924 8128 3857 9153 1920 7302 2011 1853 3255 4958
8256 1690 8303 7454 205 4684 21 1755 8751 5621 5425 445 5971 6833 5913 3022 4464 8179 1108 6003 4002 2126 1648 3538 8097 6406 1197 5309 6389 8588 903 8140 113 2977 432 926 9044 1912 7835 3469 1792 1167 2887 5074 1312 7470 6716 6480 533 8911 4062 6012 2577 8124 7470 5104 859 1672 6231 2900 6623 2654 8035 5459 4496 1231 4821 2571 7806 4899 9844 975 8589 3637 1992 8734 3421 7347 8671 7940 3698 5205 8163 1843 6841 8048 5449 4190 5949 2712 2094 208 3430 8848 2318 7314 156 9980 8200 8378
1338 6177 343 3063 8599 6569 3089 6403 1206 3490 1465 3455 1212 5406 6438 4512 568 5531 6223 9767 5120 800 6456 1318 9199 2408 8080 8669 7851 9678 1169 5086 3644 7507 8113 3142 6127 6571 5290 5178 2225 8265 852 2206 6866 1141 3711 8120 9322 2452 1769 1691 6037 7593 413 3214 5318 6622 2137 8138 149 1710 4679 3481 1080 6614 5608 4399 2758 5412 3410 5310 3399 9087 7425 6846 3453 4996 1066 6898 5251 5141 6262 9168 3552 1383 6491 4990 3892 9467 4709 4209 1112 6913 2639 8203 9971 1511 78 2305
1340 7147 958 5138 6207 6222 6686 7412 670 3555 4582 1757 2091 431 5798 1420 3402 7740 2284 4909 1874 8915 8728 9936 539 3456 354 912 9705 9222 3072 4010 4798 8101 2136 4397 4263 5125 8018 7545 4733 8157 2073 5304 5290 8069 2972 9306 1372 2297 2566 6379 519 1590 7096 3268 7913 5304 93 9900 3275 651 7112 9162 8391 2617 9680 6084 6229 9746 9018 378 4858 640 7750 551 9098 550 4115 5307 365 395 5851 4812 7539 2106 2775 3855 2256 7789 7611 4360 8807 1935 4063 4808 5767 7327 2313 1472
4486 4122 3094 8798 4562 8896 9481 2383 8319 7355 571 5826 8635 5702 7127 8299 6073 5140 5257 3194 4352 4784 4990 7456 878 470 4291 6854 266 1276 1365 4618 7965 1333 8156 7358 1906 47 3059 3167 4978 7556 2584 5750 2479 3079 7516 7714 5353 2002 6124 5389 678 4601 5676 1546 5054 9367 8952 7490 1425 540 2195 5371 9689 542 5557 3835 5070 8916 7742 2176 2823 6826 776 9098 5078 3782 2589 8031 5711 9701 5097 2906 5699 6261 7255 7417 5111 1221 9455 1037 6683 4606 7496 2313 6703 9067 2020 7182
3264 866 9301 2322 3804 9641 4581 2711 282 6222 5752 5665 3269 3336 9327 2598 5169 7905 1222 9686 1507 6741 5667 185 914 6467 6704 5034 6365 401 9635 1608 3608 672 3368 8804 6851 2487 7891 6694 6200 597 650 4369 7692 2106 5861 4892 6024 4792 2445 4123 6047 8649 2140 7545 2966 4783 1337 5410 349 6676 3464 5213 3357 186 8240 2219 6283 6881 2023 838 2482 1960 2068 9120 1350 2108 8073 7298 8423 4958 5110 1759 6846 673 3630 7289 3255 8347 1961 9822 8367 9854 2238 4555 1572 8652 7227 1645
4297 1001 8482 4086 4990 895 156 3550 2548 7045 7827 8297 81 2653 5419 6306 8986 873 8683 3694 2120 1568 534 7047 9794 3248 9644 120 9376 2912 4484 1839 9448 9524 9028 9355 4599 5889 3885 9792 5087 6115 5749 3728 827 9212 4600 9029 1167 6662 4601 202 743 4629 3113 2741 6483 2307 4343 2603 8154 4176 5558 6442 871 5081 3488 9133 4259 6133 4666 5793 9899 5020 3219 7771 3920 9175 6081 1460 4797 1981 2307 7274 3115 3376 3703 6651 8136 9951 6721 4444 9293 1695 1219 878 7098 3421 2428 4277
997 5431 9877 7480 6183 9766 9069 7634 6759 1997 8593 8134 8361 6946 4626 6302 8358 6843 6279 8440 5756 4515 5950 130 3600 8705 3926 6694 1648 356 3850 2591 7157 2891 3615 1224 4946 3078 9417 6527 5125 4308 9268 5054 5223 8294 1120 4887 6795 2535 2607 2287 501 5124 5772 1940 3655 79 9622 806 6916 3172 2159 3526 3906 4775 3394 1844 1552 2218 6912 1823 1491 4855 3271 9575 8626 548 3899 4007 8705 4401 8370 3452 8508 3920 3350 8067 7468 8741 7393 9778 7531 9646 9554 890 7338 3359 6682 4362
7697 3912 1408 3504 4782 6150 6634 1746 3791 6597 6385 4741 8217 1794 7077 1472 5041 1388 4088 4602 8607 4947 5396 2263 3441 5068 5991 664 9341 4073 2964 3089 2984 4739 6686 9927 9822 7081 4207 1108 5005 1721 6283 9358 3823 7815 5478 5072 9062 7910 951 6253 4257 1462 1728 9690 8403 1618 2645 4563 3777 7749 5517 7935 5063 8915 7357 5747 8754 2932 7177 6997 6272 2458 6684 3553 6076 2265 3608 5614 3098 359 417 5537 4294 2437 5154 7643 1480 1937 3474 3501 1891 8007 3416 6617 431 4538 1679 5509
