50
634 71862
9805 263394
7677 263394
9428 71862
5973 122466
30 122466
1292 185311
7274 71862
3935 303399
5856 122466
5289 71862
1133 303399
1434 263394
5738 185311
3842 263394
5070 122466
7657 185311
5152 185311
1936 263394
8364 71862
2836 185311
1358 71862
2687 71862
40 303399
2602 122466
8213 263394
3479 185311
5823 71862
7326 263394
789 303399
5014 303399
1045 303399
8393 185311
894 122466
4353 303399
2076 303399
4171 122466
312 122466
4300 185311
5356 71862
5525 71862
7858 122466
7205 263394
5023 303399
3026 303399
9324 263394
1943 185311
7413 263394
8191 185311
7002 122466
1825 2036 4052 1637 6604 5747 6020 3886 8605 397 8955 7434 5078 8516 3305 5496 2310 1939 9278 9019 505 1966 7818 6998 8714 1585 1920 4094 6615 8799 9552 8172 1 2003 1852 3616 5942 9924 2717 8823 7479 6539 7317 8697 398 1355 8835 4145 3804 6964
4434 2719 7170 2479 1197 4955 9452 5673 6882 8654 7601 8252 4500 5527 1002 7394 6492 7308 191 7229 2469 676 9870 2315 27 8725 3246 5697 9678 3254 5317 5425 7080 8210 6551 4928 3598 2355 5528 5552 8268 5273 937 8175 4265 7046 499 9229 1957 5809
8005 1171 6978 9973 802 5208 3261 6510 6238 3917 6748 5321 607 9829 8915 4111 7822 5191 77 8438 2130 5544 6446 7160 6465 6144 6778 7158 6568 5793 582 7426 1819 2496 2400 9871 363 4552 1111 564 8864 9225 1388 6136 8574 5308 3448 6997 919 3605
4239 2620 4707 6761 5368 2721 4476 3026 2671 3174 1553 6551 7096 422 8870 9059 4718 9603 3050 5560 7912 3466 8492 3409 7292 9893 8506 5847 723 5730 1409 9544 6997 5417 8830 3619 3815 2426 8560 4253 5786 2745 3492 8844 1751 3282 3532 8653 7876 6382
6740 3069 6528 1761 9778 3540 4493 2321 9453 2193 461 8781 5616 2022 6611 4794 1718 113 2723 153 9282 7449 8607 3821 5070 8181 4366 4541 6166 5950 2853 3316 8940 7714 9892 8754 9455 6505 7463 6947 2097 1007 4751 9828 362 6583 6669 6809 8292 9537
302 3570 1105 8100 5679 4775 7307 231 4987 5718 6661 8290 1298 4063 7637 5905 8237 4044 3957 8724 4178 1163 269 9728 776 9517 9412 7036 2771 1552 3560 5207 5581 5390 3502 9418 6883 3282 136 9359 1385 138 6215 5902 2462 1407 3696 226 5869 834
2168 7307 6727 7316 684 9846 5938 9740 9482 6640 5095 9312 5978 2428 3707 2106 8822 8555 889 969 6191 7123 9667 1105 6938 6276 2697 5738 3667 6544 1073 8259 1981 755 3553 8921 4881 4580 5903 2370 6951 5410 7581 9494 9227 4416 2370 3662 605 4496
4758 5622 9896 4968 8188 8437 3450 8516 8841 8648 6052 7212 7884 8801 9904 49 728 4020 1928 6845 5671 4562 6287 6275 7367 5297 9609 47 7744 1007 3356 133 9884 3440 8176 6312 8020 4643 627 5754 5018 2147 3816 1539 6104 3346 8128 135 236 5704
3689 128 4825 6546 5935 1567 3065 9741 286 8697 7044 6628 6070 5650 6159 5904 5338 5280 7264 1388 623 3033 2972 3371 9451 5515 8654 6153 2001 3879 3566 5466 9832 3821 9174 9233 237 6749 6053 37 1187 2840 7366 6901 5280 4013 4315 4821 8732 3808
5618 8390 7265 5266 3591 4331 6855 455 6754 221 7834 7423 4273 2806 6884 3417 7586 1565 761 6647 5838 7656 8596 2661 1341 4068 6381 4665 45 6550 9342 8677 9361 6352 8269 373 1869 9712 9047 5272 5945 6986 7492 1044 9238 3511 9125 5118 6491 4471
5874 5143 9275 1909 2978 3028 4539 9754 7758 3983 2140 7586 6279 2948 2631 9922 8347 8697 2126 3848 6631 5608 9077 107 8133 8944 1842 1325 6693 1374 1491 6250 3130 5896 3660 6888 2842 4064 758 6923 4667 8341 3297 8564 9085 8555 5502 8289 7191 6834
4640 513 4226 4446 1124 1303 7971 6789 9422 7946 639 1853 9002 6046 6542 1142 6963 1455 7782 2958 2210 4114 8686 4233 270 4035 6870 7037 5692 2637 1352 7762 7635 5815 692 9644 2731 7178 8649 5573 1358 2697 1889 222 8059 2860 2726 6396 7750 9973
3568 17 3501 1349 6457 398 1270 843 7623 7323 5152 2769 6173 5870 2058 7402 5772 8441 3998 3646 5794 8484 3758 4478 9291 7394 7917 2004 3579 3681 6133 2666 212 1677 5042 7966 7991 6484 9724 1966 2661 1028 1204 949 1529 9627 3927 1246 5101 7076
24 7669 1415 6368 3474 2215 3513 123 3988 2717 7653 5578 2915 1163 1121 3298 1429 9635 7624 6687 9419 625 4295 6162 256 2059 4867 4872 1135 4179 9536 8069 597 8255 7284 4120 9456 7607 703 7250 2413 4372 1651 1055 1752 1223 3310 7406 512 575
7536 9786 6956 7579 8557 6061 6858 955 5604 8685 2947 4546 5470 2915 7122 7401 8001 4659 6233 7358 1827 3092 9467 9467 8155 6062 1098 4587 1559 746 7379 5128 5617 1646 8313 8353 1365 2818 1143 4253 3669 8897 5807 5719 3143 7130 2605 8404 4280 441
1884 4770 5828 2095 4056 9100 8546 5005 4527 7056 194 4749 43 2451 6150 9981 6324 2920 6373 1346 5606 9616 203 6788 1733 7024 3659 3517 8802 9037 1563 8861 9892 7250 3246 2207 4202 1716 8326 9309 995 6500 976 1750 2939 9571 3277 8661 9996 4165
1090 675 8114 591 2249 8062 1037 9369 1228 7201 5713 116 8518 6381 3244 8241 3613 7470 307 6432 3427 3339 7249 1119 1250 3263 1088 8185 6873 5628 200 295 418 5420 8945 2023 9067 6418 6518 719 5281 8765 403 9043 8149 1522 9320 7026 4480 2339
9768 7870 1649 2594 5705 4370 7917 2169 1258 7718 2655 6028 5846 414 4448 4642 3016 8821 6312 4208 2071 3347 1965 7813 5414 4277 3459 4760 1839 8310 8188 4931 8304 4249 3242 7864 2771 8250 9189 1821 4492 1474 192 5657 7407 595 1807 7514 4810 3909
3618 5656 7122 7503 3039 5753 7069 5453 4303 6698 985 3802 5990 5396 5677 9211 4638 3667 8841 9406 3906 4189 6421 4155 8295 7331 8624 6020 6557 6060 7855 5583 1666 3644 1915 4509 4292 4189 4259 4343 8248 80 7326 2772 5288 7450 3623 4891 6298 6455
5811 8272 1593 7084 8283 6065 9811 8269 3663 4476 1896 7785 4625 5016 4332 4417 5035 819 2219 6507 5466 685 4420 5183 3200 8172 2440 6436 5270 1110 3882 2603 4810 5609 384 3856 8860 3601 2308 2155 1768 4718 582 3527 5398 3555 1327 3708 9185 664
374 9709 388 5147 6369 3563 2936 6836 194 6093 3094 3740 1621 4159 3922 1974 9629 34 887 2522 498 4339 6811 9597 2375 6406 5582 3192 7399 8605 5664 9879 9158 3477 3715 8596 6134 6000 3486 9932 904 7215 146 6325 962 3495 585 2736 7851 4237
7249 8662 6442 2966 3821 7685 2980 4289 1727 3178 4561 5269 2626 2300 3196 2672 792 2013 9732 4556 3683 111 3206 1745 662 6899 7894 7826 774 4709 289 9892 617 4825 8680 9151 5560 3838 7183 8956 7950 5889 1233 5756 743 8520 6076 2275 7573 7467
2577 8254 7745 6573 5133 5933 675 9992 1055 8570 4897 9465 8177 6863 6008 8821 1608 3819 7700 539 3347 2084 1043 6610 7082 1069 3018 390 162 9004 9512 2012 7707 4525 2264 1239 5905 8013 7621 7359 7953 7325 4281 1069 4267 1831 1682 5272 8790 8697
8584 3660 1178 6627 6348 2954 6103 7696 5771 9124 8491 8782 1122 4655 3215 3110 5219 7160 4832 6868 8640 3293 7530 672 8667 742 992 5836 1173 2245 1094 2376 4908 5079 1145 9788 450 6860 9117 8589 3391 8515 1848 51 1717 1851 3641 5565 2451 790
3937 9119 3713 5921 411 9861 5904 2773 2460 2072 8588 1184 3806 3261 9518 2133 6150 8500 4096 3538 6334 1237 8929 9538 1845 7493 3202 798 5002 4025 3048 8289 9507 519 6820 2592 3093 45 1875 9661 5665 9806 5033 3250 3293 5524 9284 2569 8515 1023
4370 5657 6637 7081 2536 2976 6376 8753 7901 2484 8267 1934 2229 302 4483 3469 5951 9416 1420 3717 5731 662 111 4090 564 8979 7161 5669 5642 6958 8760 6050 5594 8275 9012 1614 5111 3243 5866 1085 5987 820 8804 83 3113 6077 2858 5478 9412 53
8640 122 5830 7633 8189 6154 9104 3078 6780 979 5427 9399 1843 1572 9100 8107 6019 8240 9701 1721 8150 8854 6050 8186 6213 7428 3051 7160 1073 7827 1803 9929 2726 6599 1542 5279 3764 9030 3733 2378 5617 5242 9843 6221 298 3299 7306 8587 9771 9887
5197 7160 7370 6537 2282 5159 3474 8307 4355 9385 6822 2149 9168 6315 5909 1374 4622 2181 2853 3553 291 4826 8608 6126 5449 4770 4733 8457 2908 9610 2551 7066 1038 7894 8481 8202 6186 487 3062 7562 5646 9732 4741 385 4329 6485 7366 5560 1942 305
2252 4904 328 1280 8053 3801 6286 1376 9957 6591 4813 5890 7630 5086 1214 2092 8863 8979 3679 4044 7696 714 8842 1000 6853 6359 1945 3582 7856 8970 3191 3088 1162 9007 5759 5490 6637 2775 1914 2229 5424 4676 8248 3246 3055 2912 4277 6786 6804 2928
632 429 6163 9467 4607 7906 9643 6428 8682 5207 3454 2468 1034 979 322 2161 1098 188 3022 529 3794 6311 7987 8885 8407 8046 5102 4237 425 8324 9296 1313 492 1481 7525 9945 3848 9324 5810 4768 8942 2662 2372 4500 1088 5950 48 7947 8500 8655
3613 5854 4243 6811 5569 9176 798 9630 2716 85 3291 9156 6207 1816 3786 9374 594 5116 9743 1262 7649 5085 9954 4645 7136 3132 1331 4547 5076 1007 3005 9159 3071 8702 5288 2558 5826 9086 3428 919 2185 7175 8146 5359 5532 1520 3605 4326 5072 6862
3497 341 9902 8709 655 738 1330 5766 657 4908 939 9038 6731 4715 4530 26 4215 8338 5081 358 593 1468 7857 3036 686 1508 6532 9535 5640 5458 9803 8274 2099 6376 297 1832 1333 1951 2368 5422 5083 8737 2062 5390 4803 2312 4187 2042 5827 6768
4125 1392 3092 4948 9712 3404 9016 5547 3622 4439 1874 8593 9613 171 1816 8283 4470 9905 7276 4533 8790 5094 252 6343 6400 5845 3870 7639 6804 4440 5148 3785 6997 266 2468 3333 8894 6249 7118 223 8402 4322 4308 8091 8453 839 9045 1072 41 4503
5191 521 2361 2232 5670 7927 7502 813 2349 434 3747 641 9909 9968 5869 1890 7756 8263 5098 8213 7424 2534 2914 1967 9320 9348 9408 4564 3188 3899 5669 3267 8125 4892 2759 9714 4661 3958 2688 482 335 4604 4510 4222 6392 8776 6170 3156 6023 631
7873 3703 7785 9694 5258 2739 585 720 426 6248 7852 9 8498 669 3566 770 4291 1757 6375 6456 3818 2588 897 5535 2742 7673 6269 8677 9267 7038 6898 4648 983 4859 1140 6771 6389 3525 8550 655 719 5471 2970 5420 8738 8684 8804 7012 7314 4508
3587 5481 5009 1370 8681 4557 3818 3737 6333 269 2663 4400 2338 3966 8971 7619 9373 3809 448 2916 9581 2231 134 8668 2583 576 2008 8026 1815 7083 287 8156 1755 823 6917 4942 9366 5714 1385 4233 5266 6892 1764 7186 3000 581 3394 4859 1906 6038
4011 6523 2009 5465 7860 5114 5115 21 5051 5410 1612 6036 238 8692 1185 3247 6240 9317 9347 9889 4257 7463 6171 9488 6513 1817 110 109 6771 2525 1796 6769 2064 2839 7714 3701 9609 1368 7905 5045 4646 2297 5177 7948 4704 9841 7812 5244 4938 9646
7118 8305 5996 3581 7400 1483 1992 4589 7989 9733 2065 3474 2663 5036 7170 5468 720 8583 9944 9322 4692 4853 9723 2440 4435 8381 7766 1192 3012 868 2903 2114 7377 6397 4117 8956 2265 7080 6923 9267 2980 166 6545 6385 1573 7808 5567 9032 1120 9534
7699 6116 8411 5224 700 6265 7592 5835 6434 8976 6184 3241 274 5072 5784 9734 1032 2179 6936 4762 3035 7398 5698 443 6082 7564 7258 2247 9421 686 9718 7496 1968 1191 3278 9610 5247 6102 7032 1282 8217 8752 2241 1092 5501 7981 9871 4251 5830 8894
8763 7740 9121 4656 355 5100 1621 9521 4170 5950 9063 7322 5611 9015 9911 6025 1404 597 9510 5144 4541 6367 1101 7696 4369 5195 8213 8982 3156 9418 9130 2294 1645 2452 3496 4380 1934 5113 9506 1227 3623 7139 2775 897 32 2847 5725 5366 3591 5400
6777 8872 5518 9385 3239 5397 9374 6970 6406 7573 2672 4027 7787 8056 8573 789 2563 2390 8790 8461 4950 2107 7655 7769 5272 3698 8407 4074 7905 5220 7981 568 9234 6386 6905 9818 4025 1123 7168 2683 1240 9514 5206 935 3689 1131 7166 1849 1689 3889
6194 723 7947 4709 8317 8878 3311 9044 8621 9821 5392 5589 3397 2703 499 947 7851 2219 3375 6154 2200 1977 3402 4993 7589 9501 4325 2221 6677 6877 1298 5384 1658 5348 9867 4993 71 5079 1849 6209 7403 2902 6367 1414 688 2313 7791 7694 2155 7169
9284 2172 1676 3824 9044 1613 2620 747 5974 534 536 1076 6871 9563 3693 1718 1930 3781 2449 5030 8861 5395 390 2858 3953 5210 8756 821 3911 4270 3878 7400 1687 8955 7413 637 9614 3929 6262 4946 1052 9784 3213 5968 1545 363 1353 890 8683 6820
6392 8623 4415 3924 7611 5364 3211 2868 5695 5299 9948 285 1580 2076 2380 5917 9690 1859 1830 9607 6405 2672 1293 9558 4692 523 2684 5615 8034 453 2300 6212 6974 2325 5289 4944 7430 3181 2798 7109 1468 5888 6814 7081 5855 9583 2291 440 7553 5547
2061 7760 347 765 4317 3873 4424 8285 4503 9489 9522 7915 9071 3704 1656 9094 3743 9012 1973 3931 5367 8523 4535 1778 7546 6429 4931 1293 4599 6245 7650 4800 9836 4181 7879 9744 8289 1828 8645 1841 744 1477 9032 3763 3173 6350 9664 8067 6471 6218
8779 9228 2682 6271 5804 5702 1227 2479 4959 5187 7730 7191 549 3358 8571 3495 7356 8302 7149 4775 5834 48 3131 9641 2815 4534 7177 3714 3242 6150 2160 256 4470 8629 6134 6808 5750 4190 5454 6218 1844 3192 4538 3646 7493 6516 738 1068 5364 825
9554 7893 5051 2822 12 2790 6389 1394 5329 6378 6505 2964 8615 9730 5567 126 5922 5907 1545 2766 4435 5202 8290 2582 6491 3473 471 1027 8443 7713 7667 8941 1382 2732 8574 1275 4397 5841 5382 6417 7389 75 1347 3726 3767 623 3276 6958 5573 6366
8041 6870 1180 1507 2578 2674 8768 522 8108 3865 613 8824 36 986 7478 782 9421 7754 3041 8209 1139 6939 3983 6475 6111 9530 4955 9875 7053 7899 8874 8141 219 4666 8969 8682 123 37 2245 827 5646 9114 332 8707 9860 1451 9478 8631 9394 8932
6609 2232 2345 8515 6824 8331 1754 9092 5925 3616 7675 2608 8857 8769 8388 3877 657 7618 7353 3871 3445 8276 6031 5129 3914 1949 4896 6136 8530 4840 5452 3332 2558 3572 627 3562 8875 4633 6524 9766 5507 1048 3845 654 1675 9830 7452 4087 837 522
3010 6969 577 6388 7489 8131 1272 2029 959 7679 8875 7245 1218 4403 8763 9586 3950 9267 2037 8562 5907 4709 7929 7516 7838 5421 2178 6986 1526 7116 9165 9767 330 2168 7329 2867 2688 626 7593 3100 7969 4393 1204 6746 4362 6942 8720 6467 8438 231
