50
8 152
20 449
1 489
2 11
3 419
2 160
3 444
5 259
20 498
2 470
7 376
9 25
5 275
14 255
12 472
8 454
19 236
2 384
7 431
5 243
20 183
10 407
1 17
4 356
15 117
2 209
4 379
5 480
5 107
20 377
17 161
3 129
6 81
7 91
18 74
11 408
13 89
18 175
19 358
3 297
13 52
14 32
16 477
4 414
18 320
9 334
18 163
19 66
11 416
12 456
0 12 12 14 5 15 5 9 8 5 4 12 9 13 0 1 9 15 1 2 4 6 13 13 1 5 14 0 3 4 14 15 15 8 5 8 5 10 4 6 9 8 0 0 14 3 11 4 11 8
12 0 10 4 12 2 6 4 10 14 5 5 13 14 6 4 2 1 10 13 2 3 9 7 9 8 0 7 11 1 9 3 5 3 10 3 11 13 3 7 0 10 14 1 0 7 14 2 4 2
12 0 0 1 3 14 2 1 4 6 14 7 4 0 6 4 3 6 10 5 13 3 2 1 10 14 7 13 0 14 14 2 12 11 7 11 8 7 15 6 8 13 5 13 15 13 8 7 14 1
7 3 9 0 6 15 12 0 9 9 9 3 3 8 2 9 10 9 14 1 14 5 7 2 4 4 0 3 5 1 14 8 6 7 6 6 6 10 13 6 5 0 1 7 7 4 12 13 13 8
2 15 8 2 0 8 14 13 2 5 15 1 15 7 9 0 8 5 10 2 7 15 14 14 2 9 8 4 9 13 6 2 7 0 2 5 11 1 11 2 15 0 9 1 5 7 6 2 8 11
3 9 15 1 2 0 4 9 7 7 12 9 15 11 7 3 13 2 1 1 1 12 4 6 3 0 2 14 9 3 9 4 12 0 0 14 10 1 13 9 13 8 15 0 14 10 1 1 15 7
5 5 5 3 3 6 0 5 5 1 14 11 2 15 0 14 4 8 11 14 5 10 0 8 0 12 4 14 1 6 5 0 1 14 8 14 2 5 3 9 14 5 4 12 14 10 13 11 10 3
6 0 6 5 12 9 3 0 11 4 2 2 9 14 9 1 0 12 13 3 10 11 7 15 8 8 13 15 5 1 3 1 1 0 11 3 7 1 13 14 7 3 5 6 14 8 0 8 6 13
9 4 13 11 5 2 2 9 0 6 0 15 0 5 13 10 12 2 7 13 4 5 14 15 13 2 0 13 14 0 10 10 7 9 7 2 2 7 11 10 4 6 10 15 10 5 10 10 6 6
13 1 3 7 6 5 3 8 11 0 9 3 2 10 10 3 7 3 4 5 14 0 4 6 2 13 3 9 9 15 1 1 15 12 12 0 13 0 4 9 15 12 8 4 4 6 4 15 13 14
11 13 3 2 14 13 0 10 9 9 0 2 8 4 14 6 0 9 8 9 13 0 11 12 10 6 6 15 5 2 9 14 1 7 14 9 15 12 0 8 8 6 0 15 7 15 0 11 3 4
4 1 6 15 7 9 8 10 12 8 1 0 5 0 6 0 11 11 12 6 5 14 5 0 4 4 10 4 14 3 8 11 1 11 10 2 14 12 12 0 3 6 8 5 6 10 4 11 3 12
8 14 9 6 13 5 2 11 0 3 5 1 0 10 2 7 6 13 8 14 3 11 2 14 15 7 14 5 10 10 5 1 1 14 2 14 4 6 2 14 9 9 14 10 0 12 9 13 2 12
4 10 13 10 11 8 9 3 0 8 2 4 14 0 3 10 4 2 7 7 7 0 1 10 13 1 3 7 0 5 6 13 6 3 2 8 1 6 12 1 2 12 7 12 1 11 6 5 14 11
9 3 5 2 7 2 10 1 5 12 15 9 10 4 0 5 15 10 3 5 3 4 2 10 0 6 11 13 10 3 4 12 4 5 4 6 6 11 0 10 13 6 13 3 9 10 9 2 12 10
2 0 7 1 12 8 12 5 3 7 15 12 1 12 11 0 8 9 15 10 8 10 6 15 7 4 2 2 10 0 14 10 8 7 8 3 3 8 4 2 7 2 9 4 0 11 0 4 11 11
1 13 4 1 15 7 11 8 2 15 8 2 1 13 8 9 0 0 5 12 6 9 5 1 7 7 2 15 14 11 13 7 3 13 11 7 13 15 14 1 3 0 8 0 9 7 6 10 3 2
8 11 15 4 6 8 15 15 9 0 1 15 6 0 1 13 5 0 11 10 8 6 15 5 15 2 13 12 5 0 11 7 10 1 7 5 6 1 10 0 6 3 0 12 4 10 0 5 10 0
8 15 3 14 13 1 3 1 3 6 7 0 8 7 3 12 15 15 0 14 14 0 2 12 0 8 10 7 0 10 6 12 12 15 0 15 0 14 4 15 12 8 15 2 11 10 15 9 0 2
12 4 7 2 9 6 15 10 7 13 2 12 13 0 9 1 10 11 12 0 9 9 5 4 15 8 14 0 8 10 7 9 5 14 6 5 10 1 11 12 10 14 11 10 14 10 10 9 3 0
13 15 4 10 8 12 15 7 7 9 6 5 3 8 4 9 12 0 2 5 0 11 10 11 3 2 13 3 13 5 10 11 13 15 2 5 4 14 4 10 4 14 8 12 10 3 2 6 14 5
14 11 0 6 6 10 0 11 2 10 14 9 2 8 11 3 6 5 11 7 3 0 13 15 3 8 0 14 0 2 6 6 12 14 1 13 14 13 11 3 2 2 3 0 0 11 4 11 7 0
1 12 8 15 2 12 2 6 4 14 14 7 14 2 4 14 4 4 15 15 9 10 0 10 14 7 14 15 5 13 9 3 8 2 6 8 1 0 2 11 4 4 10 15 6 8 6 7 14 4
14 14 10 8 8 13 7 14 7 5 14 9 3 3 13 1 4 5 3 2 11 9 4 0 8 0 2 3 8 10 2 9 3 6 6 15 12 1 1 14 6 6 0 14 11 11 2 13 5 4
12 6 4 14 14 2 12 8 5 4 0 2 1 7 10 7 14 13 3 4 8 5 13 15 0 4 5 11 3 5 4 12 10 3 10 14 8 4 1 10 0 14 5 0 1 4 0 15 14 10
7 8 15 13 1 4 14 4 13 2 0 9 8 8 9 1 8 10 14 14 6 6 2 13 0 0 13 3 15 7 13 9 7 3 5 14 6 7 7 10 14 7 5 6 14 12 8 10 6 12
9 3 7 12 7 3 10 7 4 7 8 11 2 14 11 15 1 9 11 2 2 11 13 9 4 12 0 6 14 7 11 13 11 2 0 14 10 10 4 1 3 6 5 1 15 7 0 5 15 12
9 3 12 4 8 6 12 4 5 2 13 4 14 15 3 15 9 1 8 3 6 8 1 6 13 10 2 0 9 0 10 7 6 9 14 5 5 11 15 9 1 2 1 10 0 2 0 0 12 11
0 10 4 15 1 0 15 15 6 4 1 0 7 7 4 7 12 5 0 14 5 7 1 8 13 8 13 6 0 13 6 13 3 0 6 3 1 10 7 10 1 14 13 4 11 14 13 0 9 5
6 4 4 14 12 12 7 0 0 6 14 2 7 6 9 9 5 14 3 10 15 15 10 8 11 12 2 6 0 0 10 1 12 7 1 4 9 7 5 0 0 6 10 14 10 14 2 4 8 15
13 15 0 1 5 3 1 10 15 11 13 14 6 2 7 3 13 3 13 0 15 1 3 5 5 4 3 7 10 8 0 15 7 1 1 7 3 10 15 5 7 12 1 11 4 6 1 14 5 11
8 10 7 2 3 12 2 11 13 9 9 6 9 6 12 13 5 13 7 1 7 11 11 14 8 6 2 4 12 13 8 0 0 15 5 8 12 11 11 2 5 4 6 9 3 10 5 9 14 3
14 7 2 1 3 4 1 13 9 7 3 2 5 4 9 8 5 4 9 9 13 4 1 1 8 11 14 6 14 0 4 6 0 10 0 13 10 10 11 3 14 7 15 1 8 15 3 10 7 4
3 7 2 7 8 9 8 3 9 12 1 14 8 11 1 14 6 8 13 0 12 8 5 6 8 11 2 9 0 15 15 13 6 0 13 3 13 13 1 7 9 0 1 8 6 12 1 14 3 1
13 14 8 14 10 4 4 3 9 4 12 8 0 6 1 2 6 12 2 6 13 12 2 2 13 15 4 10 4 1 12 15 7 1 0 6 8 13 10 14 4 12 15 2 5 5 8 1 2 11
0 9 8 5 5 1 8 6 4 1 13 5 8 0 4 4 3 11 13 10 7 14 14 12 11 8 0 0 8 2 3 13 6 12 0 0 3 14 14 5 11 8 1 7 15 0 14 7 10 12
7 13 2 2 5 5 2 7 8 7 2 12 9 11 5 13 9 9 5 13 1 2 11 11 13 4 3 1 12 6 7 3 11 6 3 14 0 5 1 4 8 15 0 7 15 10 9 7 7 10
2 12 8 2 8 10 6 4 1 15 2 12 12 14 7 9 11 4 5 4 9 14 14 6 13 11 10 0 9 14 11 9 11 3 2 2 2 0 11 1 15 9 8 12 7 4 1 0 3 3
3 4 5 5 7 15 2 15 15 3 3 2 4 6 9 8 1 4 5 0 12 14 2 5 9 7 14 8 4 10 8 8 11 7 10 5 4 13 0 1 0 11 11 3 8 15 12 4 2 8
15 13 1 4 7 7 3 1 0 15 13 5 12 9 4 7 1 9 12 9 0 2 7 7 4 11 6 6 7 9 3 0 8 10 10 7 2 3 13 0 5 4 10 15 1 7 8 5 9 5
4 15 4 11 2 0 5 14 7 5 7 9 0 15 11 10 15 9 3 15 1 0 0 12 10 7 4 0 9 4 6 13 2 3 8 13 0 0 2 8 0 6 1 1 11 8 10 5 11 5
10 4 9 10 7 14 5 2 4 4 8 9 2 11 7 12 12 12 11 1 14 4 13 13 10 11 8 1 11 11 5 4 5 13 4 3 7 2 4 1 10 0 14 10 7 3 11 0 11 2
4 14 15 2 13 8 2 6 2 5 11 5 13 3 8 9 0 6 4 7 12 10 10 14 10 5 13 14 8 9 5 8 4 15 3 13 8 10 15 12 12 12 0 7 14 13 1 12 12 7
13 1 6 4 3 1 2 2 12 13 9 10 1 15 11 9 11 13 2 7 3 4 10 13 9 2 12 4 10 13 2 3 15 8 12 7 3 8 0 8 5 3 14 0 13 11 15 9 2 5
0 0 0 5 8 7 14 8 0 13 13 10 0 10 10 10 7 11 15 12 8 7 12 10 3 6 4 12 7 4 7 6 15 2 4 10 11 14 10 8 7 7 0 14 0 13 14 8 8 2
14 8 0 7 11 15 14 0 1 5 4 12 8 6 12 14 12 15 7 10 14 0 2 15 1 9 9 13 5 11 11 14 2 7 5 1 11 15 1 3 2 7 15 8 1 0 13 1 14 3
5 2 11 0 9 13 7 10 12 8 8 3 4 11 6 13 10 13 11 0 4 9 10 8 5 12 3 13 10 7 8 4 14 6 9 0 11 11 7 13 9 0 4 14 1 9 0 3 13 13
14 6 15 10 1 8 4 7 13 11 7 11 5 9 5 2 12 1 1 0 10 6 12 1 9 12 12 6 13 15 4 11 2 6 12 11 10 5 11 5 2 5 7 2 11 12 1 0 6 5
6 10 5 5 8 1 11 15 9 2 9 10 5 5 0 6 2 4 10 15 14 13 1 9 14 14 1 2 4 6 5 14 8 8 8 9 2 4 5 7 8 8 2 14 0 8 15 9 0 13
7 7 9 1 10 0 15 9 3 1 7 4 8 7 0 5 6 4 14 12 13 3 14 6 6 9 4 7 7 2 7 1 10 6 2 12 0 15 8 7 9 10 8 0 14 3 6 2 3 0
