50
3 62
1 22
9 48
1 45
4 43
7 89
10 45
10 72
10 66
2 27
10 92
10 54
8 44
8 70
8 100
3 29
1 96
10 39
6 52
1 23
1 81
10 93
3 34
4 32
6 73
7 89
6 15
5 14
10 90
3 54
6 10
8 66
3 14
4 24
10 49
6 92
7 60
8 18
7 48
7 85
2 90
5 54
7 65
6 51
8 84
6 82
1 68
5 18
9 92
8 33
8334 9584 8390 1617 613 6950 8613 9757 6100 5457 7466 1368 6530 9771 7808 5162 4947 455 6480 7995 7441 7883 1200 3405 2914 5803 6218 4950 9910 8991 2490 7759 5307 8307 4797 382 7156 6618 3269 3293 3864 484 9083 9206 5297 8654 2862 9399 9237 4716
5226 4068 2227 5192 2914 3610 575 8581 7747 6004 7433 4223 3742 1096 4879 2850 8827 9913 4406 6075 2905 4750 8862 3773 1677 4574 2483 4828 9505 3584 2539 8312 6870 973 6291 6024 9291 8779 7236 7190 2101 3757 9706 9208 3432 7502 9927 2975 8780 5671
3015 9044 4412 6383 5516 6773 6251 119 8759 8338 2316 5234 5822 4094 7672 3751 5340 5306 3276 2196 192 7000 8606 5701 3497 2954 9347 7109 7778 2084 2164 8693 3620 7943 5139 6049 4362 524 9320 9224 6761 1129 4206 760 1948 6058 7492 5825 1044 7213
4183 7845 3733 3280 9358 2840 6784 5318 9182 7747 6927 9457 7701 3622 3317 8052 117 7980 3793 2503 5034 9873 2744 2312 8717 2191 6471 246 1689 3896 6442 7847 1853 7415 2720 1553 4241 164 9676 61 6037 4658 4314 9432 883 2297 8321 6750 6749 1343
1109 2920 852 7547 5356 2730 6261 5826 3763 6656 8529 8562 237 8459 773 9296 4589 774 7428 2976 8813 3255 4723 3332 3266 6666 1388 3072 4803 9406 8975 5841 6728 7926 1694 3028 3582 2819 8802 7258 1771 8790 8650 1331 4599 9006 9939 787 401 1953
3503 7103 984 3957 8654 8506 8150 1726 1360 8001 5610 6017 7556 9400 2163 5174 8726 9052 78 7992 7650 3679 9680 5471 1558 8220 4290 667 3713 325 5387 4263 5195 3430 2523 4280 5514 150 193 2803 580 4098 4106 9281 9444 1095 1594 6579 5390 2608
1893 9450 5497 1771 523 143 9683 8669 105 2920 4082 4547 4254 4661 6256 6680 7837 9914 8576 6292 8245 3835 912 8626 1249 8590 7266 9900 5761 823 5962 844 9591 327 953 8245 8977 9365 2176 1752 6850 8163 6263 5838 4514 5929 5904 2253 3020 6425
7339 6813 911 9010 6547 73 4992 616 3599 3064 8653 2935 1530 9137 3220 7358 8263 624 2501 5378 8492 9633 601 171 9257 9184 7710 2648 5800 2411 8171 4410 6137 7828 4888 9819 4890 9106 6276 5797 5960 6928 2956 3087 170 3877 7270 5452 8533 9860
3083 6635 2210 4777 8626 6933 6604 9297 4449 2915 2441 6706 5097 5568 9919 999 9779 2992 2638 3285 4562 2160 8273 4880 61 7904 3743 4736 2407 6842 9577 9144 6508 8254 8562 8960 8341 7314 1031 8590 1158 8574 8649 1915 8240 858 4347 2846 31 6166
7253 5123 7416 1437 631 4926 1383 6017 5475 5299 6102 7352 750 3555 5897 39 5945 17 4282 1955 6548 1227 1738 2831 2548 3052 2701 2880 841 3377 8302 2923 1399 4189 8220 1164 7407 8954 3501 9978 3962 4572 2300 573 7366 8580 400 1946 5429 7396
1676 4414 2034 8711 4124 4916 9755 9442 1713 6032 7733 9440 9028 6331 6002 4522 695 6413 2242 1469 977 8281 5029 6615 825 6751 1462 7223 1154 2581 5366 1955 3690 3312 6151 6462 6120 1052 1845 1108 9482 6357 9313 7996 8668 8882 8055 7806 821 6595
183 7856 5371 6485 1741 6022 5036 2184 3374 227 3074 3960 9427 5480 6855 7686 2030 5494 6170 3021 5951 2405 2569 902 3672 6719 6777 4223 6056 5686 2059 1868 9059 8069 3731 2045 317 9000 4726 6189 5277 9274 918 25 3608 2704 6906 3192 9864 2920
490 7878 2905 8665 6625 5158 5424 8275 1322 4968 6693 1409 6821 4411 9250 559 4234 6224 6945 4880 4649 9925 1652 9712 3657 1272 7583 6519 9317 8243 7780 3313 3002 319 5127 672 2590 2938 7827 8757 208 4741 213 8793 5528 393 1397 1151 3650 5877
2504 2497 8781 1463 6421 8592 3868 9362 417 9936 5729 2562 4028 5704 6185 1265 206 8668 9264 9888 4749 9692 3327 921 3456 9606 790 1665 9790 8039 4768 2482 7851 2473 2079 158 8376 2425 1132 1893 2719 5826 9897 9367 5850 6989 3938 2386 7248 5644
1172 1186 3834 2219 3311 6318 8540 5899 3306 6771 1462 600 7548 7102 6440 7643 4695 67 5447 8852 5711 1835 6396 6161 1481 1054 142 8713 2847 4893 6895 1772 6945 3220 2551 4439 2915 8392 5839 527 8138 9079 2101 9057 4545 7867 5612 6391 1430 3390
4062 2974 1564 5233 2245 815 5269 70 6501 1941 781 5837 6716 2714 3094 5763 1011 5716 1804 180 4886 432 6656 3083 4370 4404 3641 6664 2183 7503 2957 4416 8652 8662 2607 8125 4632 6317 8532 2020 6785 8111 165 9718 3745 5142 1244 836 4855 5007
4406 5100 8104 679 3807 965 7051 6806 5078 8256 7759 8837 8171 1318 860 364 6952 4866 1768 6637 9095 7167 2869 5722 9918 5299 8584 3756 8609 3537 8391 6084 9530 6110 7465 2617 1004 9296 184 5307 4323 1674 1388 3391 9529 1576 4190 5759 6820 8773
7019 1038 7252 2596 2636 545 9054 4429 546 2916 3374 6680 3232 8329 9495 1498 1051 3940 4589 6367 4634 9622 257 2960 6886 8788 9562 110 7745 9364 4455 266 6423 2505 2648 8157 1558 4892 4411 8781 8390 322 7396 669 2176 3637 9302 5603 2320 9044
5976 9119 3105 321 9240 2850 1958 7841 8805 1954 157 4868 8726 458 3339 1592 6999 3245 5734 4325 1474 7472 4317 2835 6264 9218 5449 5042 6605 9944 7136 6485 4078 2930 3502 8597 6560 6739 3923 5535 8652 7530 8314 9411 3675 4808 7152 1716 7149 1339
8188 3027 7285 9100 5277 4561 1991 4830 6374 3807 2203 7131 5752 2094 6114 2080 2010 7036 3283 3238 8432 7527 6926 8605 8255 969 5639 4606 8570 6750 2016 1440 8689 5517 5832 598 2540 2522 5082 9856 8862 2014 8662 6682 7287 382 698 8411 7665 789
6560 1333 9559 2453 3347 4621 4742 2718 6932 7901 3226 7773 4460 5671 2534 1343 1881 2761 3778 3958 4492 2217 3577 1144 4015 2073 2150 6377 6584 3590 1828 764 4636 8036 5099 5642 9748 7319 4524 62 7492 9031 5041 3146 5893 6106 7592 381 1415 273
1425 962 1324 9470 8889 8506 6741 5433 9553 2785 7447 8694 7594 5473 10 6256 8795 5478 284 535 9021 1876 221 4978 8285 7032 3172 3834 4618 4607 4222 975 7592 2814 7540 9452 2270 6079 8385 7170 5044 9568 1445 7084 2524 2989 9851 1501 4453 8347
2308 2629 5608 5518 7079 6431 9550 1911 4877 1027 3095 8810 3627 2851 1034 8474 4822 4227 5612 629 6198 19 8707 1172 8421 1290 6190 2580 2768 6650 2405 8592 7588 4894 7310 7538 2558 1678 8097 3456 7386 7347 9133 2395 7534 1709 993 4638 5274 9727
9406 6554 507 5204 221 2106 418 9480 5288 7014 5134 4513 4449 4246 5518 4452 7702 2752 3289 3016 6289 3756 2660 771 3743 421 932 8437 7146 3827 362 4211 4681 5939 4117 2314 5386 2117 8558 1754 6392 9014 9999 3079 6042 1731 1489 2188 2360 7774
3404 7770 9155 1509 5873 4789 8726 8389 7139 2579 2967 7163 4141 147 2349 8715 7632 1204 9311 6329 5427 9051 1229 9985 1690 1962 3044 6801 825 2773 8064 6833 8801 1826 3387 2795 1887 1587 1019 9077 7254 7726 2860 7284 1671 785 7862 27 5774 187
1436 2846 7970 7023 5155 5871 7187 1716 4178 7098 2199 2460 4350 6072 1143 7697 8435 6144 5491 3780 945 9699 2242 4335 8307 6107 4248 6736 9430 2965 5177 8406 2013 6880 7348 3727 5023 8298 7727 1623 950 3584 1140 5863 4651 513 1433 4598 2853 537
3710 3187 7640 1094 2241 3076 3808 8756 7122 1119 1336 2760 1097 6018 9051 8389 8000 1681 9470 8294 5372 8044 8183 5405 4610 306 4683 4809 9819 1961 9973 9102 4682 2609 9657 855 457 2583 3397 6272 4889 9417 9318 3010 2533 6357 285 1883 3593 9055
6351 3792 1191 1445 288 8259 272 9216 6452 51 8548 9043 5601 8600 2264 2940 2761 9657 4246 6273 4886 9254 9377 8185 3235 6204 1383 3201 537 839 1787 9441 2542 5283 5489 3633 4691 9122 8328 7549 710 7906 3127 3292 350 9473 7649 1983 6870 2867
6820 716 2697 1660 9438 4540 9555 6303 5430 7251 9375 3613 5511 5245 4891 9980 1596 8906 1099 1417 9535 7846 6396 9747 3957 9579 3858 8490 1678 6715 5550 5171 7484 8764 7024 2101 5886 8498 9563 6911 184 5409 1944 7453 3303 9353 446 4373 8162 4797
1126 8520 3772 2810 2492 9184 8105 3640 2685 8676 4738 4249 3131 9593 5865 9553 3078 9509 5098 2662 2393 6827 984 2573 4297 4645 3548 1114 4189 1266 304 5601 9907 1612 3330 3287 699 4096 7672 2099 6686 7579 7975 1736 5030 141 901 749 2324 861
5960 3376 2770 634 3928 4815 7616 2993 879 9965 8640 686 378 3888 245 7806 566 6900 2904 9398 5723 8653 2864 8036 3311 8640 6138 6301 6230 9309 4738 8143 9179 132 3921 2539 3340 7561 6652 2259 2314 705 2051 3294 4431 522 9198 8641 1235 5866
1779 844 896 9552 6271 4777 7609 3923 2315 2070 6676 5206 5275 6902 9274 9227 235 2202 8314 3860 7319 8160 3635 5981 6333 838 1806 3992 7660 1312 6454 8617 6352 3554 3705 8530 5285 1970 1298 3388 7713 9730 8429 5513 5336 912 1088 652 6452 4216
9056 5125 4168 290 8283 5597 9321 8335 7550 5331 3538 2983 68 968 4949 5371 7562 2516 5168 9811 3435 4585 5251 6148 7873 9801 2257 6398 3646 3677 8656 2894 2536 7093 1521 8490 2944 241 9970 4728 5293 9462 8558 8600 4646 9785 1859 3676 8177 607
5925 8941 6360 2894 2441 6862 2472 7332 5268 4655 3672 6421 4490 4065 6490 4386 2710 2275 4487 409 4275 5919 5723 3172 6787 2678 680 2893 9440 6507 5938 6249 6079 5393 9305 9094 6339 9554 2898 5640 6952 7374 2624 9670 5795 7666 9978 8658 1228 3473
859 888 6532 5236 9078 2934 9821 8267 8818 390 5664 4927 8161 4772 5752 3231 8801 3696 3525 8894 1276 3947 6067 8883 8107 4942 726 8676 2345 761 7551 4498 9873 8628 1215 8824 418 1098 2661 9841 8991 5117 8392 8932 6007 8950 9357 3193 6142 3490
9941 5036 1391 3206 3499 8922 6239 6817 8884 9908 9190 5 7719 451 1033 6622 9960 4327 6736 1583 8963 5465 9471 7498 1274 4406 8365 5632 4048 9752 448 5926 8380 7584 7296 9021 1415 4569 8980 2517 1854 9191 9971 1312 5890 8862 3393 9637 8037 4024
3700 6916 8364 3799 4065 4113 854 6201 8471 1810 7854 5214 2690 6071 8573 5645 8821 2645 6787 5767 9427 8916 656 3577 888 9419 3653 4222 5001 2029 2289 9402 7760 5007 2598 5954 7182 2400 528 524 8453 4756 3949 9799 3826 8730 9626 1515 8394 7491
7548 2687 3524 7840 5102 7013 3860 4331 734 4656 9790 6378 8515 1901 4059 1977 6513 8973 1543 8026 5099 5068 8800 4341 8633 5251 5370 4992 4619 4464 2238 4691 6661 2447 470 6908 7771 7542 8784 9525 8300 814 9191 8725 6720 2331 401 9102 1492 4396
2347 7794 3663 9396 5752 4810 6728 9836 3739 7029 7245 3955 2913 7344 6765 6310 8454 6585 3422 463 1774 8214 4228 4113 1354 3753 3188 2966 5919 3513 8337 4128 2438 1549 9098 5542 9114 3881 7686 9134 4082 1558 4103 2422 4168 9263 2099 9952 896 609
3296 9366 9053 8711 3471 7395 9578 7891 3908 7506 3078 2202 9482 9659 2887 6633 9726 7040 758 793 1559 9842 1138 3168 7016 2667 2749 3666 8121 4708 7939 9809 6419 2908 4021 2922 2232 182 3488 3057 5991 8152 695 5837 1788 5236 6268 4566 8659 5253
4429 5613 2273 9018 3872 9622 9359 4240 9091 3023 5058 4337 4419 5367 1229 3596 7454 2395 7405 5701 3264 8823 5473 9870 2043 9751 1339 5844 6296 2300 4287 240 7111 8230 2043 6310 9607 4042 5562 9655 6808 1559 7673 1524 7834 1401 2700 7696 9101 7475
8936 7913 859 5865 4544 4335 2194 2468 6419 2102 7958 4192 1294 7483 158 806 7526 6282 779 5110 4985 6724 8617 5326 3134 9268 786 7520 4268 1848 162 5099 2589 7479 7669 4164 784 4881 3980 891 1563 6113 3533 10 6803 7277 589 8070 2142 4900
76 7129 7887 7543 2384 8536 1977 2606 9597 6577 3350 2692 3294 7164 4626 7045 9904 7516 8792 3396 2067 42 3861 1691 4702 6349 9439 7688 6764 4120 784 4417 9508 2825 6211 5647 666 3666 496 1800 4808 8946 3681 2583 7687 3047 6245 1929 5280 5692
3648 7908 5035 7731 5091 7213 1708 2079 763 1722 8785 4089 5008 9256 3105 9909 7172 7228 612 9699 5646 6140 5460 3833 5857 4930 4538 3242 4742 4974 9741 1606 2650 4657 4250 3221 317 9635 8310 908 2727 5821 4778 3646 3861 3862 7486 3437 332 6639
6573 7339 5205 1424 6517 2700 8915 5540 4127 6050 6616 544 7937 3081 6510 6993 8719 2548 5237 609 7021 3902 1791 5077 8545 6932 215 9566 8602 799 4029 9015 1125 6354 722 4203 7769 6248 4401 4990 409 8481 1196 3791 6239 1943 7328 4461 2685 1622
7273 6656 3960 2311 5938 3053 6247 9165 5034 4995 2983 8138 9206 4933 1369 7290 9745 2861 1213 2086 4075 8437 3125 9570 1684 1399 9542 8514 8660 2595 4698 2196 8236 6638 1122 8061 1644 5211 4596 2017 1446 1052 941 4513 4553 1150 4448 9537 2340 8176
4163 5880 5307 8889 731 2393 8496 3769 2421 1757 6699 2545 145 6437 7880 6668 9124 1376 5058 1347 1197 1405 5143 9160 1030 2271 2779 1887 7386 979 6340 6196 1022 1452 2969 3183 9982 8710 1407 6087 9272 5249 6416 2658 6107 1931 5624 7124 9116 4183
4558 306 1108 536 630 9726 8280 5208 4553 9505 9209 3225 8808 5414 286 3666 3041 4197 9938 6588 9624 7672 7412 2449 2610 7035 6382 437 8586 1914 8431 4229 2600 2192 7912 2225 8733 6765 1493 7072 5550 7777 5996 6494 8663 1195 5839 5682 9156 3781
2768 2868 1789 5067 2199 5084 1290 6115 3919 9760 8667 6565 3911 2994 172 1250 3805 7664 609 9737 5290 8951 6187 2766 7466 6272 1802 8399 1677 1166 2064 5686 7195 130 3159 6328 7647 5387 8276 3563 9549 8253 7034 8323 1908 2561 8846 1331 7071 640
682 5323 7726 8626 4647 6945 2607 3977 3515 5839 1271 6948 3840 5472 3162 3553 7718 5696 7508 6943 5853 2470 2250 5378 3816 3465 646 3842 865 6106 3089 8853 3600 2995 711 3966 5662 3687 1264 1261 2254 4313 7733 1295 5566 4319 8483 8099 4058 3962