100
6 78
5 44
3 88
7 100
8 25
9 99
9 30
8 82
3 16
6 33
3 25
10 82
7 76
4 37
2 29
6 16
1 33
1 99
8 58
5 43
4 72
7 41
10 56
9 24
9 42
9 48
4 98
7 70
8 75
7 12
7 100
2 77
6 51
10 40
2 91
1 80
8 61
3 75
4 13
2 44
1 37
4 76
8 23
1 35
9 58
10 39
3 80
9 23
2 24
4 63
2 64
2 34
8 60
3 82
4 33
9 68
2 25
5 29
6 30
10 16
9 95
2 83
3 14
5 54
7 24
9 38
5 79
1 10
4 42
2 46
3 41
1 96
6 13
3 96
4 74
4 38
8 73
9 15
7 52
9 77
2 74
1 38
7 88
1 33
6 94
5 86
1 30
8 68
5 39
5 40
8 17
9 47
1 53
7 76
1 91
10 67
9 36
7 26
2 41
2 63
6647 5038 8389 8068 2410 5285 7041 477 3537 8971 3166 7630 4365 4219 6791 3225 4968 4670 521 7816 4771 3430 9660 5703 202 1062 1809 8257 6549 734 1106 3060 7274 13 6324 372 6523 5063 4223 3726 2420 123 12 1547 2199 6026 7604 8236 4526 9429 613 1703 12 3271 6399 110 6 8828 5331 7612 1987 5460 2511 7819 5625 3116 9598 4610 3533 6238 1356 2222 376 7521 5880 818 7736 3777 7211 4057 4157 8725 4970 3949 431 8234 8522 7687 8972 7559 5283 4057 1331 8336 991 5713 865 3989 312 3582
9017 3033 6025 6531 7997 9625 9652 2619 2196 8566 6125 1959 1586 4916 2343 2780 7529 4080 7559 9350 2960 1330 4462 4400 5103 4839 8774 8753 8249 9469 8951 8114 1529 4617 7593 7232 1145 163 9554 166 7458 6117 4271 7171 2244 9460 7715 7055 4009 6892 8085 575 3399 2692 5637 1935 588 8447 9515 2833 6415 1367 7291 316 8231 5548 1433 6794 3558 7998 5200 8713 1124 4299 103 4288 4798 2032 8766 3142 6095 4703 2266 4689 9367 2378 4380 2313 608 1095 9870 431 9435 1635 9925 630 4836 7611 3011 8535
578 5281 1980 2660 5911 4441 1057 9856 4975 1248 5922 7699 4478 822 1377 896 6947 89 6652 8201 4805 7061 7306 6702 1834 2161 167 323 9861 6869 2932 3008 5868 7574 5617 3555 8298 8486 6348 626 4081 6807 491 3596 3236 1711 4668 979 2773 8880 4039 1320 9906 3385 9335 7267 8817 8214 9949 3082 7538 2695 5390 9335 5634 248 6020 7558 589 642 2288 216 8927 6254 1991 457 9936 3221 3396 3814 5455 8603 5496 7651 1850 2182 3830 6766 2483 3119 1441 4049 1784 2015 9863 4385 7344 4107 1828 4328
9617 3608 9532 1188 5366 2683 5658 5736 2338 913 5253 3178 6053 3873 2355 9153 1590 5929 831 2037 3471 4260 8771 5015 4736 1077 8900 7893 7764 5007 6668 3240 8246 3604 1479 372 4186 7152 7495 6864 9230 1402 3519 4628 9798 8413 7456 1322 6558 7276 6302 297 6869 3472 1312 537 6464 7054 3353 830 4053 96 9498 4397 5042 1094 2980 872 6782 941 6278 3687 1429 1542 9892 562 9141 1556 6436 3362 2766 4737 5802 6564 7833 2557 9318 2978 7116 4205 9179 8819 6742 3183 9 7041 3122 7946 9464 5464
4058 5081 5107 9131 5602 4549 972 8236 6422 9505 1438 9064 6098 2142 3537 2500 6105 1437 824 9917 760 4298 9264 9117 916 704 4968 7562 8570 7755 5740 7735 8359 416 5436 5048 1126 6445 9315 7268 6600 384 1783 3065 2377 193 9117 3526 5577 7695 6297 2038 857 9615 9284 6261 3712 4388 2446 6832 3048 7887 3466 2056 7012 3996 1285 9501 8079 2825 6963 570 5509 5525 2375 5781 8262 726 5150 8530 885 2006 5392 9451 8194 4571 237 2747 9615 1718 6183 6697 6043 2302 7095 2560 5211 332 6317 9356
9254 7820 5947 1685 4944 7301 8481 1120 6861 6964 3853 9559 1287 5072 6352 4883 636 9916 9196 7905 5888 7992 5348 3620 7534 3311 3048 662 1744 2111 6550 4167 4156 6862 6548 887 1796 8743 8944 6973 7828 2121 5335 4782 7985 5049 2987 4931 3229 760 1576 6953 8353 9071 3598 2796 971 5824 7003 7703 7654 1977 8235 2721 3750 6459 53 5093 2227 7672 7277 6734 1918 1656 3746 8838 8032 1507 3097 2249 8045 5545 9830 6127 1964 2746 3907 5514 1208 821 5464 6864 6040 5028 3849 9972 1881 3480 3940 8850
8814 7355 3383 8371 4930 2072 4254 8412 3391 3775 8908 5755 1993 6050 8823 5884 2626 9728 7914 8667 6910 1703 8507 4489 4902 7641 2625 4521 3684 5486 2275 8491 9622 2185 7470 5204 2532 5844 5589 184 6268 3307 1814 838 1732 2423 832 1616 6575 8097 8572 567 2817 6006 5198 5021 9604 2686 6445 3450 8427 642 6129 4571 8308 3071 5265 7003 5965 8823 1814 1222 7728 625 5634 7162 6723 435 6456 9775 173 9964 8385 1560 9019 5833 142 5735 3836 5518 7243 6746 3540 725 4447 2114 5892 9810 2898 6064
8246 6221 3396 9065 8715 1905 5050 5399 7082 5776 7392 947 4982 2833 1557 6463 3103 9962 1809 4578 6374 1561 8275 3761 9669 418 2828 3064 2824 9061 2640 361 6706 848 8851 852 7783 6924 7272 573 1637 1096 4210 2673 8166 8745 5503 945 5024 7043 8534 762 3867 256 8065 3223 3983 5916 4404 2543 4969 3840 8214 2384 5297 8369 4104 540 6493 5839 8780 4755 9484 3215 7365 5143 4068 9557 8849 4279 475 6820 4447 7855 2025 4526 6882 4306 3433 531 9594 9032 6347 8066 1470 8503 7447 3789 5040 3857
8093 9090 411 9354 946 5907 10000 9058 5816 5726 6646 2115 1179 8155 3084 5210 1993 7446 3236 8330 8450 9559 8081 4335 7173 6236 9907 2645 7080 8093 814 1194 8393 3521 6661 4808 2110 1106 9589 389 8432 8651 3966 8446 8545 9723 3246 9008 4548 7164 570 1626 9513 3273 7087 5693 874 8969 5869 8318 1461 7849 4831 6490 1402 7514 6945 3431 3008 1381 278 3721 9962 2170 3837 824 6214 7302 6578 5275 6145 2920 2661 2358 8773 7485 5624 4413 3029 7145 5501 4860 416 2864 5798 8240 3899 5426 1914 1904
9518 3121 7552 8754 1083 9282 2108 6253 4433 4545 6894 6421 9188 5443 7509 2541 6937 476 1319 4236 8793 7245 1501 6193 6899 445 4578 4433 1305 1076 2531 5190 9314 8476 7172 6086 8239 7872 3559 9134 1998 7629 8515 143 3224 2041 824 7970 5105 6206 6036 6974 3783 9623 2299 2400 736 7100 9625 4002 5895 9578 749 1841 2985 7981 4812 7553 6096 1631 7802 6920 2079 5334 9803 5202 7643 2915 18 2170 6933 4687 9104 1477 7194 63 8096 1335 2693 7493 2436 2801 6485 5227 7062 1648 9166 5187 7998 266
9086 2661 4553 2297 5561 6937 6799 1432 5813 1530 5374 37 1399 3052 2287 908 1328 9317 5245 6806 367 1981 5927 5395 4396 277 4862 5176 8226 1116 3985 9799 7027 3630 6583 7932 1391 204 2991 4976 9145 1671 9025 7276 437 6644 829 6873 2969 8584 7489 7889 40 8240 5481 1733 503 5878 7575 6828 2727 3702 8633 9313 4735 9028 3328 6670 1546 3820 832 2478 3045 8400 5030 7743 7517 9996 1886 9035 9177 9824 3671 4246 8417 8748 5752 5740 2718 1678 7372 2033 468 3637 6874 6388 1563 116 1831 8892
3443 488 1627 6004 8370 5533 7806 9228 3774 512 3983 8830 9939 7547 8231 409 5083 8625 455 3301 1169 4601 1914 2922 2118 3657 2714 7617 3409 3328 8528 8710 664 494 3237 9815 9078 3622 3700 4086 9296 4496 4745 1493 1794 7350 4638 6183 8301 6480 5795 2698 9420 8805 3613 2813 4849 5346 9385 6300 8598 8273 7814 2324 1689 9091 5148 5593 9336 3774 1414 1307 9322 9594 2150 9424 3486 6085 9630 5470 1755 8294 1586 4055 5259 9295 9755 5621 3757 6778 7666 2091 8443 4289 8935 2343 8171 6348 7853 2016
9932 1444 7518 4012 477 1518 6090 8904 19 6074 7958 5254 9147 8033 586 6973 3907 9977 8751 5556 3810 5839 1445 1665 3173 6543 3912 9281 7877 5166 7023 8176 2493 7306 7489 2320 5361 6776 4182 6426 356 7126 4686 2808 4989 1226 8105 5627 7073 1125 1854 3073 3401 3691 3421 5623 1458 6088 5556 9578 8158 6841 1699 9169 2212 5449 6209 901 6355 9950 9840 6384 2851 8952 761 7539 7127 3449 8948 3072 3347 4651 8908 5156 9601 7390 9251 5837 4412 733 5746 1628 3494 1721 3364 2639 3941 2773 1556 4456
9444 1077 4234 8505 2001 3258 31 3885 8317 3476 6830 6724 8445 4147 3252 4703 112 1388 8076 1725 8326 8596 1611 3741 2853 6969 4226 1154 9449 3808 4852 769 7205 2864 2148 6263 9548 7240 8727 7726 2968 6342 5450 5875 4062 3382 4263 8806 1098 9390 6046 4501 3869 2151 8409 6956 6877 963 1513 6146 4476 9061 7735 7545 649 8990 4001 7495 6848 5542 3739 7651 1417 7076 5207 1861 5220 9243 1945 7580 3313 7060 7331 7164 6765 2243 1105 6745 8048 4580 8596 861 7288 2358 3332 1370 1230 8356 4972 5794
8602 5928 3617 6427 4123 891 9660 547 7587 8380 4186 7527 2734 8494 832 2117 3351 1512 585 7893 2289 4363 4932 5417 5307 8854 5147 6449 3950 3072 5375 5432 6611 1583 9801 6561 5743 715 3010 5794 3904 9811 9179 9441 8951 8206 1682 4044 2557 664 1503 4443 3421 7643 6164 326 3466 3672 6318 2660 5406 7252 2706 1829 1552 3278 5711 6914 4224 4647 3755 2684 3222 6656 601 9842 2383 8910 519 6336 8482 1829 1366 3774 9280 6251 1550 1596 5995 4470 828 5584 9727 2132 7604 5448 4862 2881 6804 6259
9812 3938 2601 4086 1775 1713 2388 9270 3140 5910 8087 5945 1003 2192 3033 974 2905 361 6806 197 8492 7971 3043 1835 3193 7449 4408 3998 8455 8667 2160 4620 7833 1727 5352 1630 8629 8416 7708 8287 6696 9065 7217 5743 6631 3554 5189 6015 5428 8938 2503 1047 3160 5887 4008 8457 3735 1200 3325 2454 5418 9802 5456 6526 914 7290 4410 1103 2420 7960 7600 7651 5266 3106 2029 2339 4027 2032 1128 7322 2636 865 1995 9687 7228 7119 1778 7785 5505 4592 3320 3310 3955 5665 8429 7070 7982 3264 1387 3656
7560 8273 4651 8221 2336 3005 2974 8976 3147 1954 592 4322 3802 5299 3027 8553 2848 5824 7456 3452 3868 8308 5406 953 8224 7377 8637 8477 5201 9188 3138 260 3359 7569 1854 7886 2296 9413 114 1545 6014 1637 1561 5728 8353 8583 4212 2862 8607 9601 5638 5797 9880 2833 9502 980 1478 9839 2383 1689 5660 7877 3646 9931 1994 8975 4267 9388 9780 5954 5130 526 8874 9649 2112 5116 8571 450 4116 4427 6000 2238 4456 4806 1212 8284 6184 7488 2182 7912 9614 9894 2184 5591 2361 5974 4511 1398 2218 224
9967 7486 9895 388 5634 4831 8070 9132 5631 8869 8735 8666 1786 3041 6605 4568 6235 5050 4651 7216 5676 3761 2923 6490 7792 7527 8451 5831 7655 9847 7064 4901 135 3249 8788 4429 5981 2248 8544 915 8725 2834 4628 9872 9806 9300 8882 9763 928 4777 1129 1181 4337 2652 1871 129 848 3284 9735 7155 3262 9814 679 8751 6068 1552 2748 6384 4409 8144 9965 4319 5595 6389 6093 6467 9516 7751 5455 1301 6461 9877 8754 8067 9900 4348 638 5595 5307 1354 8162 611 1298 1556 4869 1028 8843 3837 1652 7050
6144 6856 1223 197 2134 5960 5794 8805 371 9972 3396 4326 6847 138 7658 7559 2435 9601 6426 1573 3299 6851 8141 7384 1690 6694 4902 9518 5736 754 9003 9896 3580 1226 1939 2113 2010 2886 7273 6970 8484 6747 5019 6506 4068 3302 3928 6740 4511 1988 7573 644 2992 6727 8918 7478 5660 1355 3159 2253 9781 833 7792 5008 3343 4699 7849 7212 4013 908 3374 9525 4456 3077 6731 2660 7165 3349 7313 1689 6186 7882 1765 4912 8332 6817 8807 6765 2414 385 4541 5073 4529 3034 1614 9170 1637 8630 6609 2500
2922 5903 9811 2249 7249 9561 2545 1723 8197 3255 6481 9335 3101 2205 5376 7460 6238 7743 2908 1782 452 1728 6430 9540 470 7894 3540 8577 2926 346 4079 9689 1018 595 9908 6477 9450 1257 4863 2787 4782 8225 8252 9731 5738 9941 91 8859 9407 9693 3613 696 4393 7469 8309 9537 148 4322 6900 6949 392 5539 8880 6153 1281 8533 4484 4833 3649 3452 5041 2829 2999 9101 3852 9383 7693 6700 4508 7618 8957 4465 8507 7136 4396 3075 6757 463 6970 7033 9132 7188 3970 6609 2357 554 3268 5233 6556 4201
3728 189 234 7811 6302 8798 3923 8338 7745 523 2331 7207 3887 8843 5998 7224 8764 3783 4163 6261 6139 3146 2798 6975 8047 8144 1787 1556 9602 9306 483 3927 2378 4149 7279 1270 4515 9610 2362 1328 7518 3617 3280 1666 8812 2121 4540 5049 5206 6894 6914 763 2455 4462 9247 3894 6102 1001 8260 2364 7055 6936 8111 745 9576 8146 6076 1735 9850 9281 8759 2465 1968 10 7720 7011 6254 5410 4306 5164 5766 6972 5729 9825 8674 7957 8831 150 5223 5492 5960 8494 1018 3670 3647 6995 9478 9022 6485 3455
1396 7629 88 8966 8577 4297 1717 1617 2436 9788 8788 178 9298 3756 4751 4976 2431 494 9483 3495 5891 1098 2495 9843 3611 4219 8247 8480 5620 5389 6742 1209 7991 7217 8982 4924 1553 9455 1175 6459 6811 2952 3375 3206 7030 7438 8043 4819 4419 1263 6916 1922 9476 5435 9624 5517 8749 2499 4314 8724 1522 9068 9858 3831 2039 4133 1274 3192 8871 4808 4229 1183 4690 8219 8500 3234 1981 4713 6384 9631 1879 3398 1107 6724 5240 6747 8262 8753 2696 8172 7635 2290 8347 6413 8568 4539 569 3633 5328 6312
1142 5479 1745 468 4240 4833 4839 2388 3179 8237 3129 6778 5570 5874 2468 5803 6035 8914 4357 2467 8470 7453 9888 2951 3020 4607 2061 4616 7029 8825 4948 2838 947 7018 406 2823 1253 2809 9777 3515 1685 6252 2541 4446 5800 2988 5530 3043 9647 1632 8908 5246 9599 201 8120 3870 8505 3759 5417 9895 6184 5862 4015 5391 7092 6543 6303 3547 1861 7136 3043 2260 2952 6942 305 7513 8905 8906 6636 9546 6314 4546 3025 7773 9671 6157 7785 7181 5018 7209 7317 4263 9816 5435 9923 7900 7206 4755 8086 4393
1434 5819 8570 1889 9528 7596 7416 6595 7104 5137 9232 4031 7695 5630 9405 2800 2150 7205 7931 7092 6422 2960 5876 9926 8296 7037 165 458 1204 9851 4179 7541 839 4616 7889 134 8879 3724 405 4655 7820 3960 1209 9786 6867 5247 3531 7816 980 5069 2960 8994 3277 6842 1704 4562 3367 18 4310 6891 3169 4819 7373 443 9748 4277 7623 4192 4726 3382 9622 1583 7573 3530 9610 971 8778 2271 4353 3422 5932 9879 247 3487 8001 3411 658 7341 2397 5562 2155 3378 1022 8236 3141 3599 7593 9855 6903 90
3236 638 6593 4768 9098 2928 8455 5173 6893 8825 6845 3283 8430 5486 3097 4072 4832 5101 9004 4316 8424 7103 5726 2378 6588 430 3653 2644 6906 7613 1956 7972 2460 4532 5628 1567 6469 1988 2772 8392 6863 2964 9325 2069 515 2911 4860 3506 6355 5422 2941 5444 2979 7685 1419 996 1065 5967 4363 8297 8888 4047 4155 2119 1825 4923 3093 6123 1664 4585 3 5471 5594 8511 3777 2498 7000 3975 3603 7936 3828 2514 7168 4436 8970 1198 2437 9880 2670 6143 1605 197 3119 5617 9012 2875 357 4437 3580 8583
8456 1814 2935 8699 1772 9529 3130 9889 2894 7212 5937 7460 376 7070 6103 5994 298 6574 433 2834 3923 8808 5345 411 3267 1279 7393 9030 5540 1706 6085 9240 8780 3900 400 460 970 1256 4714 9421 7770 276 6829 679 2386 1949 7330 1188 5715 6488 3915 524 4688 2277 1710 290 2552 1983 2307 6824 6463 7947 4509 3740 6904 3792 6774 5271 2911 9911 685 924 2754 9880 2355 7640 6621 3385 8359 9988 8563 9802 2188 7339 3410 635 1710 1049 3233 8186 6541 5525 4760 9976 7603 4851 2317 5727 7311 5352
6079 7229 6501 584 1265 3221 7850 3057 1349 8724 9470 4631 9611 5815 3439 6304 2334 8808 4214 5669 5816 6633 7333 7725 763 9274 3398 5353 6026 8205 5625 157 9962 1546 2992 3883 3905 7284 279 1957 3589 2453 6731 3833 8688 5850 1948 4651 5878 3867 627 559 4791 3536 9996 6506 2070 1388 1269 4898 2899 5944 3024 9028 1832 5451 7904 1861 7572 33 7241 9902 7528 2866 2443 3969 8064 6905 7529 7299 4187 8944 2637 259 842 4820 8673 7962 6094 4202 3459 7888 7111 3942 4156 5736 3568 6125 1307 6578
3068 7241 4925 9205 6816 1959 7307 2335 1665 3318 1238 6791 5260 5874 6761 4218 2773 9874 434 3402 9877 4703 1631 9610 7436 8809 3233 7983 127 3128 2419 7081 8549 3162 1481 3346 991 3097 2483 4320 4547 5415 5115 1793 6359 6497 4777 1655 803 4079 3629 9827 449 3702 7272 9441 1746 6695 613 1521 4817 2814 7362 8703 3135 6446 392 8442 2761 5063 1377 7265 3098 9639 4394 725 8399 2783 8922 5113 1983 181 9076 2871 7694 3570 9086 4202 6565 5753 8078 7663 8214 9859 5282 8341 9505 688 4790 1678
3769 1202 4023 924 6246 2181 9676 8856 1886 9629 92 7262 1181 9894 6127 6693 9336 8156 8098 9083 7372 7659 6271 803 3095 313 4814 8989 9177 9666 7457 6022 9311 8203 629 9481 6444 7774 5834 5522 1590 5184 238 4596 458 5376 6130 3846 1871 9613 1140 3308 1938 5948 3147 1014 523 7098 9127 9185 3532 9249 9017 9360 1462 6860 8037 914 3676 885 6095 3833 2626 5987 3401 5130 5786 9839 452 3928 4205 7552 3760 1136 450 8513 8784 1750 5010 8814 1215 8199 3551 2809 5147 6358 8509 7544 2981 750
6296 8 4242 5820 269 4605 582 9701 5097 3795 3048 3418 2981 9439 7666 2152 5191 7205 1546 3247 8894 3765 9081 6109 3597 9856 9536 608 7165 3363 6001 3106 1692 2520 9235 7529 206 7902 9149 4137 902 6566 8226 8246 4281 1205 5898 9383 2791 745 9910 4082 506 1385 5965 5428 9776 9833 4777 6821 8911 3621 9589 9860 9090 8953 6163 1360 3436 7052 2878 1587 9081 6779 455 1590 8757 2983 4719 5182 9515 8066 8914 2100 946 742 1737 2421 7987 7586 1556 9189 8918 216 180 2126 8730 3209 1687 835
383 9151 8315 9614 7929 5478 8886 7947 403 1486 3513 4995 9387 2083 8303 6492 8024 1106 7555 1827 1229 5664 8485 7321 3126 2217 113 242 3070 3795 8096 7745 4158 1496 9901 6683 336 3125 5449 8903 5132 4939 4037 1223 8598 2592 8374 3975 4255 7873 8743 613 4278 8719 991 3455 3444 8403 9999 7414 2544 2084 5066 16 179 94 9173 1415 4083 4529 2757 1247 8527 2559 6908 8232 8890 4061 1725 6995 288 6982 2763 5960 140 2509 7771 4910 8564 7609 262 7085 9554 7680 9000 4972 3837 657 725 5124
9054 9994 6377 2863 4665 8972 743 6134 9389 4115 6242 3125 7393 3126 2921 5079 1431 194 3992 4534 3139 3722 3104 4440 1009 6799 973 7341 9216 2521 3856 2515 2690 1594 5173 38 6242 9871 3476 5966 7289 1070 8224 4945 6797 1661 7861 1315 9413 5610 1777 8542 9252 8765 7699 9671 6970 4325 6728 8035 4959 8689 9301 8986 1381 553 3739 2228 9538 3425 4260 3051 9574 6231 9389 3988 3819 1587 502 8525 3338 7546 1462 653 4153 7327 1957 6825 5922 4933 4367 6208 4540 6848 230 5202 8729 7162 9261 8936
5382 3840 6610 2153 2276 8584 9248 203 6652 6543 9727 7570 1842 1412 5881 821 2061 6046 2304 3408 4892 2027 1452 5114 5830 6349 8518 6450 4755 6355 6353 4681 307 9494 5779 120 1329 6168 2819 7107 2951 9482 7371 7277 98 2040 3191 7547 4058 4952 6088 5179 7305 8867 5213 5791 3866 6217 972 9056 7664 4024 1621 2238 5726 5207 5795 2204 6779 8312 1907 4869 7657 5598 1698 1577 7023 8661 1238 95 3276 8500 6506 112 6502 1068 1169 6327 2018 8423 7460 4669 2985 5973 1455 8370 7934 9727 9027 7779
6366 1310 7224 920 149 8137 7649 6628 2955 815 3807 9287 7263 2399 8697 167 9972 8076 9817 8504 5617 9050 2598 6735 1126 405 8704 9026 9420 6334 5322 5114 4191 8285 1631 5943 7477 6635 8201 5332 4241 8023 9538 7349 1947 4124 5326 5690 8245 6559 1704 2600 5791 3981 4617 2491 2888 3122 6211 6393 4553 4097 6528 935 6453 921 2198 406 261 5769 48 4652 2693 6171 5149 7889 4497 8499 4008 1437 8096 8175 3912 6717 5282 1995 2347 1888 9457 3699 6823 9562 5621 1602 4763 5346 8905 1131 6206 5652
400 1933 1791 529 9286 8059 7553 5021 1416 1287 4804 1290 7739 7184 4695 2645 1461 530 736 7487 2910 935 5732 1341 6755 4690 2116 7075 6685 300 8121 9928 187 3425 2093 6292 8405 179 9327 1709 2200 2437 3591 8234 9751 5011 1133 1850 6132 5867 2322 7561 23 1703 5695 2597 2333 1946 480 5506 6611 52 4242 9279 3281 4619 4465 6554 5563 4424 3245 4093 7308 6800 9610 2702 6077 501 7707 183 7925 1924 3880 4287 502 4111 1537 3887 5295 1971 5024 6180 3288 2918 5570 1185 4764 1327 5165 6420
5298 448 6166 2609 6729 6171 2578 8377 7718 4187 6389 5228 7800 7526 7715 7978 6163 1912 5835 6244 3213 5187 2475 7159 3472 5029 4227 1080 8902 9001 225 7969 7792 2011 1941 3252 6631 2462 4125 8974 3486 9424 8759 899 5497 4328 1035 5443 9378 1265 9682 9979 9480 6428 8921 2876 6301 7564 2989 5779 7761 6360 684 2658 8554 6792 9937 2287 8700 3500 2109 7367 7696 2374 6321 6153 4428 3552 6216 8062 5163 8123 6642 6152 6167 9103 6964 899 6060 2576 1697 3829 2197 1493 5676 8289 1162 9907 5830 6148
3671 8972 1468 1226 269 3677 2206 9075 2307 1294 7247 9014 3480 4381 9812 3700 4020 9904 1917 4497 289 5855 9128 6079 4816 387 37 3863 7459 8588 9484 9128 8431 1389 3774 5234 8305 3953 8528 9581 1970 6308 2900 4927 3841 1445 748 8924 1450 3267 4938 140 6653 902 5115 1180 7872 4097 3561 9270 3490 6004 6546 9335 6165 6846 2160 2149 5721 9243 9074 4314 1228 2239 541 2215 1713 9207 7652 1565 6116 8712 5035 4570 9068 1725 4624 1717 7525 9474 8662 136 1634 212 6023 6244 7682 4541 987 558
1541 6466 1805 3705 714 2412 8164 4360 1002 2304 7454 4041 7418 8905 691 5781 2510 7983 6590 8869 5274 3602 6293 1330 1957 549 3550 6694 6818 1964 8457 6243 5711 8735 1866 211 4838 5509 1871 8351 7455 7866 4170 4305 3466 4580 9778 5577 7166 2634 5882 5874 494 1485 3103 3022 6390 8889 3956 9522 3275 4981 9901 8072 1475 7020 6736 3279 608 3175 2987 7213 8044 7802 2281 6299 359 3904 934 9262 6250 8096 1780 9713 2312 2853 3325 1895 9171 4621 966 5484 8439 957 652 2298 8081 9791 1426 4202
3095 1722 6103 6689 3409 3958 363 1108 2515 3770 1541 1378 1213 9042 6867 650 9578 6568 6096 3825 2583 7893 2984 7138 1891 5720 5421 2416 7091 7557 5795 8679 801 5740 6834 9216 8220 3328 1227 746 9458 2835 5188 1820 5572 5047 8348 6849 3286 3773 6677 1446 9594 7502 2570 8098 1230 9204 7908 8790 6376 4387 4057 5349 117 1530 1526 8109 2485 2252 1107 7463 9295 9397 4628 2074 2204 6475 2330 5535 4237 4712 21 3559 6757 8977 5283 8970 6710 8876 5567 1698 5809 2633 5290 8997 9581 1867 7959 4679
4697 6526 9178 6555 4490 4642 7432 4641 4578 263 7519 7541 9494 7001 9839 2665 7225 4251 257 3788 5002 2570 5941 5697 2150 7440 3621 1907 1717 7875 9457 6083 638 8494 8375 8606 1505 8443 9443 7831 7623 5702 6707 237 346 5432 1669 9323 8482 4129 1435 5363 1427 1050 2065 391 5192 5973 8374 1834 5406 5602 4624 2048 8000 6306 4947 8225 3264 9924 9224 6156 315 9375 2985 4612 9712 9896 4071 3103 9097 3445 2418 8747 7315 361 8419 6103 7858 9655 9729 1958 2308 8783 7247 4689 3235 3149 6901 8663
4223 5902 7528 6987 7144 5786 5601 8259 3640 7806 4526 5401 8910 5753 1256 5578 9466 9339 8783 4971 3340 2333 1170 3481 7248 1177 9309 1397 5643 4777 9944 5818 8568 608 5307 9939 7410 289 1689 5560 89 3377 4670 7193 4681 3383 2159 2338 9131 4056 6143 2452 3047 9328 5732 6690 4364 3340 8670 8511 3250 4374 9280 5171 7592 4458 2072 7580 8133 292 8566 6508 6922 854 5394 6471 795 1236 178 1561 5495 93 1352 9798 3046 5132 560 8907 4039 8688 6001 3374 7989 1583 7834 5596 5807 6577 6890 5680
8444 1874 973 2024 3232 3918 4072 3621 6552 7606 1278 7433 4775 7413 8408 5908 8670 4889 8877 3047 1684 7192 5766 6404 9847 9836 5487 6875 1559 785 8129 6722 3995 5997 7218 2096 8403 7937 8411 2321 7681 3656 8155 2248 9829 8696 302 9650 4956 5926 327 6114 8382 2383 1706 1624 6901 9945 1187 2578 1525 974 7828 9213 9768 409 973 8932 6342 5423 8386 2268 8784 4017 3060 4244 7435 8517 1120 2839 3280 6976 8413 5352 4269 9231 2220 749 7080 9445 4200 2921 1808 5790 6044 4409 6082 4061 1003 720
6691 9185 2186 9875 50 8843 3561 138 5797 3768 7964 6310 9982 7022 7455 2465 1391 7182 9496 1490 9199 3553 9399 6121 7139 6494 191 3698 525 3084 6219 6844 1728 9258 8124 4447 2994 8806 6449 5053 1393 6768 955 9995 4018 7295 8479 4676 5371 956 2018 4949 9665 561 2962 7413 5803 6396 9745 2756 4976 1477 3839 2386 1069 3139 9147 6640 6337 60 7265 890 8073 2509 5036 5129 873 242 1470 2382 5035 4923 9290 5207 8183 8359 9979 8710 1157 9272 1027 8273 9004 7011 4 1339 4305 2120 6488 4903
5072 6134 4446 1751 2772 8073 9526 2341 3898 1815 3236 8153 1897 8561 2210 2897 4906 5831 4007 8307 5347 4422 357 9781 5023 5999 3520 5694 233 6281 7276 7070 4508 4559 233 6671 468 9652 1159 7846 3038 4046 7433 1600 7472 3154 8594 8058 46 7451 8892 4639 4748 5721 9282 795 8242 8463 1733 8881 5243 7965 1147 7928 2038 104 2050 4799 6209 3499 9655 5063 2448 2309 275 7330 6454 1727 9252 6860 4935 1973 7245 8362 7651 6962 3649 3241 6384 1507 8543 1671 7717 3559 3049 8670 2290 4602 5573 4652
7453 2737 7944 9 8455 8100 8253 4962 1203 1238 2856 8295 5762 2716 6955 9749 6814 524 2799 3166 3166 261 6694 4183 6855 515 593 7545 7439 8311 4482 4032 4552 9647 6317 1589 6465 2686 4607 6918 9085 4539 4378 7384 1567 3534 7315 3824 9403 9282 2239 3712 5701 846 6656 3810 2877 8465 2092 6367 8970 7176 1885 6954 1703 3176 4748 6857 4915 258 6046 9795 1455 785 4489 9001 9000 714 8784 7700 7482 1163 3151 6010 5567 7050 2079 5426 239 1339 9242 7030 9064 2998 8429 9968 5958 5370 3456 8865
8918 1274 1843 7203 6102 5812 318 6433 3804 6926 2450 9226 2174 4252 1779 7768 6795 3718 2740 8024 445 5556 6047 3626 7740 895 395 4338 5420 830 7608 1921 8930 8427 8768 1874 473 5789 9933 7761 3261 2710 6996 2612 1813 343 6501 3666 5983 4691 8511 71 3815 7473 7288 2922 2979 6254 3150 2473 725 5662 8040 3298 7518 8596 4471 1065 4002 8629 7033 1127 5924 7551 127 5361 5578 9868 5506 102 4844 7686 6903 3681 3122 5986 9472 2922 4624 3797 7620 179 6875 6576 5053 2486 3795 2765 5509 4237
1672 7289 5950 4063 1698 5894 843 6793 9869 5502 1095 2745 5001 57 6668 4800 1490 6748 1483 1785 9955 6337 7706 5385 1838 7953 4400 7803 6355 4806 7043 9531 1107 1940 9955 3117 6653 2792 3757 2289 3207 7503 7220 5439 433 9567 2448 8089 4683 322 993 2419 4695 9118 9215 8175 3814 7966 3899 1494 3391 3815 3436 4077 4719 7528 8514 1472 8557 1567 6683 6418 8170 6540 7797 6576 3890 321 6949 5774 2504 6872 4785 9617 2699 7729 9457 4076 9831 6468 3755 9801 8052 8950 9072 3635 725 3011 2682 2312
5937 8204 9819 4592 8553 5900 535 1730 715 3844 5381 5990 8087 2924 1968 4680 424 9985 5823 6476 8216 4892 9021 2714 5593 8259 580 3074 8142 5226 6208 2726 6534 134 952 6677 9644 5348 3079 6556 9709 7338 3138 388 900 3498 9778 4613 8469 5908 2768 8499 2139 8070 8323 7225 1877 3325 7232 7395 8877 7650 7867 2622 7693 9297 9984 5054 7409 8598 6757 1517 3165 9057 8489 3826 2337 2064 4400 7485 5217 2836 6698 1381 7514 9481 7916 8745 7138 1923 7570 6924 8186 3387 4348 4802 3224 574 7976 5686
5339 5602 2236 9705 8404 8020 2915 8786 1217 4555 1886 5484 1563 2881 3193 3517 1952 1990 2214 3396 3 3733 62 577 828 7336 270 379 9817 8594 8791 3428 3436 6644 1882 9450 8520 164 4307 5249 4568 8038 693 4554 2848 9211 8241 3439 9887 9967 8072 6887 2682 7498 3024 9001 5889 8146 6366 1642 1306 9698 9081 4378 6320 9397 4413 5749 7279 1674 397 4745 2162 7039 6243 6972 8458 3985 718 7262 6246 7156 7298 5268 6609 1768 2661 3012 3304 5545 7584 2732 2374 6336 6629 9362 3084 3456 6702 5074
8268 1788 9429 6507 6658 6975 7555 5117 7562 1060 5459 9601 2871 8576 349 4550 7331 1619 4462 9203 4782 5447 956 14 5379 7018 682 9736 6790 6113 5578 9725 1896 8503 8950 5965 5542 7587 2852 3827 1319 724 2577 219 5598 3586 9846 3910 2570 1089 7181 2878 4328 4778 6217 7322 2894 1816 8017 1993 9851 2208 5867 8320 9979 2140 3905 6749 4459 1480 8209 371 6626 9505 2183 2541 2390 509 7222 639 8859 2533 9430 7294 1538 9013 7614 6563 6 2779 3745 4901 9500 9440 2413 2386 7112 9963 4674 5114
9068 2790 9493 3920 3611 8209 8787 3325 7908 8214 9745 9787 9238 1528 8719 901 9899 3832 4063 278 501 4289 3809 9311 290 8366 7127 6168 3219 6434 5863 322 491 9500 9730 1500 2005 7511 8490 8364 8965 6453 2816 2578 7722 3873 8225 574 5310 8091 5214 70 7230 9662 3495 4200 8597 5254 9794 2306 7998 2439 8014 3551 2505 6470 4064 4126 3833 3515 3282 338 6281 5788 3974 5076 8841 5806 9275 8781 6863 5194 5316 5265 8081 812 1444 6736 3195 4176 6041 7362 7546 2832 8113 4999 6827 9876 7475 1549
5644 914 7341 9192 1007 8710 3385 8343 9657 7917 3841 3170 5024 2684 3485 2913 2651 2073 3536 9287 7130 943 7745 3856 362 702 8 4010 7364 6100 3837 2353 7074 6506 678 9762 387 5849 2020 78 6239 8718 7280 6060 7120 6691 5850 1496 3925 4485 8153 3304 2195 3658 9110 6762 2698 6859 6319 7175 8720 477 9252 7924 6484 7600 6966 2212 5368 4346 1474 9150 819 4937 8641 5164 865 9550 1179 2108 8829 431 5300 7635 4548 844 597 6206 5559 3732 2098 9705 827 9608 1335 263 6211 4796 4757 2151
2769 1996 1650 793 200 9025 7253 7345 7419 1354 8018 5449 1037 2175 5221 8924 410 4595 3970 5286 9998 5065 7665 5499 6831 8322 6618 9769 5300 7339 4346 9498 3974 1126 1291 8620 204 3454 9720 7429 9604 9207 1515 1687 3346 2527 585 8036 8459 964 407 7641 8201 2533 6874 3251 1532 6360 9470 9767 1700 8799 3443 1637 3348 1790 4442 1968 990 4698 4223 672 4102 3907 515 63 3954 6416 969 2874 5994 8997 8380 9865 9461 8808 2350 5142 6260 5706 468 2338 2022 6254 2066 2029 8043 9780 1486 1602
9593 4121 5535 5038 4683 8389 4603 7327 5084 3640 5093 359 3725 909 9303 6473 3181 8873 8193 8913 7312 3800 1126 7203 3 5217 8039 3325 4806 5839 8482 2823 3158 9908 3221 5950 9991 7440 6516 3736 3509 2091 1667 8586 6623 5603 9207 6065 3767 3789 6037 3079 7815 6246 1056 4070 9928 1390 2123 2103 5964 2037 3803 4864 2521 9584 9148 9067 430 3771 7308 2464 9965 2094 4528 3038 2954 9560 7130 1267 1043 715 4859 6714 3023 5007 5776 1942 7127 77 7452 938 578 8160 1047 7260 7761 4803 7576 8316
6137 5323 2045 3406 4842 9489 6015 7245 5776 3279 2630 8435 7673 657 3256 8571 8268 8145 3911 5407 4514 6323 3097 7088 9701 165 7903 1777 6204 1930 8288 1479 2015 5712 1343 1895 1891 6992 7723 4420 6205 9289 8910 3862 8926 8972 6773 1528 9040 6694 1944 9351 5292 6442 5000 6824 1854 6042 9787 8498 5321 7755 8811 9877 4394 8906 6776 8977 9117 404 4803 7483 7520 9326 2111 1505 628 89 4585 698 373 673 4471 71 6674 8279 4358 8670 2296 9837 1162 7454 3904 2799 12 9551 6279 7688 150 7046
1097 5189 5265 1876 5884 9820 8866 8758 2394 1200 5233 2098 3953 9249 2944 3778 2546 7530 1666 8653 6720 8012 5680 6791 8850 9875 1259 798 9096 6560 6127 6733 6112 2496 2804 2651 4936 4034 6141 6185 1427 862 9935 7833 4810 3396 6718 8598 7181 8360 192 5945 2784 2123 5818 3277 7062 9857 8663 4867 7902 4518 6393 5590 1235 4395 9610 702 707 6436 9477 3314 2094 1836 6292 7147 4067 6057 8763 666 4497 5246 6494 4451 5919 2803 985 6987 5631 8744 6139 5024 3304 1647 9548 4638 3496 1637 3435 3262
1150 6749 4749 7290 7951 9421 5533 8945 9206 2276 6156 7936 1619 1961 797 6180 6529 6116 3455 5554 2817 4018 7300 7276 6557 1403 8058 514 7081 9896 5974 7094 3949 9097 3708 6452 5938 6899 328 3118 9843 3489 6570 4867 8296 6374 4392 9264 3572 314 5865 8458 7688 7522 5143 848 4635 4866 5199 1194 6949 8844 925 3904 7289 7632 4459 4119 6270 3891 7984 5571 125 9065 5088 8078 5935 2416 2241 969 6338 7895 3980 7640 8048 582 1266 8400 5730 9638 2232 8751 7531 7553 5052 1432 5898 5477 6956 188
6997 9814 9457 4840 862 2985 5260 3084 3106 3707 6998 8199 905 3296 3343 7035 7526 5184 8308 2556 9796 2644 9475 6950 1368 8528 7286 3191 8400 6318 3630 445 6816 5463 3147 5830 7354 8486 3675 5102 6425 9047 5674 9928 9193 3819 414 967 1935 9633 4059 2817 4441 1516 48 8916 5741 9279 8632 2842 9471 5649 7653 1642 9269 1792 3220 6759 679 6916 715 5850 5420 1141 2051 2836 5108 3342 6819 6133 5285 3802 4332 6483 3933 6798 4228 8250 3986 2983 6664 7212 5693 7811 2418 684 4083 110 4526 1369
5136 8633 8317 9285 4023 4855 3996 9469 6390 3347 3553 384 8875 9334 922 7677 1660 8485 8589 6204 8895 4602 2064 2228 1678 2693 2245 4470 5883 4871 6641 7462 6806 9999 1715 3266 6522 8594 4183 5067 379 3949 2291 6257 5618 6478 8314 4947 4216 7498 9023 1102 8080 1494 6217 8403 1310 1849 8294 8090 7484 1101 4230 4575 5167 5334 5622 6954 9106 5518 2472 65 7840 1048 3221 6570 8264 4588 7913 8818 5377 7867 4585 4109 5180 8474 7041 3307 1828 6533 6026 755 2018 4077 8594 755 6190 1847 7628 3426
790 4128 8611 6633 1258 3337 9318 8753 7661 6343 8130 1198 7953 6462 2698 728 3933 3427 4846 149 2061 3773 4725 683 6428 9586 1264 5385 761 4284 6048 734 3660 6333 2235 4297 1176 5471 8756 7424 8441 3821 7579 5802 1277 7182 3327 5209 5365 9389 5583 9273 1545 330 1656 31 8487 8986 5600 4610 8611 9742 4285 2585 9384 4667 601 4457 3248 9424 7985 9145 8644 9859 6124 4810 4608 1311 1129 4072 967 8021 3564 8520 7513 6964 2797 2460 1052 1986 5388 9523 2437 2581 1159 9478 7590 9104 6103 5738
8666 7438 9797 6984 1539 9511 2915 3566 4035 6416 9745 8791 3386 7656 4820 5273 4802 3348 869 7185 7677 2233 863 5819 5795 4048 9877 3003 5640 8221 9624 9729 8471 7324 1135 9043 9220 803 4330 3420 9379 1973 721 6101 4776 7155 6541 4127 2180 4741 7513 4207 6687 3327 4113 1913 5117 278 2725 2598 9105 327 30 7112 3374 3026 4794 7600 2272 1874 2348 6930 7471 778 8050 2599 7726 3071 6961 4891 8997 5996 6588 3239 2673 665 3600 5249 1697 2007 3350 70 5043 4086 2654 8867 4522 4274 5592 271
7771 2607 5723 1866 3271 1424 9245 217 7479 9068 2089 6562 7882 3042 4620 2456 4080 1107 6337 2164 4797 1391 5671 6410 8411 9355 4657 3299 2291 2229 5171 4108 301 5330 7029 8433 3451 9248 6298 1876 8591 6790 9582 7145 17 4594 6637 2310 9737 5752 969 8155 2538 2037 3813 7797 1168 5663 2359 8641 3690 6812 9456 4292 3411 6687 6299 4768 5439 5161 5870 4249 2812 3860 1839 3658 4908 1848 2900 1880 5357 5545 4674 897 1437 8531 2101 7934 6495 7838 5368 6484 5824 2390 2189 7012 1362 903 9264 2855
8897 8751 5265 970 1861 8509 622 672 2664 8633 9983 2042 7185 2612 542 6898 1859 7587 7402 1733 4384 3435 1314 4957 6569 7987 1998 4143 561 51 366 8396 9974 6929 6518 4104 8595 6026 1980 9561 9202 7091 3539 6910 3422 4482 9236 1386 8077 6007 5061 8706 8356 8004 4163 8338 858 238 3943 1483 4997 8372 7978 6527 827 6576 2283 6919 3689 1910 2049 2450 1486 3649 4401 982 6918 9965 6952 1965 1834 5806 9111 7671 8893 5304 6153 156 2444 9036 8018 182 4281 3930 1456 6701 6023 7966 358 6427
2719 5033 8182 4170 581 3649 6400 8424 6121 71 7334 6704 2640 5317 3274 3288 6499 1396 5956 7365 8502 3467 5029 1032 1324 9529 450 8661 2762 6703 564 2429 8816 4703 2433 1294 8475 5122 3521 2508 9704 2181 4202 2544 9671 3483 14 9137 6174 8997 709 6938 2380 4733 4181 8854 7048 8515 8018 2251 8025 6187 3978 7863 771 3841 9841 7836 2116 753 6471 9024 6377 1497 3444 3617 8433 3394 2383 5605 3518 8067 5730 9887 2505 8637 4134 4162 4322 2004 9893 3732 4625 1641 1639 261 7649 9390 3498 9278
3177 4276 5597 820 6888 4006 8018 6528 234 4203 9458 2590 3555 9010 516 6911 8409 8349 1702 771 5279 1432 4033 8764 8477 1685 2062 8883 1296 3115 6281 3057 9854 1715 7276 911 6607 4555 434 6154 3075 7601 851 3078 9224 5672 9323 5103 6738 8064 2123 2103 4404 1833 8681 1116 9628 5850 8998 5804 1355 7025 6471 386 8368 4366 7849 5810 7133 3901 137 2468 5096 7988 7962 6649 9675 940 361 5391 2070 8156 8768 433 8319 6060 4640 2937 1511 1706 989 6666 9718 7889 2244 4740 327 4883 53 6906
5313 1064 2442 8603 8486 3094 4430 680 5130 6352 1478 6641 6876 5225 8460 3515 5609 7470 4508 2159 2289 864 4946 9529 2702 890 593 9762 9157 1943 6423 4579 7819 7238 205 7593 3410 2228 9244 4950 6026 568 6768 7054 4704 6177 3319 9990 4840 5551 3220 5862 3021 5667 9370 2303 2189 961 4785 2994 6826 228 5196 5537 3438 1797 2557 3506 5857 3497 2904 7636 1835 8867 9554 8788 3677 7127 7909 506 582 4880 7291 8000 9069 6232 1702 5364 1412 7928 4647 1089 6450 3549 3672 2562 7554 6999 1675 5509
173 3464 9157 5982 3902 4901 7386 9226 1513 7365 8450 6949 5808 8341 1607 2646 7013 2718 4973 1765 7138 977 1564 924 1248 2041 5029 3041 2071 2707 9656 5207 4936 7222 4132 380 718 4679 6613 8965 7563 3124 637 5763 6993 2082 9987 5991 9620 2901 5676 888 6175 5140 3846 4037 2736 8044 9515 4233 5067 2930 5199 67 7741 1350 3430 3436 4548 4859 4835 7688 4675 7944 5221 351 2117 4971 4152 3854 777 9873 8971 891 2709 4267 9671 937 8932 5209 6424 3265 1781 9010 4908 4397 7443 5581 4621 731
7401 6403 2767 2984 413 7431 8061 9952 1077 3751 9337 9078 45 7694 3169 9913 6321 7851 6187 9148 4300 3942 2731 3773 7488 4714 9864 4881 9531 7271 6278 4299 1909 7802 9355 3830 8911 2295 5862 5062 6388 73 1465 4590 6116 2777 8934 5978 4872 405 9018 3128 4496 256 989 4110 370 7160 6188 428 2693 4973 9162 6032 8262 9040 3073 909 9989 9348 9310 9114 9800 3337 4302 5690 3206 1073 39 4849 8129 8242 3101 1311 6132 3518 3703 8161 7880 2236 1090 5480 1472 526 6573 9572 8348 6604 4705 1009
2250 2640 7915 4140 3098 2276 9175 7002 3169 9032 9047 4802 8887 654 3848 3549 6575 5610 4515 8194 1313 9199 3041 9185 3349 1907 7314 6822 1853 8494 1127 7154 7480 7631 4912 9956 7803 3367 7566 4657 2707 2758 2042 572 2563 8622 5930 2467 8232 3875 6282 8059 3320 7213 168 325 6928 3263 9424 3781 7484 3466 8435 7720 3521 8659 4185 2905 5275 8608 9739 1332 9026 1371 3642 1863 1248 8577 1726 2920 1954 3901 6861 4532 3853 8030 5908 8578 9034 4684 7002 4629 5933 5178 366 8424 1692 7483 499 2500
6500 6738 3913 7648 4895 9051 6151 9142 7382 9994 7695 1565 1445 8854 5430 4178 1816 5894 645 8185 2181 7884 4601 3044 5587 9272 3766 3488 7881 1036 6137 4753 5689 3695 5264 4497 1499 7108 6856 2449 9724 7920 7807 4701 9708 5857 9092 9656 5798 5518 340 1976 7529 9152 6029 9670 8415 1034 8925 120 4988 1973 7585 2432 4145 9136 6651 4293 2650 3676 6642 222 8370 2566 2708 9205 7479 1193 8257 8600 1222 2725 327 7340 7923 1469 433 9306 7157 778 7164 789 1831 6761 2017 1934 2467 9423 3717 379
9036 8235 9721 2707 9437 4552 2886 9829 6575 1710 8825 3458 6854 5728 9355 1374 5947 898 9829 6813 6623 3243 4226 2006 6347 8337 400 9740 9904 7218 6795 6424 3862 8513 4127 2989 2598 3972 1603 1413 6184 7346 9875 774 8842 8499 7870 5614 4192 8978 1406 2756 839 8866 9857 900 7790 7603 5313 5126 8922 4879 2577 3324 4452 7346 9187 9949 3689 930 8520 7681 8861 4268 239 9165 3633 2436 6729 887 2156 3461 4764 8603 3496 1241 1891 1220 460 156 9053 4038 7150 1984 7456 9010 1609 3501 3815 7968
6263 7264 7888 1259 503 8611 3825 7024 3417 2553 6531 9833 4615 2028 4759 8373 8418 5121 9619 1867 9064 3822 9409 6817 4347 7750 6998 2641 8755 5639 432 9565 8335 2330 4380 215 5566 6173 8283 6290 9941 3348 3921 200 688 9338 1639 3896 5720 9884 6010 3216 5012 7486 193 4767 2986 1586 5977 4778 9964 8029 3214 7580 4585 7525 9442 3459 2746 2678 764 5506 5203 1449 6412 4367 4234 6809 879 5869 8644 6505 3246 3965 2792 1771 2060 9765 8657 147 8162 2944 5661 2185 2692 1518 8804 9723 1047 1069
7836 6872 775 9992 3232 9993 3219 4240 9386 2606 703 4904 1817 2127 5433 8115 5524 3215 3457 6974 8551 1684 79 2137 7079 5809 6672 2332 9321 7886 9092 10 4149 342 3768 3289 2931 3875 4516 9507 6493 1758 4506 2356 8593 983 996 9622 7962 1122 6777 7432 5744 3274 9804 3022 2955 7189 4663 7592 2412 6132 62 2347 4686 69 8096 6113 588 2266 6942 4996 8745 2320 2681 1384 9588 65 9694 6853 5938 826 1933 7301 9426 972 1695 8300 606 4822 6431 1497 8767 1706 295 6483 6438 5217 8273 892
3120 9681 8604 3398 2645 8573 2336 4298 2377 387 4302 483 5900 5250 9221 1146 1060 9415 8112 2090 5535 3469 4113 7044 4926 5701 5238 5539 4333 5926 5112 6440 3606 1040 8329 4621 5276 4888 9297 9351 1429 480 8449 4030 819 3831 9813 4078 5081 5293 6446 8327 50 3486 7766 574 1478 2937 8680 2827 2163 5152 2854 4349 4865 5502 8022 7870 9549 2604 6660 2253 9359 1633 3409 4450 2655 3945 7767 1068 8902 6016 7004 7159 7909 3254 6408 8612 1797 9661 5258 9524 4578 3614 4019 1173 8483 8711 502 664
3518 163 4905 8005 2389 1090 1817 1168 7831 2951 1113 9900 6362 6050 7965 3711 7107 5094 250 7950 6815 6472 8462 9060 9288 5797 419 7832 4154 2007 7320 9846 3490 5269 3021 320 8838 8827 1638 4663 2616 2470 1544 2429 2896 7740 8499 3013 3790 7409 8536 2427 3683 4126 6418 7562 8630 3603 2379 592 4537 6598 4625 8801 7426 2153 4752 8442 6119 2254 3773 9585 9356 3508 1050 5521 7501 5975 5806 5785 3217 7135 8676 5934 8068 9904 8924 1484 6942 2294 7448 2481 8949 2688 5209 5964 1172 6866 5981 3735
5702 5601 7177 3216 6511 2216 681 6171 3238 8865 3556 5513 5855 7480 8258 2249 8398 4513 1839 5176 7610 4108 6201 52 3643 6394 8185 1955 4855 97 3251 7390 1801 605 7984 9368 4023 5698 4858 4735 8339 6544 8701 7520 5204 774 6391 8227 9544 4807 9431 5178 2101 4794 1337 4348 27 9988 4224 7107 2990 3145 6215 3291 1194 2214 3653 5954 1291 2086 3319 5980 930 1551 9358 6674 5279 8340 963 6326 1160 7252 6102 5409 7577 9878 7891 9656 7991 1844 907 9257 7748 8715 3248 7206 5524 9224 6592 6966
1975 654 7388 4224 6675 3782 4429 70 8487 4967 8211 7132 4657 7784 8985 7773 6649 5342 7392 2745 1660 1856 5037 3916 1131 6252 2279 6859 5887 9815 2980 6089 3413 659 4506 421 1604 4878 7237 3604 1776 5315 4776 4987 4461 9318 188 9862 8659 4273 9610 5471 4509 902 6295 8962 9198 9531 7641 4340 2566 5687 1416 3135 1132 3634 9375 8636 1237 6604 2601 4798 7181 7512 9445 6365 2761 460 1416 1107 1055 1175 1187 7566 8568 2604 4657 1408 1982 2335 2071 800 8610 8493 6305 556 5688 8699 3889 6176
3476 827 4465 2585 9205 3089 1677 4339 4211 8843 6221 8023 8516 5953 1867 298 5766 3203 8583 4390 1004 277 2047 1856 7406 955 8437 1325 4799 3492 3900 6491 7690 2573 1480 1849 2897 6062 8079 706 6846 2550 7039 1313 7280 3837 450 6591 4758 1742 2466 5072 2868 208 6850 7978 427 9885 8780 9053 430 7706 9883 2350 1437 3790 7747 5918 691 7620 4442 4450 7193 9392 249 2389 8574 4425 8784 8736 9934 1265 6430 6489 9057 8797 2174 8753 1419 5265 1477 3303 9427 5010 6472 8768 1525 158 7361 6807
8112 4938 7511 3035 6558 8758 2914 6375 8251 9074 4550 1091 6701 931 8779 7504 974 3909 7801 3017 3648 8703 7822 6718 2196 7218 7228 2103 5363 9493 7959 481 6232 4474 7058 748 4530 2547 3408 7979 1817 337 819 5697 6549 6821 5162 5686 2975 1396 5072 1176 8909 3948 6721 9344 4617 7388 4310 8136 9086 2902 3257 2457 7096 6547 1434 5588 6939 6509 5910 7241 7553 9411 2001 3503 1172 515 537 817 3986 8812 7840 2350 3936 9955 5416 2347 3110 600 1584 7886 7949 4661 4317 4478 979 4264 2726 564
9075 5579 3059 680 5353 4737 8368 8961 1127 3426 7963 7549 7694 9777 9956 8203 2998 4726 1444 8879 9366 7358 2463 8770 5973 5506 2510 3582 3179 2000 9385 4844 2381 2056 2198 8288 3339 5753 3907 7488 3214 2676 4701 5492 6504 1880 7767 7214 3198 335 4930 1905 9627 3619 1815 1616 402 3342 9876 3482 2508 745 5958 8696 5652 8427 5261 264 164 56 8468 1423 8605 4950 1890 6001 9083 6481 2880 9239 4368 8124 8580 8325 5780 9337 7640 5761 5794 6493 8782 8303 6745 9631 7228 3912 668 3937 8764 151
934 3182 397 964 8005 8675 9031 7195 4496 8473 3533 9675 834 4478 5383 9463 1458 5249 2931 4860 4591 8742 9474 6228 2586 8695 7167 7911 4549 4416 4581 6442 4952 4881 4642 2017 6446 9397 9672 2416 3255 8165 7903 3840 8677 7971 1221 7602 9913 4697 8651 9359 8638 8022 1159 1759 7146 2757 7577 2942 1277 5079 4197 7559 7959 3763 5953 8788 1200 8909 6092 8589 526 7923 5856 3255 7943 462 1527 6429 8254 2884 8710 6683 522 5649 6176 9035 7325 7622 4029 3983 4902 3954 3969 3489 8172 4259 3959 1505
1532 1257 4746 8484 2316 6736 8993 9111 1137 8085 3559 292 4292 9859 7836 6472 4900 7709 9767 4073 3896 2596 6293 4162 6753 7151 1961 8800 4060 1562 9140 2762 8487 440 2058 2627 7211 4704 1899 2893 3057 3218 4516 8228 8798 5723 5164 8757 9299 575 5277 9212 3354 9719 2951 309 7411 8591 9023 2917 614 3281 6721 8960 3189 6249 2822 6131 236 6242 8842 9999 1640 4289 9499 2955 4177 2767 498 7287 5649 622 1951 2993 2009 3575 3829 7217 6736 7532 2625 2881 9882 9968 3120 4121 1751 9318 9175 9877
3720 9356 9371 9410 8015 7883 4253 117 9256 7596 2044 832 4535 1172 1159 5814 4594 2390 100 301 3640 273 3574 7119 576 5836 6226 4522 8964 7711 8190 4098 3344 4603 3880 8687 1134 299 2947 490 7145 6602 4203 1478 1326 286 232 1623 2913 317 4120 6071 1396 4424 7249 5189 4352 6500 8367 4297 5949 2700 6997 8709 6507 3851 360 7077 2801 6995 7418 1093 8352 9291 9657 9754 8242 143 4032 3563 8310 9820 2099 529 8348 8217 8172 9178 3244 4887 417 5836 2767 2863 8860 5293 1055 6628 4081 610
5066 8377 8552 1367 3830 4329 4636 3274 72 8229 4575 9089 8554 5648 3943 7945 630 6324 8989 2678 5632 3351 5604 357 6683 4933 2834 6498 4604 8940 4451 653 409 4639 9805 5662 3905 3624 7152 7331 7652 4751 8126 2114 1272 8344 1273 1441 3710 2067 9491 5495 1882 5233 6613 4215 1994 2030 4908 2552 3158 105 9390 7936 5774 2044 7716 138 2106 7891 8070 7866 2325 7209 2111 4914 6179 3689 571 345 6772 3323 2219 3909 2386 5534 3390 7496 3139 3782 300 9589 9441 697 8386 6816 1910 6716 933 1448
3303 6044 8098 3855 1072 1258 1141 1047 3873 494 7549 8929 2361 9977 899 5348 7769 7842 5140 13 7474 1304 5136 1959 6606 5832 6754 3791 3344 9759 1977 3771 2737 1062 8528 635 8229 8104 3750 3641 4576 5550 8572 7831 5285 1953 8686 3150 1996 552 2748 7500 4199 5759 3748 1934 6623 7076 8812 3623 8206 9012 151 9894 8096 996 1275 7456 2301 6568 7357 9250 614 6538 3697 5457 3124 8618 2285 8572 9173 103 6670 2389 1 2532 5430 8934 7935 3155 8749 7647 3509 3009 5075 2678 1964 687 733 1721
5796 2258 5058 6040 6711 661 3160 5504 4040 7788 9952 2006 9035 1572 906 9832 748 7943 9852 2663 1082 1099 4400 7829 7287 4355 7127 6407 7558 5806 2576 9398 7353 3947 7961 2544 7671 5046 9820 5393 7462 8201 8548 3304 6724 2114 8249 9876 9521 1475 4892 111 5822 1483 1180 5549 4805 9896 296 3392 8108 2742 3354 659 6868 4577 4757 9002 5113 6833 6623 4370 4500 3482 9182 2306 7597 5232 7129 6411 5368 2114 8671 3160 2430 1741 6172 4533 868 2129 1157 3086 7803 5749 1794 9009 175 7497 1135 1346
4398 124 432 1825 738 2293 316 9887 225 5842 5176 6174 2393 9811 9437 2558 8394 3479 8972 684 8312 9620 3066 399 2696 1027 9828 5978 9431 9606 3217 662 6241 2780 7832 9195 6650 6786 3836 1766 5549 1800 7410 6906 3797 6179 7606 7379 5024 5423 4233 8839 8539 4078 5413 2538 4875 4560 6264 1850 5120 3911 3826 6378 2471 2842 3821 4951 691 7975 7556 1030 2966 3081 8908 3085 5960 8488 5618 9781 3200 2423 762 317 1318 7840 4612 2931 5030 2114 10 505 1423 6754 9186 1473 3334 3378 2988 3076
5289 8877 6747 100 7478 1921 2649 903 5363 6603 8881 722 5366 3940 6873 7031 7094 6788 8716 8411 5398 9364 9484 3231 3788 8258 2940 9041 3320 6480 5275 4482 1572 9547 8577 294 7582 6256 8013 6787 2309 3506 8046 4952 4197 7811 6489 6226 4911 5126 4151 3051 8269 3113 448 3899 9857 8589 5315 9574 7962 7800 9175 8596 9762 6885 3513 1498 1044 9151 3651 8017 4176 3881 5198 5261 2569 2949 7448 1203 9034 1746 5677 6802 9208 1008 1135 7736 9926 5261 4032 7627 8732 9862 8371 3279 5973 902 7263 1964
6427 5270 1469 7663 6125 8094 6078 5766 6277 6052 8515 9940 6832 4627 9884 1789 7684 420 4848 2878 1350 164 9857 61 5036 4993 7619 5986 8180 2020 4365 3230 5699 8650 317 5165 912 1261 7474 780 8786 4099 5446 4559 2561 8290 578 9673 1685 7255 1579 8080 7611 6188 5654 5435 7849 5161 9237 3104 9012 9151 35 2660 8301 6255 382 5242 9187 6941 6862 1065 9054 8057 3838 8655 745 1852 1995 3662 3872 1094 6044 4403 4886 1965 3800 5530 8174 534 9700 8487 1678 2260 4905 6073 780 2255 1550 7871
5997 5847 7318 2403 3686 8687 6294 8929 8082 5979 8797 4607 305 7999 6870 5826 2933 7121 5421 2193 8898 571 3646 453 6750 6949 7736 1963 3590 6543 2181 2022 7254 7191 7627 5924 1781 1448 8118 89 3640 7594 3449 7463 7681 9932 9644 1447 9208 7200 4217 586 8044 6567 8126 7524 7783 6832 4194 6934 8564 6538 4263 5045 8955 9802 4757 1794 9253 3598 3599 4787 7697 5617 7930 6094 8427 8606 8414 6709 2577 1347 2896 7642 2857 1010 827 7344 9244 2343 7294 6561 5606 9111 9287 1710 1470 8060 8588 1302
5017 5675 4684 7499 9000 547 7194 6071 7850 8682 8234 4145 1726 9894 2745 8426 4681 6422 7638 2281 4589 3173 5460 7497 9427 7189 7914 3857 512 9391 5285 3245 8459 9967 2030 3750 3067 1429 1939 7895 4732 9843 2467 8697 6221 276 9545 7015 9143 6033 814 2219 4209 2276 8854 7837 6416 6095 8913 399 113 9404 4534 8216 4050 1608 4264 1092 2141 9398 9447 7799 8381 2197 5003 1453 6692 3733 9898 4242 958 5452 9131 8878 1608 8849 9424 5813 8223 3973 393 2885 6071 8091 7209 8573 3712 8011 2536 7967
387 5850 7512 5762 5714 5889 3126 3990 8524 8844 369 5745 7101 5493 2008 9608 7538 4184 7900 5875 6770 1041 470 8785 5302 8137 1614 7884 3944 1985 8183 445 7821 1567 625 559 6125 7059 7562 210 3065 771 1801 8564 3162 1893 9293 8095 4943 838 9656 5287 8756 2043 147 6603 6806 2585 8559 6436 9177 9798 7154 2043 2869 4916 4485 9597 5340 6727 8991 7948 768 4511 3191 6778 5701 1232 2937 2773 8436 7788 397 6890 9024 6354 4950 8310 6537 820 6648 7871 3347 8112 7488 3371 3163 9527 6559 4257
63 5040 3717 7288 7997 5085 191 8007 7106 1961 2486 5176 280 9759 678 6187 9701 1911 6043 5747 5732 5209 4946 6351 548 2354 4557 8636 8624 9872 9404 9999 462 9025 7541 9605 5295 8470 4787 6073 6791 4661 2220 769 2599 3434 5943 5661 7321 8018 3560 7085 608 5087 1839 5542 4848 7326 2730 8553 201 1096 4821 4473 5791 7697 8214 6046 4955 2347 5638 9932 3326 2383 2570 5882 96 3545 5803 8012 2595 4595 8890 3749 3000 6103 8203 179 1909 8561 5237 2658 197 6756 5402 2067 5706 7503 5629 5011
9492 1558 5158 6866 5145 710 6232 1591 2830 2159 7152 7439 8538 3538 3078 240 2490 5361 6969 9417 2560 5500 2269 6175 3160 9275 301 6184 1418 1476 3118 4592 5149 758 9059 7454 8782 6862 6695 9334 8909 7111 2904 2084 8410 4932 9385 599 1596 4577 5805 294 139 402 9454 1948 6412 9237 1823 6939 2010 7653 439 9152 6636 4162 2312 7945 6001 865 3178 1942 7275 9816 4947 1168 1696 1963 9477 2499 6091 8380 521 5064 4607 8176 3600 5988 6141 797 372 2800 9565 7304 7028 2260 3738 9507 6816 4357
6662 7484 9293 2238 9147 4161 7897 9022 8361 3511 11 7612 1662 761 3317 7125 6496 5800 3583 510 3502 8206 4646 3392 6785 7374 8186 2979 1248 8396 8419 8180 6004 2663 1990 1393 67 9408 1755 7389 9391 1781 7848 9834 3054 2301 5199 3326 4386 1565 2616 6606 3192 8001 9709 1765 8207 7095 746 7442 2704 4187 430 1752 4504 8106 5078 7209 2158 5175 7907 8098 1823 1450 8745 8310 9024 6033 9087 7723 6586 9877 2723 3675 7221 9874 5277 621 6567 943 8908 1664 9474 8056 4783 6776 7386 612 7208 5896
8565 8634 4542 6300 3698 9908 7969 3328 3769 8379 1526 2493 6594 2154 2470 1464 7142 1318 8229 870 2233 4816 4606 337 6649 5295 6535 1532 679 4381 3925 96 6858 9453 6856 3466 5149 2559 2618 1928 9854 2964 7825 4115 3369 1312 1836 2074 2225 4712 2831 9600 3718 5184 9045 1528 8104 3128 8608 398 610 8930 9656 3611 1014 2583 5754 9051 8551 97 9418 8343 561 2538 7698 6497 8892 9376 8730 9923 2635 5418 5397 7899 5860 5997 6228 7178 4539 9786 8063 8729 5573 5422 1269 6270 1369 2373 3386 1215
3980 4523 5051 4770 6448 5311 6550 7787 174 4068 2304 350 5356 1968 7363 5366 8368 8540 8747 6384 77 5938 4906 5815 1518 1034 1403 2109 1913 3907 7129 1443 9018 2465 6358 3942 3603 7095 6200 7274 206 204 7255 2875 6869 9528 1030 1758 8975 4993 5028 1286 7818 3052 4237 3963 1037 4154 4570 708 6215 4891 6739 2344 7322 5855 4981 7571 316 1926 9773 313 2641 6700 1270 7449 2450 424 8988 4553 3969 2776 9370 924 1625 1219 9273 4121 9391 56 3237 881 3760 3030 7483 3591 2231 9363 7080 4600
7024 6504 5936 3956 7317 6249 1095 3378 2265 3737 5099 6075 7147 6938 4045 653 4246 844 4124 2660 8710 2547 5610 548 1996 2940 4883 8360 5063 9548 1220 8291 2993 4873 9216 5650 1399 8830 3407 9952 5670 3723 2864 3935 2910 7375 5728 8215 3019 2382 5930 6986 7898 8596 8844 8275 813 2601 2884 5151 2486 1145 6317 1231 6147 6802 7949 5382 9143 4388 354 3480 4206 6576 5154 1285 5606 7163 4824 2137 4109 2642 720 1970 8861 6190 5666 3191 7529 9196 619 8516 740 5155 827 7239 2916 7249 2747 3242
1334 6869 9387 2983 7385 1932 3185 128 7069 1860 6825 3103 7819 682 9538 9419 6514 9163 8148 3194 2531 9294 6583 1888 1179 6802 9947 4436 109 6487 8590 7719 8919 5898 8158 9374 9542 1234 4984 4869 7411 7683 3207 2848 2573 7686 5475 9550 9111 5599 151 5113 7650 4017 5023 3555 8809 8827 9044 9310 9083 21 3254 6478 420 2282 4703 1966 5643 2645 3054 7213 3071 6806 8827 9406 9392 7817 827 3568 9308 8444 222 7434 9040 3205 2532 7685 1175 5722 8623 1128 1856 5951 5936 6508 9125 4996 4904 391
1490 3293 7123 1843 9378 4131 1879 657 6993 4178 2895 6437 2152 3418 4206 8995 9022 1593 8785 3712 4176 9519 1126 7202 5902 4270 3772 8712 826 60 4118 7933 4167 7397 4592 6184 6842 372 6013 5808 1528 350 5437 6242 7866 1083 5757 7840 5525 4491 3045 6930 7386 2510 4927 7857 8381 6464 1228 5898 7270 1425 4295 1249 6720 520 2986 7754 5127 875 3953 2447 5731 4539 4364 1514 7443 9770 6357 8717 7930 346 9059 2833 5371 3401 3992 5851 399 1820 6579 3424 9561 8634 4659 1428 5730 4619 4234 5368