50
783 1326
162 1332
500 5468
865 1009
967 2929
550 1354
958 9016
551 5575
162 1435
368 1638
324 346
685 1012
930 3387
257 887
55 3105
495 3355
965 6240
794 1166
652 3004
803 1097
560 7060
936 1796
972 1487
144 2520
534 8210
435 4203
141 2767
598 7654
306 1782
319 6065
326 1936
818 2841
349 10477
594 4640
446 1510
347 1631
919 2137
895 9589
309 705
133 1321
505 6669
752 5886
496 3956
288 11004
87 3607
740 7219
470 5410
522 1042
483 2805
584 5207
16 100 22 17 49 13 28 12 36 50 4 18 22 43 16 33 43 44 48 2 3 46 21 5 16 8 2 44 11 24 14 33 4 36 1 47 17 17 36 47 43 35 15 44 12 32 42 8 45 35
5 40 40 1 27 100 20 20 23 27 19 43 25 4 42 29 19 27 10 43 9 28 16 15 48 11 47 31 44 1 15 14 1 23 14 35 33 36 24 15 15 15 22 11 49 16 10 27 17 4
17 17 29 9 43 12 14 100 36 32 23 40 21 21 21 18 15 4 24 14 26 5 10 40 46 16 27 13 47 29 28 15 45 44 49 1 46 26 48 21 24 32 11 25 44 50 41 4 1 22
3 46 41 7 8 3 28 34 23 46 40 100 37 50 50 1 34 10 39 21 21 47 27 32 10 3 33 24 10 25 43 11 43 50 16 44 9 37 12 9 21 4 43 6 34 50 9 37 32 20
17 3 1 25 48 15 12 3 40 13 48 32 2 27 49 10 3 14 100 22 37 33 41 48 39 24 46 48 33 10 13 44 17 16 7 14 28 10 46 39 32 3 28 46 39 41 11 45 12 39
4 33 16 11 21 27 25 4 100 6 36 20 33 40 31 42 26 2 42 50 15 49 25 10 19 29 38 44 26 12 32 12 5 39 26 37 49 41 13 5 31 6 25 50 18 37 29 40 32 5
26 6 12 36 17 2 3 25 34 47 6 4 22 28 21 3 38 31 5 33 21 11 34 19 17 3 11 41 18 13 37 46 32 9 42 14 41 100 11 8 24 22 38 24 23 33 1 5 39 38
48 33 21 2 29 13 50 3 8 10 33 27 47 17 50 13 9 21 30 29 40 28 49 36 41 17 29 15 20 26 31 38 23 5 26 46 39 22 40 39 22 100 3 11 25 22 5 19 34 22
16 24 6 37 14 38 42 16 29 18 50 21 36 46 39 48 46 48 37 30 44 17 100 32 42 22 16 31 26 30 31 41 6 29 8 44 14 23 48 1 2 45 47 34 31 14 23 16 1 35
8 2 31 19 18 46 30 19 21 28 7 3 50 4 1 13 29 17 21 13 14 20 41 45 38 45 15 32 100 30 7 17 17 16 27 46 28 38 32 48 12 22 36 50 20 2 16 17 15 28
24 41 2 47 2 7 20 48 25 40 26 32 34 37 22 45 40 17 27 30 30 2 11 15 49 17 35 6 50 36 42 11 32 41 31 4 18 14 100 5 16 28 17 6 31 3 23 48 30 23
25 2 30 19 13 7 47 44 42 13 6 47 45 40 34 33 3 7 13 22 42 14 13 14 40 1 1 31 49 14 6 3 33 23 1 28 7 8 18 24 44 14 30 26 17 34 45 100 40 24
29 12 40 12 32 41 37 3 50 38 6 32 49 1 10 22 32 38 28 14 25 37 31 2 30 1 25 44 8 28 27 26 23 47 30 33 44 28 28 35 32 20 37 25 100 16 18 18 2 18
33 48 21 100 20 40 44 32 23 13 10 43 18 15 3 10 1 18 27 20 16 28 34 5 8 36 23 23 35 17 9 11 12 40 34 50 50 20 18 44 46 32 3 8 46 46 48 24 26 14
42 28 31 8 4 7 2 20 15 9 29 39 28 28 29 100 15 38 21 6 46 14 14 20 29 43 28 25 16 26 14 50 31 45 17 40 8 32 49 14 14 37 13 13 28 8 45 8 16 21
8 18 41 20 41 4 46 11 10 50 16 16 100 19 4 41 47 5 35 36 20 26 45 16 4 26 5 2 25 1 13 36 39 45 33 49 7 37 16 42 36 46 28 21 26 15 15 42 21 47
16 10 21 6 14 29 15 36 42 43 6 43 37 1 13 41 45 24 42 4 11 10 6 50 2 17 33 4 42 26 45 29 32 33 24 48 14 39 20 22 100 42 7 24 11 18 13 46 33 44
16 45 35 14 19 37 50 42 31 35 50 29 45 6 7 47 39 7 6 3 5 32 45 20 28 28 6 29 36 43 10 48 34 30 41 1 38 19 2 100 42 7 39 6 22 31 8 6 34 14
6 24 29 39 33 30 30 22 12 40 48 32 47 22 100 11 44 7 40 35 2 4 2 16 37 16 32 15 31 11 37 27 32 22 50 2 34 32 1 35 39 43 25 29 46 46 47 50 47 21
7 10 15 2 31 41 39 7 45 6 39 43 3 9 50 34 42 100 31 44 35 10 21 16 3 24 26 27 13 29 18 4 29 25 33 50 45 39 6 21 7 36 12 41 35 7 1 29 14 19
9 11 24 24 21 1 8 34 30 24 16 10 26 50 33 33 3 23 35 30 42 23 24 4 43 37 38 32 11 49 36 23 10 24 45 4 19 9 1 24 35 37 50 16 39 100 28 22 5 38
46 23 16 32 15 32 11 40 27 42 32 6 17 35 34 19 17 40 49 18 14 35 2 25 29 43 33 10 30 16 100 4 20 31 18 1 2 26 27 30 43 30 1 21 25 11 37 28 2 14
25 25 4 10 37 19 44 35 25 43 38 23 1 10 21 42 2 12 46 17 13 35 21 28 20 39 43 30 49 3 37 10 43 17 100 20 43 40 15 22 20 45 19 19 35 7 38 30 40 33
25 12 35 6 29 48 46 39 7 50 16 3 31 25 2 20 16 14 23 44 3 46 7 17 22 32 100 45 26 34 8 1 9 38 6 49 38 24 17 26 28 46 14 39 17 50 26 46 24 8
39 31 18 42 47 10 100 45 37 37 29 34 6 12 11 29 22 40 42 14 5 2 38 35 18 3 13 36 13 13 11 23 10 12 46 31 21 36 5 37 40 42 2 21 3 4 25 50 33 28
34 3 39 29 13 7 35 33 26 4 49 47 4 13 28 45 23 17 44 24 44 4 23 2 43 4 34 7 1 36 46 1 30 100 36 36 46 8 34 5 50 27 9 37 45 27 23 12 46 35
39 19 27 26 9 10 15 45 27 36 41 13 27 47 38 16 39 6 17 36 37 47 1 44 49 26 45 32 19 36 9 17 45 13 33 42 32 32 32 14 30 7 10 12 24 43 21 5 100 44
9 42 6 4 41 29 16 9 48 2 35 45 47 15 38 42 29 26 23 33 5 16 19 13 100 39 20 28 20 14 39 46 27 39 24 5 49 2 28 23 8 25 5 10 17 29 11 47 8 38
21 19 35 31 19 50 47 4 31 32 12 39 9 9 50 21 27 24 14 3 38 100 26 31 33 3 31 9 37 47 34 2 37 42 10 24 22 14 50 38 19 12 2 47 43 19 13 21 48 50
47 13 31 18 6 19 22 50 14 19 24 6 46 37 45 40 100 15 10 37 20 44 24 49 38 9 25 36 6 8 1 27 20 7 7 20 12 17 28 40 14 42 12 23 26 30 16 3 9 20
15 32 28 6 29 34 12 31 31 9 5 14 31 18 41 47 42 41 22 20 42 38 19 28 47 35 21 41 27 8 41 26 22 31 11 12 100 9 46 6 18 47 7 44 18 40 17 41 37 16
37 39 37 5 100 34 20 29 34 16 41 39 19 40 10 28 23 17 30 24 19 15 45 1 13 13 43 39 10 24 22 8 46 50 39 33 34 39 36 30 20 50 10 18 11 46 10 1 44 31
23 7 19 30 47 34 39 33 28 10 5 24 6 43 21 6 12 24 41 32 24 44 41 45 41 30 11 50 28 7 9 12 7 37 10 21 13 12 38 20 27 46 5 100 24 12 6 24 16 24
46 15 6 38 48 19 7 48 31 46 15 30 7 21 34 14 46 7 49 7 49 48 8 12 48 21 43 44 7 30 28 22 18 19 49 45 37 49 8 8 43 14 49 19 10 29 32 15 42 100
49 35 7 14 39 32 10 24 21 42 39 18 5 4 27 6 10 39 16 13 37 41 18 24 26 22 6 26 9 1 25 11 40 27 2 100 7 36 44 13 7 35 39 23 38 39 15 42 32 50
11 50 38 18 18 35 50 7 43 100 44 23 33 15 39 27 23 8 20 5 50 41 13 31 28 36 10 43 45 21 39 23 44 13 49 50 48 17 17 10 35 17 47 43 12 22 37 1 44 11
31 29 17 23 44 6 48 7 28 35 18 42 14 27 18 29 14 17 13 12 21 3 15 100 14 47 20 14 22 26 15 21 20 27 7 2 35 36 22 38 32 31 29 24 21 38 22 1 36 37
29 50 38 3 1 39 13 20 49 2 8 10 9 39 40 35 9 7 24 31 23 24 36 29 39 1 30 47 44 30 14 11 100 27 19 10 4 3 8 37 16 28 18 50 17 11 26 23 23 22
27 40 10 39 3 17 14 25 36 4 14 42 16 100 17 50 19 47 6 50 34 21 17 47 33 8 35 48 37 49 10 48 38 4 28 28 8 22 4 15 48 18 44 45 27 6 41 48 39 39
100 47 28 4 7 17 47 15 42 39 38 14 13 50 34 39 25 39 28 33 14 28 34 3 14 50 30 34 6 18 48 16 25 46 28 12 19 6 44 17 22 2 43 22 5 30 22 29 40 16
46 15 44 45 16 6 1 32 27 27 26 6 40 50 47 43 22 5 49 12 100 50 12 20 24 17 13 44 29 9 50 19 44 30 32 6 10 34 43 32 5 30 47 1 49 22 21 38 28 21
35 35 42 6 39 40 16 38 16 42 34 42 21 37 22 3 4 23 21 50 17 44 6 43 1 40 33 36 19 100 7 14 23 4 15 49 20 44 39 11 37 27 25 38 20 8 36 30 33 43
36 18 48 3 15 38 6 42 4 2 17 35 31 1 23 24 43 40 23 11 47 25 20 40 21 100 44 24 40 47 1 45 6 26 29 17 48 39 26 41 47 28 10 36 48 14 5 8 6 43
41 22 45 45 44 40 1 3 33 48 28 4 28 21 47 27 22 15 15 29 11 38 22 4 31 14 29 7 27 48 30 46 39 40 14 49 18 42 26 31 13 22 49 45 15 41 30 33 2 4
50 16 11 46 44 6 22 41 31 30 4 46 22 18 29 44 43 22 19 12 37 47 12 21 6 43 22 1 2 29 13 16 41 15 14 21 44 26 48 28 21 21 100 28 10 1 46 39 49 24
47 28 45 17 28 23 15 40 50 34 48 38 23 20 29 20 45 33 9 6 25 50 41 44 35 26 19 100 46 48 31 46 16 31 20 19 23 35 13 22 13 14 11 14 34 4 36 46 49 10
41 34 100 42 44 25 15 27 21 20 17 18 2 23 33 8 25 39 42 49 25 43 3 26 23 17 7 21 29 18 33 27 5 38 20 13 18 21 3 19 41 31 47 47 46 44 36 19 3 21
2 37 19 25 4 9 49 27 3 47 29 41 21 26 1 42 27 6 30 100 40 14 27 17 14 5 30 46 11 3 20 35 30 19 40 21 43 7 19 43 37 1 48 38 20 18 45 3 38 27
38 15 1 41 22 43 12 6 33 32 31 33 5 11 46 49 7 14 45 28 43 34 4 30 25 41 17 16 15 41 43 100 3 37 5 39 39 5 29 38 30 22 36 15 15 10 31 26 19 26
1 20 16 33 39 41 34 42 49 31 37 6 35 40 47 3 35 41 33 16 22 1 21 36 17 17 34 10 16 41 11 1 5 41 35 44 49 12 24 9 42 32 35 43 27 24 100 15 4 35
