100
586 2557
462 1567
235 14843
498 10744
222 6358
627 3877
661 3881
173 4697
107 1051
11 11
59 14762
89 10593
523 2298
924 1031
652 3460
456 22076
57 13077
697 9095
907 6923
266 761
31 4999
467 12875
276 690
1 3916
31 1375
408 750
796 4808
271 6502
138 1638
809 15003
582 8678
356 465
189 4654
44 377
930 1514
769 2029
682 1370
502 5822
579 4305
350 9299
718 13885
3 5250
367 11677
466 18626
901 5742
352 9166
154 1934
210 2082
436 9686
980 3372
682 1906
357 462
39 20531
759 17608
438 1758
364 2416
529 8997
434 7922
504 13016
724 12132
788 9967
928 5938
798 7182
46 1207
211 2269
729 2140
526 6530
336 8624
393 6198
921 921
429 19833
128 3968
496 1596
572 15450
941 1097
458 8632
765 3762
748 1622
877 3853
724 1588
214 2461
480 1844
507 1172
247 4277
623 5463
771 17259
180 180
274 734
138 7094
420 2646
130 4576
625 2737
654 5834
466 538
244 10384
151 7531
478 3102
398 11006
251 19571
749 1262
49 19 50 38 10 12 39 36 46 19 16 25 20 28 21 41 13 31 37 18 24 13 35 46 1 40 12 25 24 29 41 15 17 12 17 35 8 30 6 15 31 8 47 21 7 23 35 18 43 48 36 8 19 17 7 23 27 2 37 9 16 20 25 15 22 4 12 9 7 17 35 37 13 39 40 2 32 34 23 47 8 28 40 22 41 9 46 38 21 100 42 27 3 3 37 24 39 27 27 19
2 8 47 19 9 9 41 48 28 17 41 39 7 38 21 18 34 33 40 49 15 5 28 45 1 27 20 50 34 11 29 30 41 9 32 16 35 40 43 29 29 45 2 43 23 46 11 32 37 46 15 11 29 22 20 14 9 34 9 31 9 27 23 21 21 5 34 6 15 50 34 30 47 28 18 35 50 28 6 100 40 24 9 45 24 2 26 1 26 8 12 3 13 17 29 14 22 1 49 37
2 28 6 26 33 28 32 1 41 18 44 42 5 18 15 14 8 33 15 47 12 44 31 30 43 4 47 27 27 100 7 6 15 47 34 32 12 31 40 44 26 46 40 12 8 16 36 47 31 42 25 24 9 26 11 18 9 9 36 24 49 33 9 45 3 32 39 49 45 31 43 37 24 45 33 27 26 4 17 36 32 28 40 2 35 46 27 2 21 12 42 45 9 50 50 47 2 24 43 10
24 10 15 4 16 45 27 44 48 17 29 4 49 9 2 14 14 8 33 26 21 29 38 5 8 12 12 39 50 45 18 5 20 37 44 23 11 7 50 13 21 50 42 2 30 45 41 34 27 32 8 29 38 23 1 43 12 30 15 17 34 13 2 4 33 29 11 47 6 46 10 1 41 31 13 31 3 16 39 15 47 37 16 5 42 32 49 31 48 23 3 39 39 44 31 5 21 100 41 11
50 18 20 12 17 45 14 30 38 7 29 2 32 5 31 21 4 19 24 14 21 43 30 6 19 1 34 100 8 29 49 16 11 48 3 12 2 33 14 16 33 25 42 18 27 47 31 42 3 46 1 22 37 49 27 25 34 20 30 21 1 32 40 26 2 43 34 21 1 41 45 31 35 22 40 8 19 28 45 18 47 24 39 6 2 41 25 22 6 1 6 48 13 20 27 26 8 33 44 13
14 36 23 18 46 44 100 39 16 40 22 22 33 22 20 34 28 33 27 44 25 31 38 8 14 15 39 7 41 35 25 36 42 41 16 39 50 32 39 24 8 7 32 45 34 3 49 13 6 33 39 48 45 50 32 15 35 45 35 46 4 44 30 15 27 48 42 36 13 41 33 29 50 4 26 45 46 11 7 33 39 25 39 30 17 12 39 38 8 45 1 34 14 40 29 11 32 41 48 13
45 42 47 31 1 43 2 35 38 35 13 30 35 12 50 50 35 38 49 50 5 32 32 100 19 7 8 44 17 22 48 50 41 28 37 47 25 29 27 17 15 25 25 1 24 2 44 46 13 33 49 38 27 39 21 31 35 11 39 13 4 39 33 19 3 31 17 50 5 36 38 46 7 20 22 33 17 12 31 30 4 11 3 36 2 2 4 4 14 35 34 49 3 20 24 47 5 23 50 42
48 9 1 29 29 50 48 3 15 32 35 6 38 27 18 45 45 1 32 4 43 27 34 10 6 33 100 49 5 41 50 50 4 23 44 28 49 29 45 48 46 29 23 22 44 21 44 3 28 39 8 33 3 7 34 46 7 20 48 26 11 45 4 21 8 48 39 38 22 45 24 25 1 15 13 48 3 35 13 16 20 50 25 30 45 13 7 36 7 7 9 28 7 10 14 31 4 20 1 31
25 41 5 6 21 38 15 29 31 37 48 33 49 33 37 5 44 50 21 14 20 31 49 20 10 2 47 48 18 17 34 9 38 19 23 31 46 28 44 36 8 26 38 46 13 20 11 13 22 23 2 25 38 46 18 41 27 47 9 42 24 8 12 44 32 48 37 8 50 16 13 23 23 23 100 40 27 29 27 39 47 17 45 25 46 46 31 34 34 11 19 26 34 49 7 18 28 35 7 50
49 26 29 11 40 22 33 17 34 32 18 45 38 8 42 7 33 3 14 19 43 19 44 7 32 5 19 16 20 49 16 7 21 7 8 39 11 10 23 5 48 44 36 9 23 46 28 32 15 11 49 40 14 15 46 5 14 1 33 28 6 6 27 12 38 3 12 31 50 5 27 39 46 6 45 21 23 24 44 10 36 42 2 33 46 33 100 48 11 12 30 2 14 5 8 22 21 46 7 8
5 10 100 16 20 1 22 45 30 36 19 15 22 10 6 33 21 43 47 41 34 42 2 7 19 40 41 32 31 34 47 46 2 29 29 48 20 24 33 48 21 15 26 30 35 36 12 3 35 34 29 45 26 4 48 6 25 1 3 41 11 23 41 32 1 3 41 5 26 27 37 5 26 6 38 34 50 48 2 33 35 42 16 14 5 47 26 9 33 50 21 43 21 34 10 18 30 29 34 16
32 16 36 100 34 18 19 2 46 16 13 7 9 23 22 48 35 19 5 38 27 26 3 42 25 38 34 48 6 25 30 50 49 36 46 31 5 6 10 1 39 32 46 4 40 42 31 41 2 21 31 50 7 2 8 35 40 22 18 29 48 42 38 8 48 35 49 2 25 42 22 25 7 45 7 49 17 27 4 31 25 4 28 5 28 32 19 14 19 48 33 39 19 29 42 24 34 48 20 2
43 24 43 44 8 32 19 7 3 15 38 41 21 18 20 36 16 28 13 46 27 32 8 38 32 34 45 25 22 10 4 15 42 50 39 48 22 43 14 28 38 43 16 3 3 19 43 8 49 32 43 34 43 24 43 100 20 50 17 27 38 41 1 27 14 15 1 6 23 8 41 26 35 29 12 40 26 20 49 9 4 22 22 27 31 42 26 29 16 41 11 10 20 3 2 25 29 33 20 33
17 13 4 8 13 38 17 17 100 13 47 23 7 29 34 12 17 50 10 1 50 19 48 45 14 8 3 3 37 23 29 38 10 8 31 22 49 44 43 25 31 10 24 8 10 21 31 11 46 48 25 2 30 38 49 15 7 1 17 11 10 22 35 11 9 2 24 36 37 27 27 48 37 13 42 23 45 50 9 19 48 27 44 46 48 40 50 12 23 30 8 29 24 48 30 39 43 33 44 48
14 45 44 4 30 28 24 2 30 17 29 27 49 18 16 31 26 31 24 18 16 9 32 30 9 15 1 34 41 38 20 20 6 3 35 1 37 31 42 41 28 24 32 19 42 31 17 6 26 19 16 45 10 7 33 21 38 20 32 28 35 10 35 21 16 49 5 30 24 32 8 28 32 36 30 1 100 5 7 40 26 14 44 20 41 21 37 35 13 6 32 29 19 8 4 9 44 37 20 9
6 9 18 22 41 49 19 2 14 11 46 45 14 20 50 7 9 16 19 33 4 38 20 34 22 21 45 13 34 12 36 17 10 34 40 9 9 37 34 13 23 14 8 24 12 6 7 40 38 14 9 16 47 18 17 37 12 26 21 27 45 15 26 48 19 43 21 30 44 46 44 44 31 23 39 7 23 14 20 36 47 32 28 41 48 35 2 40 40 41 22 10 23 24 4 34 24 18 45 11
8 35 29 10 34 34 17 42 50 38 45 24 39 36 7 9 34 33 34 5 11 48 48 26 27 5 31 26 19 7 37 23 26 23 33 38 24 13 10 15 100 45 18 22 49 25 49 21 38 45 47 40 4 12 41 36 22 45 19 42 21 45 39 11 31 35 31 20 35 18 40 44 38 36 16 4 30 44 43 7 50 4 31 36 31 13 7 17 5 43 1 35 11 33 18 16 5 13 30 33
28 26 31 26 41 13 33 46 38 18 12 49 19 20 14 11 29 25 16 11 37 44 26 21 33 50 50 35 34 43 43 12 18 39 46 41 24 11 41 7 45 37 31 27 21 100 43 23 16 41 36 49 19 44 7 44 40 48 11 14 27 13 45 19 5 34 48 40 21 7 33 50 12 33 13 2 25 32 30 29 35 45 20 42 7 34 18 28 19 30 36 27 1 36 8 42 37 22 44 37
26 33 33 10 3 41 49 36 7 18 50 30 29 37 10 33 37 4 3 43 23 44 15 33 27 4 16 46 5 6 4 39 25 21 24 24 35 19 30 1 12 25 32 7 11 38 49 10 17 16 16 33 38 49 25 8 34 21 43 38 3 21 8 28 39 33 24 5 45 4 38 3 30 29 34 29 5 30 24 19 14 48 28 25 29 4 39 17 100 18 40 35 30 6 46 49 26 11 12 35
6 43 19 5 31 22 45 35 50 32 24 21 46 36 8 21 24 46 20 31 11 31 37 33 3 31 45 37 3 44 2 20 36 14 5 12 19 47 35 6 12 43 26 37 13 37 7 47 19 11 8 12 47 46 45 28 44 31 33 29 2 32 22 15 20 11 25 20 40 100 23 42 35 27 5 6 38 19 2 41 28 29 35 48 11 10 12 2 43 33 5 48 38 6 2 27 2 8 13 46
47 11 22 43 24 41 13 11 1 26 42 43 6 35 40 23 29 39 19 1 3 21 34 11 24 39 33 30 33 29 1 20 2 13 42 9 18 23 42 31 29 100 22 43 48 17 19 3 39 4 11 5 40 35 24 1 23 40 5 42 2 37 45 7 44 17 22 26 40 17 41 45 10 44 39 44 18 11 41 30 32 21 14 35 39 18 19 44 32 1 42 36 34 40 4 9 15 21 3 8
49 18 13 11 46 36 7 39 26 43 2 4 20 14 38 39 50 21 21 43 16 20 37 22 42 30 28 45 47 11 19 32 17 44 10 24 32 12 28 33 18 50 7 48 14 27 16 32 13 38 7 29 48 48 22 13 50 29 100 32 37 9 50 22 33 9 5 34 9 45 36 8 4 17 28 7 1 13 26 13 10 30 25 21 39 22 26 45 7 17 15 5 17 15 43 44 43 38 31 44
13 4 25 46 43 25 7 32 20 14 24 23 18 12 15 1 20 21 49 42 3 15 17 43 9 2 34 47 32 23 46 44 17 14 30 33 12 50 25 5 16 46 40 37 13 35 1 5 37 26 36 6 44 46 36 6 22 6 4 11 22 14 49 20 5 36 2 26 26 21 46 19 24 42 20 45 38 14 38 26 4 41 26 12 44 9 7 100 11 49 34 37 30 1 6 35 38 36 8 49
13 5 36 6 47 24 17 8 16 40 33 39 6 28 20 18 22 17 48 32 9 41 28 47 6 10 35 11 49 43 27 30 42 6 36 10 6 32 26 11 39 49 44 49 25 37 50 37 6 6 5 16 23 11 37 34 31 9 1 20 19 30 33 44 12 31 6 32 1 8 27 100 1 44 41 44 11 19 9 29 46 42 45 6 23 32 48 39 10 29 39 50 24 13 45 20 42 25 14 29
42 18 15 32 35 49 26 12 5 33 23 39 31 32 33 13 26 27 12 42 23 43 44 38 13 28 2 19 6 10 6 10 17 20 100 44 43 45 5 36 13 48 7 34 44 20 8 35 32 21 37 32 13 45 26 47 26 13 29 5 1 5 37 20 39 2 50 33 43 10 18 47 33 26 1 17 14 42 33 23 4 2 12 18 9 33 14 23 17 40 50 18 42 21 36 31 16 39 13 18
36 5 17 27 12 47 1 49 20 40 40 4 24 14 48 15 9 10 23 100 33 31 50 32 34 32 8 38 4 21 1 48 46 24 26 6 4 27 23 24 45 46 46 22 13 7 34 15 43 17 40 30 25 30 32 19 9 49 32 33 17 45 47 29 45 14 27 22 13 15 47 13 3 44 44 27 36 3 23 46 14 9 9 46 9 23 46 30 46 22 36 13 28 45 2 48 40 36 25 10
21 9 10 15 4 22 5 32 7 5 35 15 47 28 49 37 17 39 32 16 100 21 15 11 38 26 29 30 7 50 14 22 44 23 17 46 9 38 36 36 36 26 17 36 22 25 15 10 6 48 3 36 34 1 27 9 8 7 42 23 14 14 16 11 48 12 31 29 12 25 8 42 3 17 6 14 19 50 4 41 45 37 2 47 46 9 21 47 43 25 3 37 41 39 1 28 23 3 47 48
26 21 25 22 25 33 40 32 33 50 39 4 11 15 15 16 12 39 11 39 47 35 22 12 48 29 50 22 28 15 22 33 11 27 45 29 13 21 38 33 44 8 18 37 46 35 49 47 43 22 49 18 39 43 29 22 7 1 18 30 20 49 9 45 38 1 100 46 35 47 13 45 43 5 43 7 17 16 2 23 17 44 50 38 28 36 42 42 11 20 45 33 38 44 42 38 6 37 38 21
39 47 20 48 46 15 5 1 22 39 29 48 2 8 21 24 50 21 45 38 12 48 24 33 27 34 50 11 14 50 33 24 26 11 39 45 19 15 27 6 16 45 16 10 49 8 33 11 27 9 25 14 32 29 100 6 45 20 32 27 6 1 43 5 28 12 23 50 41 4 4 43 24 32 48 17 27 11 50 49 50 30 20 45 35 20 41 17 13 1 14 40 1 6 2 3 17 46 15 38
25 13 45 40 6 34 25 18 16 7 28 44 7 28 16 20 4 7 38 34 42 45 24 20 14 9 1 32 32 44 43 48 49 40 39 30 31 17 11 32 38 13 25 48 38 49 30 28 33 39 28 16 25 23 6 3 13 12 35 23 4 29 2 50 32 41 17 43 41 23 38 45 37 100 5 16 3 9 8 8 43 6 6 36 20 25 35 8 15 37 28 39 29 25 46 5 14 27 42 42
32 39 29 14 8 23 13 33 5 7 23 21 28 11 19 39 25 38 38 41 24 6 50 29 18 27 48 46 37 30 32 39 4 33 45 45 45 10 27 9 15 47 5 15 8 15 5 44 10 21 38 15 19 25 6 4 100 10 24 8 4 1 47 39 38 24 8 31 21 32 50 44 30 32 17 4 14 26 36 14 11 15 16 45 32 22 13 10 34 23 18 23 42 29 48 22 6 10 7 12
13 41 28 46 43 16 47 42 17 6 34 41 6 9 33 35 24 34 20 38 15 44 19 23 27 26 21 25 31 36 42 31 30 39 3 9 36 29 42 28 18 48 10 5 1 43 37 10 1 50 43 35 38 21 33 44 26 45 4 28 18 1 26 25 2 6 9 36 6 35 14 45 43 43 18 18 9 7 17 45 6 36 19 15 47 31 18 18 47 34 39 2 37 100 44 41 17 26 11 43
38 50 39 23 23 7 26 100 39 7 11 33 41 20 10 28 31 31 3 17 5 34 3 36 29 40 3 1 29 4 19 13 5 40 35 49 22 42 38 10 12 20 25 34 16 15 48 19 9 8 39 39 42 2 16 4 40 22 18 14 40 8 8 38 50 18 45 34 23 15 24 9 47 47 17 19 9 50 9 13 24 41 43 7 4 18 49 42 12 42 35 47 3 37 4 30 1 34 27 14
30 3 27 27 29 46 24 28 11 1 24 11 49 5 22 45 17 46 44 24 7 49 8 45 35 12 40 41 9 32 50 37 32 50 26 7 48 14 4 46 35 18 39 13 6 25 42 49 32 4 7 100 41 43 19 41 13 1 46 25 22 5 1 26 13 31 46 11 3 11 47 14 16 14 35 5 43 41 4 35 22 12 20 30 3 43 37 7 10 42 10 49 39 30 42 21 13 23 50 42
50 100 15 20 14 3 22 29 48 6 8 50 6 43 50 40 31 38 37 33 42 38 34 34 46 36 2 49 7 24 23 41 19 46 19 48 49 1 21 12 46 3 28 31 49 36 28 13 22 3 13 11 1 42 2 1 21 20 35 35 32 10 17 6 43 12 35 24 32 8 17 22 49 29 49 6 4 27 37 45 15 4 9 12 26 50 29 29 3 13 40 32 41 1 20 26 17 43 1 12
16 50 8 41 22 4 28 22 32 5 39 7 23 29 43 25 2 16 26 14 42 30 24 5 21 17 7 2 2 7 32 26 34 49 22 41 3 32 46 44 39 8 31 13 26 40 35 100 47 12 37 32 28 16 19 43 22 6 26 1 40 15 39 37 9 28 11 46 5 45 21 4 40 21 8 46 21 33 50 18 48 24 32 23 22 46 10 19 37 2 5 13 12 14 21 46 39 4 42 45
4 40 38 14 1 30 2 17 48 35 29 4 31 42 29 20 14 20 22 41 8 19 15 40 100 32 6 15 4 28 27 1 19 31 43 34 9 32 36 35 23 11 18 2 13 6 32 28 47 8 48 8 47 49 24 13 21 46 31 22 40 26 37 7 46 6 40 9 12 25 24 45 40 11 49 45 15 42 22 36 46 50 32 6 8 47 2 32 34 24 9 7 42 29 23 46 42 38 23 30
37 23 22 3 49 12 8 12 12 37 6 15 25 18 33 47 50 47 7 38 7 23 11 31 25 18 7 38 28 5 26 29 1 10 49 18 1 35 19 44 24 41 27 21 47 20 50 7 7 18 40 18 33 46 16 31 26 29 31 29 19 32 31 27 36 34 28 13 48 15 25 22 35 24 6 34 42 31 10 44 2 49 16 22 1 39 10 2 7 40 48 17 100 50 21 32 17 44 43 8
13 41 7 19 39 34 48 16 18 40 30 30 15 3 23 34 35 40 20 13 23 41 50 35 45 30 1 30 4 34 20 10 34 7 9 9 35 24 6 8 39 48 28 10 37 6 19 48 49 27 48 25 48 7 21 50 22 20 10 43 45 48 25 46 25 26 36 16 17 36 36 46 44 13 2 30 17 31 44 31 31 19 39 47 6 21 15 29 29 9 100 7 46 48 46 41 37 20 12 17
30 17 1 29 18 28 50 15 48 36 20 24 31 19 14 16 29 42 5 18 15 16 38 13 45 42 30 11 39 33 16 32 4 28 28 26 40 41 46 8 19 25 18 21 12 50 11 1 100 23 46 15 50 21 4 40 8 19 37 28 30 30 20 9 12 13 39 15 1 21 40 23 37 34 18 28 31 27 15 13 17 21 50 46 30 18 38 19 29 33 19 6 26 27 43 33 9 20 31 30
50 11 26 19 5 38 16 10 29 35 100 30 26 46 6 39 13 36 14 20 47 11 11 29 20 39 47 18 16 25 15 24 38 27 40 8 29 13 15 13 4 45 39 4 41 1 19 43 14 41 8 30 5 46 23 24 49 23 18 32 3 49 31 34 19 42 24 36 6 34 34 24 41 27 22 38 26 47 14 9 40 46 31 13 37 13 39 25 8 44 15 40 20 25 21 9 2 28 45 18
23 41 19 20 48 38 31 42 36 37 24 12 50 34 15 24 50 36 21 44 4 19 20 40 3 43 42 11 27 40 36 22 18 43 32 41 38 25 7 35 3 22 37 50 4 13 12 36 27 33 11 4 48 29 43 42 5 45 20 40 45 1 16 17 29 16 4 8 14 16 8 22 20 28 12 3 41 36 46 50 46 15 26 8 100 34 14 30 1 7 32 28 16 7 16 29 35 14 2 5
22 14 29 44 46 27 35 5 14 7 31 36 24 50 30 46 18 38 17 7 17 13 34 43 47 8 33 20 35 47 32 2 10 6 35 13 44 16 7 13 37 29 48 27 23 26 8 39 7 44 39 47 19 13 48 48 18 37 49 100 44 50 38 39 29 3 39 21 10 12 22 6 17 29 8 2 14 37 28 46 16 33 39 24 10 25 45 23 6 29 31 7 44 8 44 24 42 15 38 23
41 31 41 33 9 1 49 23 18 40 20 26 37 25 10 14 41 9 30 40 1 39 13 32 40 9 33 16 1 24 22 45 24 5 16 34 4 42 21 27 20 10 38 44 25 30 10 40 41 21 1 2 14 21 15 1 6 34 49 24 6 45 20 29 14 16 5 4 25 38 32 36 17 49 43 38 40 15 18 36 34 6 9 17 28 28 24 43 21 16 31 39 38 33 20 14 30 22 100 9
35 12 16 25 19 31 40 22 1 1 21 50 41 40 29 4 36 22 46 40 34 45 11 16 26 17 46 9 40 32 9 39 33 12 33 39 20 100 36 4 22 48 14 25 28 30 11 11 20 30 16 16 1 38 25 45 29 27 24 29 48 29 40 23 27 8 17 49 29 8 8 30 37 5 46 14 27 25 23 32 43 10 48 50 13 22 5 15 34 44 35 45 19 9 36 30 5 44 2 36
3 39 10 42 16 49 14 40 25 25 14 37 37 39 43 10 31 34 4 20 16 14 6 20 9 36 11 14 42 20 10 28 47 22 1 3 17 41 33 100 49 26 33 38 38 10 40 14 10 27 25 44 41 36 34 38 39 49 17 22 7 22 19 32 4 5 22 35 30 29 21 15 7 43 4 11 32 7 9 30 16 48 2 36 19 37 38 38 37 10 10 32 10 45 14 17 42 20 42 33
32 30 29 23 35 1 30 49 45 4 29 24 19 25 11 3 4 49 26 9 43 21 8 9 40 43 7 49 16 11 21 29 17 23 22 100 8 17 40 32 33 28 13 44 45 38 30 43 21 22 7 11 44 28 3 13 2 41 46 34 5 3 44 28 17 18 37 1 20 1 30 16 22 1 40 12 41 30 3 7 33 41 19 35 15 6 49 18 42 30 36 25 33 1 25 23 10 32 26 27
47 15 4 29 40 18 26 40 29 25 35 29 11 24 21 46 48 45 17 27 35 19 4 16 38 11 45 1 5 17 32 8 16 24 9 28 36 2 38 29 1 20 8 35 6 39 21 45 12 28 19 39 41 14 27 28 14 44 35 16 15 16 7 22 46 100 15 7 35 26 26 31 49 48 50 45 23 16 38 21 13 20 25 31 35 6 46 14 15 22 4 16 21 44 45 23 23 46 9 47
46 6 23 36 30 9 14 40 46 28 39 24 43 31 29 50 16 47 17 28 5 24 4 9 8 1 24 15 12 21 41 11 25 45 47 31 7 37 18 18 21 40 50 8 26 8 44 14 40 21 22 27 22 40 45 48 43 24 27 38 100 1 27 40 34 42 42 3 33 40 4 8 25 27 38 20 26 12 39 3 25 44 44 19 26 34 33 5 22 16 20 48 19 16 48 19 28 6 25 24
46 37 24 17 28 39 1 23 40 36 11 25 5 10 100 48 35 48 35 45 30 9 49 11 5 17 50 23 4 42 44 6 27 34 50 29 30 46 2 10 34 6 43 5 9 37 31 9 49 27 27 28 20 34 41 21 26 22 41 25 8 23 14 40 38 23 38 40 20 17 6 40 33 45 36 2 14 39 49 22 40 4 40 44 4 30 14 42 43 1 42 30 24 49 48 17 4 12 5 30
24 21 6 8 27 41 21 29 12 22 25 44 17 40 31 36 43 35 37 36 14 37 27 12 21 19 34 14 45 36 6 25 36 42 14 46 49 5 44 43 15 3 17 50 11 28 100 45 42 37 1 42 44 47 14 41 40 4 17 33 18 18 5 22 38 16 28 8 39 12 20 47 23 39 4 29 39 47 28 5 5 21 15 17 7 20 5 31 46 2 37 33 5 8 46 21 40 50 33 26
27 39 7 42 37 10 40 18 44 17 42 46 50 29 14 2 40 3 27 50 46 34 16 24 15 24 23 48 29 45 4 100 49 35 23 43 15 37 2 31 19 48 34 47 13 26 7 12 38 1 5 41 44 49 19 32 42 34 31 43 14 20 46 1 16 28 20 7 18 12 24 46 29 33 10 15 13 46 10 34 10 20 38 43 31 31 3 19 49 6 11 47 29 16 22 19 16 7 43 30
35 23 25 39 33 34 24 21 16 4 22 48 12 46 40 100 7 29 40 23 4 50 49 20 16 17 33 16 27 10 31 16 46 29 39 24 30 25 35 3 49 33 42 24 36 1 29 23 23 3 46 25 42 3 21 46 1 43 1 3 26 4 4 44 16 33 12 4 34 45 5 29 3 50 9 11 50 24 37 26 30 22 21 31 5 8 28 46 8 6 36 48 33 26 33 35 35 14 38 16
46 6 40 22 3 33 37 14 37 10 13 41 7 41 14 30 46 9 47 32 18 30 41 6 3 14 19 48 17 42 1 23 16 44 42 40 19 7 7 49 21 20 23 100 3 2 5 25 16 19 46 48 21 6 50 13 20 1 10 2 15 39 1 17 23 48 2 20 30 11 23 21 45 7 41 26 17 38 11 43 6 16 29 13 6 44 37 6 21 38 9 14 29 35 20 46 27 15 29 34
42 22 22 2 48 28 11 13 45 28 18 42 23 48 37 27 11 47 42 15 28 17 40 7 19 6 2 23 21 36 31 32 21 39 46 34 17 14 47 22 33 4 5 43 28 23 37 5 23 32 14 6 43 50 49 12 50 43 14 21 1 20 22 25 44 2 17 35 34 45 37 23 13 46 34 29 44 3 2 12 34 100 2 35 30 24 12 1 40 18 41 19 16 32 9 1 42 38 14 17
21 49 45 12 9 15 28 4 38 47 30 19 41 11 34 20 15 32 8 31 37 29 9 27 16 29 20 49 46 43 36 47 28 37 43 9 6 9 11 38 18 43 9 14 23 50 46 10 23 26 15 39 4 50 23 27 39 19 34 38 11 19 18 7 20 39 12 49 4 33 48 29 37 23 11 36 35 14 26 13 100 19 17 50 26 32 38 41 46 44 44 2 44 31 3 47 41 45 25 16
11 27 20 2 11 32 11 16 14 5 16 3 32 50 41 40 40 100 45 15 42 4 37 22 19 15 5 49 44 45 11 5 17 25 20 23 35 7 30 41 15 39 41 40 20 46 4 18 2 3 39 47 43 17 42 19 6 40 47 45 11 24 18 9 22 19 45 11 45 26 26 23 35 48 32 15 49 13 19 40 17 22 34 35 1 11 4 27 33 1 5 4 34 17 31 9 36 41 45 28
25 34 8 42 22 1 32 23 4 36 29 14 3 8 10 11 35 31 36 33 5 7 45 28 16 11 39 16 37 16 41 46 28 13 29 49 37 13 6 13 4 12 30 11 21 1 47 17 8 43 28 5 36 1 6 46 26 50 2 41 48 34 48 19 24 18 21 100 20 14 7 49 3 15 14 10 28 6 40 47 20 20 7 31 39 25 25 11 7 44 20 28 23 46 31 19 41 31 13 4
13 27 16 40 5 30 2 3 30 10 5 21 14 11 28 39 100 14 10 24 50 7 50 27 35 11 19 36 46 5 20 28 4 32 12 36 22 50 29 46 13 27 20 40 23 5 21 12 44 46 18 12 44 12 11 36 28 27 34 36 35 17 48 9 41 15 1 36 22 27 1 16 37 23 37 49 1 34 29 41 17 43 16 22 4 25 1 9 30 46 1 49 26 34 4 11 40 24 45 14
45 44 14 38 35 33 22 13 19 44 38 29 7 29 15 9 37 19 16 19 6 100 2 17 12 30 1 25 7 7 4 30 30 5 12 28 49 1 18 9 48 12 18 2 9 2 36 23 24 45 18 39 35 2 22 11 46 3 31 50 19 35 46 6 32 29 40 12 25 29 10 37 5 39 48 48 13 15 22 11 10 4 50 20 25 24 18 21 39 13 10 27 42 23 18 39 30 37 32 37
42 9 27 31 38 18 32 3 40 37 36 34 1 50 28 48 31 12 1 17 14 45 46 20 24 32 11 48 7 31 23 32 44 43 48 49 5 12 48 8 9 5 18 30 20 31 21 4 48 48 34 8 16 35 42 28 25 29 36 39 7 18 30 38 38 40 39 39 22 37 46 36 48 12 49 7 33 48 23 35 27 22 28 26 47 22 17 3 26 21 7 49 1 11 100 42 37 23 48 14
12 43 23 20 15 11 40 33 4 47 34 10 23 32 18 40 49 38 26 42 37 39 30 23 14 6 48 11 26 45 15 13 11 29 29 36 50 21 3 22 12 5 9 17 8 22 47 12 33 4 15 12 5 45 9 40 12 4 47 33 39 30 31 1 12 49 39 50 100 45 38 47 43 38 25 11 1 39 44 48 14 36 18 47 44 38 24 2 34 20 9 15 9 50 13 4 25 5 44 16
18 38 27 23 25 33 8 45 2 45 17 35 11 40 46 49 13 3 45 10 24 47 11 40 8 28 12 10 18 45 11 4 18 19 28 23 15 1 21 11 8 46 27 23 42 18 22 44 2 39 39 35 19 46 48 16 20 47 47 28 43 5 15 4 1 29 47 24 19 17 36 13 29 33 41 48 30 34 7 17 21 19 26 38 33 1 17 12 45 28 20 7 9 42 18 100 27 46 35 33
18 43 10 16 6 26 31 11 19 17 25 43 21 44 46 21 41 12 7 24 32 41 38 38 4 36 37 29 19 2 11 36 24 4 34 15 24 27 37 41 30 29 29 48 11 12 47 20 48 15 26 39 4 16 19 13 14 12 4 7 38 15 29 16 3 30 14 37 24 38 40 48 45 39 39 45 28 40 5 21 11 41 34 15 50 38 37 9 47 16 41 28 11 10 18 32 50 33 7 100
38 26 24 34 41 8 8 22 48 4 18 13 100 20 28 12 38 41 2 39 31 1 31 26 11 12 31 37 40 39 50 20 8 10 13 5 35 39 50 18 18 14 32 45 39 44 4 4 34 44 49 45 30 39 45 19 33 12 14 28 29 15 31 5 23 25 22 23 22 42 14 5 20 23 32 37 35 21 20 45 46 38 27 9 36 49 34 20 49 37 3 9 29 4 34 7 8 48 42 42
12 43 34 28 12 2 16 48 21 28 20 28 13 17 14 18 7 25 32 28 26 36 41 10 47 4 35 46 14 27 18 13 31 35 34 34 19 41 25 27 22 16 24 17 6 48 40 42 8 47 44 20 26 46 29 14 33 14 6 16 5 45 29 11 100 16 4 15 12 30 28 11 19 45 10 39 28 24 28 26 25 22 10 23 38 6 43 1 24 49 6 49 45 34 37 37 46 6 31 36
30 6 14 15 28 44 49 16 31 14 27 32 36 13 47 45 16 13 100 36 20 22 34 29 33 31 17 1 44 34 29 19 45 1 45 25 2 12 38 18 16 6 3 12 20 26 28 43 12 46 37 47 33 15 10 14 28 50 12 39 45 20 8 35 1 24 2 49 11 10 22 12 47 30 39 12 10 38 20 15 17 33 50 21 28 19 18 23 1 34 8 49 34 45 28 27 29 48 19 33
36 42 19 13 14 23 43 49 31 28 41 1 42 26 21 37 29 48 48 3 38 36 1 43 21 18 6 16 44 8 49 12 19 26 29 47 37 17 20 41 44 19 22 45 21 29 16 26 26 42 38 29 7 39 32 21 6 6 24 30 45 18 27 43 14 7 12 10 41 25 24 44 46 17 23 100 10 42 18 26 8 22 19 39 39 6 32 36 36 15 39 31 37 25 29 41 1 33 35 41
46 19 9 8 100 47 38 11 19 2 33 21 27 45 18 1 31 14 12 37 44 30 30 35 45 27 50 49 44 36 38 20 10 22 36 23 6 34 4 33 1 48 26 7 33 30 24 30 46 20 48 25 23 23 40 44 45 49 1 44 19 19 23 31 2 47 17 13 16 24 50 48 26 38 8 15 19 13 31 44 3 13 16 15 19 48 41 24 31 31 41 30 38 12 9 1 13 20 35 21
3 18 39 37 42 25 41 43 22 33 11 34 39 100 3 36 43 28 19 20 18 37 40 40 7 23 32 40 2 32 46 28 7 41 43 45 43 32 44 30 9 41 1 4 4 28 39 15 33 33 25 33 6 1 18 26 47 45 34 44 26 40 45 17 12 30 49 3 49 14 18 29 11 45 48 13 1 30 50 45 1 24 39 38 37 34 9 42 21 45 30 6 42 19 18 8 5 31 50 31
44 12 5 12 3 38 34 20 14 39 11 12 2 1 46 39 1 22 1 21 10 17 31 45 8 39 29 22 6 28 13 18 49 13 1 42 36 36 17 45 30 28 38 26 24 32 50 25 42 4 7 50 100 42 12 17 15 25 4 36 27 23 1 48 14 34 41 16 12 13 14 18 23 33 21 24 28 42 9 29 32 26 20 24 23 30 12 50 23 30 28 45 14 5 15 10 20 35 29 30
32 23 39 34 6 2 29 29 26 13 18 19 7 29 28 46 43 1 21 27 33 11 4 40 6 18 49 25 17 19 45 29 30 20 6 13 24 39 43 18 3 47 25 34 15 38 37 42 14 5 10 24 19 9 15 49 2 24 36 9 41 10 20 32 4 43 30 31 39 42 29 43 42 38 29 45 30 41 40 39 27 11 31 100 29 1 34 21 39 7 26 19 36 14 7 10 10 10 9 17
7 27 47 36 34 49 33 43 16 42 47 24 31 30 29 40 37 42 45 21 22 10 8 39 16 35 30 46 44 25 11 9 22 3 19 11 29 50 21 50 46 23 32 24 29 38 45 33 7 40 31 30 7 41 21 50 27 41 41 10 43 5 9 41 25 12 5 20 38 49 34 30 24 37 44 3 21 100 28 21 1 39 32 16 24 13 14 22 5 34 24 29 10 50 37 41 35 37 39 46
6 2 11 43 20 9 23 25 3 32 45 28 26 34 37 45 48 48 30 30 24 27 20 1 41 36 4 48 18 3 30 31 48 26 35 23 38 38 27 48 43 27 16 9 15 44 30 44 23 2 20 37 47 46 32 41 20 27 4 32 3 1 20 44 33 3 11 17 30 40 14 25 12 1 26 21 47 9 41 34 2 46 31 20 3 100 22 39 10 33 25 10 16 24 25 3 21 42 40 8
27 18 18 11 20 34 21 17 19 3 10 37 2 35 31 42 48 42 21 7 11 25 32 3 45 48 37 11 29 47 29 11 12 4 18 27 15 34 2 50 48 16 26 14 15 42 17 14 18 30 41 26 20 27 42 2 12 3 22 44 14 33 34 25 4 21 2 4 29 46 8 13 25 39 1 35 11 24 20 43 7 20 100 17 20 25 36 50 34 30 34 4 14 14 10 6 27 7 28 27
12 19 23 21 32 25 35 29 46 37 42 50 38 36 26 30 15 49 2 24 46 4 30 39 1 27 44 16 37 12 100 4 9 16 16 3 37 42 21 43 46 35 8 5 48 28 29 25 8 41 18 49 24 35 10 7 9 13 10 42 28 49 26 32 5 19 16 5 27 47 41 14 17 18 1 32 39 1 46 9 48 29 39 5 31 36 48 11 7 23 28 49 28 38 1 12 38 14 43 20
23 8 32 21 16 20 2 10 5 11 11 18 7 42 24 9 22 42 32 6 46 43 47 9 18 47 14 47 32 3 5 31 8 27 8 3 15 35 30 21 10 15 12 32 32 4 6 7 7 2 15 23 49 27 35 15 49 39 18 30 11 11 25 23 12 39 11 6 43 30 6 38 47 14 50 3 12 15 100 26 4 6 6 39 32 6 47 39 25 8 4 35 44 41 23 47 29 41 44 26
45 44 7 9 21 29 23 17 49 12 44 30 28 26 29 33 21 26 2 1 41 29 47 38 9 21 15 6 100 38 3 46 2 46 44 27 5 23 14 4 34 20 7 15 46 33 40 27 31 10 47 31 16 11 40 25 46 18 40 20 29 18 2 26 50 20 14 28 5 44 17 43 22 36 30 13 12 26 2 24 6 4 24 35 49 7 22 45 11 6 2 50 34 37 23 42 8 23 18 45
30 4 49 13 2 100 37 23 2 46 50 18 49 29 5 36 41 1 2 14 7 45 41 12 31 20 33 46 43 11 27 14 31 28 44 13 4 38 3 7 42 8 50 24 20 21 9 28 35 21 41 23 32 34 5 4 41 19 6 24 7 2 29 17 26 1 26 35 28 13 24 21 23 13 30 26 12 28 2 8 13 40 29 5 10 10 39 17 47 6 39 47 6 34 26 49 1 50 23 18
40 16 7 36 31 33 23 31 1 8 6 11 3 45 26 19 22 39 47 11 19 42 10 44 27 7 50 21 22 27 26 11 19 10 34 38 38 46 35 49 16 25 1 21 44 46 41 45 37 36 5 43 43 35 16 26 14 11 1 39 12 34 28 42 13 23 41 46 35 18 11 42 100 40 47 44 32 38 7 15 41 42 46 15 49 13 32 36 47 5 48 22 40 1 38 8 21 9 48 14
100 40 1 27 17 2 31 45 29 34 14 35 33 18 7 49 35 14 39 20 9 21 2 27 44 23 50 27 11 2 27 27 46 48 8 26 29 7 24 21 34 22 13 50 8 21 47 46 11 3 42 9 40 45 17 31 18 19 22 27 27 36 24 34 32 21 45 16 38 22 7 13 36 9 41 32 41 37 26 6 19 20 38 41 14 45 48 33 15 16 43 8 33 20 7 27 18 11 6 42
11 45 31 28 41 47 43 17 28 48 49 43 14 44 2 8 32 7 21 14 7 33 47 31 45 33 3 42 20 43 15 39 48 37 47 50 20 3 8 25 30 5 41 26 12 10 19 17 3 27 100 18 25 6 9 12 15 36 34 22 23 37 14 41 32 48 42 30 3 42 17 3 3 47 3 50 39 24 5 7 45 15 12 19 45 45 2 18 43 15 12 28 37 35 50 38 19 12 7 16
22 34 18 10 45 31 4 46 36 30 47 34 40 48 17 15 15 42 26 50 49 29 1 15 38 13 9 45 10 19 38 5 14 18 22 13 29 2 10 2 30 10 4 8 41 30 42 16 8 35 21 44 31 2 35 47 41 35 50 22 44 41 7 100 20 36 11 22 1 19 48 43 47 5 42 19 7 17 39 33 40 28 25 12 32 37 8 31 13 6 10 33 22 37 31 23 22 41 1 5
41 37 42 23 41 10 31 7 5 15 13 3 46 26 26 17 18 10 19 26 23 40 9 42 28 37 5 12 41 27 35 39 3 36 38 13 38 22 100 45 13 39 29 39 28 33 25 28 18 39 13 19 45 12 31 42 2 48 47 17 13 13 24 13 40 27 18 2 30 1 6 32 8 20 47 4 29 20 9 12 13 8 10 28 37 37 27 20 5 31 47 44 2 39 15 13 12 9 20 49
42 16 25 15 32 48 18 16 7 28 14 49 5 18 45 37 39 18 20 27 49 2 27 1 7 27 38 34 39 12 46 18 34 38 20 47 43 36 44 19 20 17 32 23 100 40 1 46 27 11 45 49 4 29 7 3 43 4 6 33 24 24 23 44 49 44 11 31 26 40 15 15 28 32 5 20 5 35 48 14 43 23 15 38 36 50 45 18 3 4 8 13 44 37 41 18 36 8 22 32
3 35 21 46 14 48 15 39 21 37 21 30 36 17 8 5 4 24 34 14 15 26 32 50 7 19 8 3 38 4 43 45 49 37 35 38 9 15 31 12 3 27 27 36 41 1 22 38 31 22 43 26 11 100 32 40 19 31 21 7 39 17 11 47 22 30 39 25 35 44 49 36 13 35 7 13 16 34 5 34 13 30 15 6 8 26 36 34 38 26 2 4 48 29 37 28 22 38 48 45
44 22 38 27 3 32 18 38 2 11 6 19 15 20 4 18 8 42 48 13 48 14 48 25 24 29 26 40 34 34 4 14 19 100 22 40 16 28 18 49 32 25 45 43 3 27 50 26 50 23 41 43 15 28 24 50 41 2 21 8 24 15 36 21 20 34 9 9 28 46 38 20 7 32 9 28 2 12 36 14 22 44 27 23 31 42 40 1 40 28 35 15 5 41 15 37 42 9 26 35
18 41 47 23 18 16 6 40 7 29 12 14 10 13 41 19 14 28 24 33 27 42 19 37 42 100 35 24 47 9 19 45 30 11 22 31 40 50 22 36 17 33 45 4 49 48 16 50 22 2 5 30 40 41 28 24 49 19 39 50 23 43 49 21 29 7 50 8 47 20 2 43 16 7 34 41 29 50 19 32 26 49 29 17 22 36 45 42 41 15 48 13 9 15 39 6 13 49 22 34
8 39 48 18 15 25 38 15 15 34 42 29 40 19 34 48 1 10 44 28 43 30 23 49 44 44 45 45 29 38 23 12 48 33 6 37 27 32 21 14 25 37 29 6 29 18 14 8 8 43 12 29 36 9 9 12 5 42 20 49 32 16 100 14 47 8 19 49 27 37 17 17 28 8 30 16 18 11 40 49 45 20 26 22 23 23 36 11 30 24 25 21 40 46 34 8 34 37 31 39
14 40 35 20 48 36 49 24 20 47 16 50 33 11 34 40 2 36 47 43 15 47 41 23 45 4 7 26 44 40 31 44 32 34 1 42 7 1 8 39 43 13 36 21 42 35 12 6 50 14 8 27 1 33 20 28 34 48 31 3 43 47 30 37 1 29 44 48 37 11 37 33 39 23 21 19 4 11 16 46 25 1 49 28 36 34 42 9 49 47 20 100 36 25 43 39 22 50 26 13
47 31 4 16 23 18 12 40 27 39 40 18 5 34 46 13 33 7 49 17 39 16 45 43 5 1 36 27 18 36 38 3 100 1 41 31 42 21 8 31 21 50 11 8 9 14 24 37 27 44 30 6 5 25 37 7 26 6 44 40 38 17 33 24 37 39 7 31 17 31 10 8 11 7 35 26 42 48 33 14 37 12 34 29 42 30 40 9 14 49 34 40 32 43 35 36 15 2 27 34
36 11 3 15 17 40 1 40 43 11 26 43 43 11 11 5 30 10 4 45 14 26 44 26 15 40 5 36 4 6 17 11 14 25 13 44 3 44 16 30 43 14 19 45 9 47 43 41 3 41 19 44 16 21 5 37 36 18 10 2 14 38 32 28 45 14 20 20 27 43 29 14 40 1 48 7 28 45 40 11 39 11 42 15 3 49 23 9 34 37 42 44 49 14 42 32 100 19 46 50
14 21 45 45 17 18 45 20 50 15 49 33 13 2 8 12 38 33 24 36 6 16 50 29 31 5 45 46 37 16 13 43 3 2 26 11 19 36 42 43 26 18 22 15 23 27 43 27 29 47 34 38 32 40 27 21 36 43 9 38 49 100 41 30 45 33 50 17 17 30 29 11 40 12 26 3 36 46 48 41 3 34 19 17 6 32 7 48 49 10 30 47 50 4 10 17 41 27 48 21
16 7 21 41 6 45 12 10 47 50 25 9 36 43 12 4 42 46 16 44 25 47 100 30 2 31 21 32 32 43 21 32 10 23 15 42 36 10 33 20 39 38 43 39 12 38 19 31 38 45 42 31 33 8 38 42 10 41 31 32 40 12 36 3 7 50 49 11 32 48 16 46 32 23 37 28 8 6 40 26 39 19 35 18 30 50 31 1 5 40 50 23 49 43 36 17 12 47 49 25
49 45 40 49 12 28 22 22 13 18 48 100 37 24 32 48 18 24 9 17 22 11 32 2 15 21 11 40 49 9 23 10 22 12 44 13 47 11 21 19 50 49 42 9 9 25 33 23 34 36 22 46 5 1 36 32 29 30 16 36 37 20 43 38 27 23 2 46 39 50 50 42 9 41 21 30 30 22 16 32 41 33 44 20 32 28 18 18 47 22 44 42 18 3 5 20 31 29 12 11
44 35 28 35 39 44 47 2 18 8 37 8 17 42 41 37 47 27 8 14 5 34 21 3 14 39 49 22 5 19 12 27 19 3 42 4 34 28 43 35 10 47 22 45 27 31 3 47 36 26 28 27 6 5 40 49 38 100 22 44 44 7 15 44 38 6 23 16 11 21 46 46 7 17 3 32 21 2 7 32 28 4 31 29 46 32 38 13 15 40 5 23 27 13 45 3 37 4 9 33
40 36 30 44 45 25 31 22 39 34 27 30 6 28 2 7 8 36 29 21 21 15 10 34 48 44 1 15 15 41 44 25 50 38 14 17 25 1 9 11 36 24 44 26 7 48 44 18 47 100 50 12 38 38 45 42 24 48 20 4 49 14 50 21 34 31 50 46 37 32 11 12 45 34 32 11 41 4 11 30 2 15 45 25 47 21 33 19 35 23 37 16 31 36 38 31 15 44 29 24
17 12 35 3 48 18 41 35 14 13 21 15 36 15 36 36 47 18 33 10 3 3 6 19 9 28 34 41 10 26 34 44 39 22 2 48 47 33 28 33 9 19 100 2 14 16 36 8 1 38 26 36 6 17 4 9 11 22 32 38 1 20 20 45 43 11 13 22 25 20 31 15 3 17 31 46 43 17 22 35 11 12 35 46 41 22 25 39 48 39 29 22 43 24 24 16 22 6 20 48
10 6 22 19 26 48 25 25 27 31 14 19 44 6 44 43 11 30 25 6 42 34 28 5 40 9 27 47 21 47 21 44 18 17 34 3 6 43 30 31 21 24 29 18 31 32 18 29 19 20 11 41 42 26 30 25 18 16 8 48 49 28 46 24 21 26 4 49 4 41 100 33 18 47 4 32 35 9 42 1 1 19 30 22 24 30 9 8 2 21 3 12 32 10 50 23 33 37 47 45
38 33 32 27 10 47 48 31 15 37 37 20 42 14 18 32 50 9 12 17 34 38 33 24 40 47 32 8 8 24 39 6 45 47 21 6 100 45 38 11 9 30 17 9 45 11 32 13 32 24 34 4 13 24 24 38 41 38 24 6 32 4 25 46 30 16 3 12 32 20 9 11 3 50 32 23 22 2 46 38 1 6 24 26 46 42 14 44 46 12 11 30 4 36 27 46 14 42 33 30
