150
609 26439
485 9957
683 5178
666 24218
884 26844
259 1359
34 24709
971 2219
302 3666
537 2031
797 1481
423 16679
966 22542
940 18211
996 8421
695 6811
871 17066
970 2114
63 3099
931 6844
717 929
681 11373
685 12603
51 207
781 4222
434 4430
818 2968
284 12296
570 13705
571 28753
326 29663
21 5859
145 7175
731 5622
327 5097
491 6313
433 29028
142 3862
540 3015
167 8679
622 2234
982 1097
22 28215
617 5617
283 1030
995 1347
756 16456
422 9262
491 9643
402 7409
998 12740
413 413
283 6114
684 8496
872 872
753 5889
889 12175
291 4911
778 24778
472 579
71 18089
155 2909
236 20045
218 10694
210 6315
638 19598
355 2282
949 8949
10 10468
14 1914
806 16742
566 2567
476 21076
659 12179
806 7817
577 9131
980 28120
722 2626
709 1369
604 20302
588 6300
789 17353
874 8830
976 5596
152 18099
386 438
666 1370
169 989
536 15788
570 15906
678 7563
289 25069
500 1828
509 4279
454 29283
951 10263
351 11391
321 7071
349 2678
85 2389
820 30780
703 15151
775 28039
23 10563
772 6790
97 2019
500 500
841 3045
255 270
58 7648
87 8511
407 674
115 28115
549 22265
668 4148
946 12850
180 14848
368 2578
417 29468
537 1491
576 12078
203 235
81 9035
672 2352
857 2299
881 3023
63 1638
149 14952
80 530
781 6621
830 7546
742 7700
216 10941
14 797
488 15717
816 12496
615 18375
963 7925
312 5956
454 1208
78 10198
57 5879
81 8037
709 1637
482 18710
893 941
875 19633
745 5257
722 1802
596 23164
1 33 36 15 100 26 26 35 33 12 12 15 34 9 38 25 48 45 30 35 24 14 49 9 50 38 21 7 37 4 15 16 32 12 1 29 25 25 50 22 44 6 38 15 11 34 24 18 23 49 24 45 5 9 42 38 3 48 5 48 15 50 10 2 35 20 46 20 29 43 26 32 50 46 29 34 16 19 3 21 37 24 50 21 13 50 44 31 34 48 20 9 46 19 50 14 32 23 27 43 28 31 13 21 46 24 37 13 33 21 44 41 12 32 32 19 24 49 43 15 22 12 14 12 6 41 9 13 39 16 4 42 17 20 39 24 1 12 35 46 3 49 30 20 46 22 6 38 28 18
26 20 39 33 46 22 49 11 7 45 37 6 9 36 28 15 47 31 14 36 7 3 14 36 34 9 7 14 20 15 38 26 13 12 27 49 4 4 24 45 14 19 17 33 28 43 16 30 38 5 33 27 34 33 7 36 30 8 23 6 38 11 17 7 19 34 19 31 49 50 38 42 22 31 48 42 23 2 6 45 26 37 36 24 34 23 32 2 7 28 48 50 20 50 25 49 27 22 38 45 25 36 15 12 49 11 39 34 47 16 36 36 15 2 41 4 37 30 41 16 30 20 11 45 17 41 1 29 40 34 16 37 4 24 24 34 16 46 26 44 100 7 31 38 31 31 10 27 25 2
17 27 20 1 20 17 50 31 26 10 22 21 30 20 46 3 34 50 30 24 1 6 24 14 31 30 48 23 14 17 37 7 38 28 16 10 48 25 15 8 7 33 38 12 8 20 21 48 26 20 13 33 10 3 39 34 46 50 49 36 28 16 32 20 15 40 17 16 23 20 20 20 22 5 10 28 15 39 36 39 9 25 38 21 20 13 9 13 48 29 12 36 46 8 29 39 35 43 3 24 6 23 32 18 43 9 28 34 37 37 5 49 28 2 40 10 28 29 6 29 27 41 28 35 45 48 31 49 14 19 9 33 24 16 41 14 44 25 11 21 23 19 25 47 34 13 17 100 37 43
7 45 28 14 7 8 100 1 45 32 34 8 43 39 48 1 8 8 17 45 13 31 23 49 42 38 46 16 28 39 41 40 24 33 12 50 27 23 40 10 18 22 2 27 37 2 29 20 40 25 39 39 3 13 10 27 40 35 25 17 21 9 36 7 25 47 50 39 5 17 34 16 45 48 13 24 5 35 14 24 47 42 23 33 35 26 41 32 9 14 48 25 44 26 10 9 22 37 24 24 29 19 46 50 2 14 5 50 34 22 5 22 1 8 42 27 12 1 8 10 18 35 29 29 37 10 49 39 12 12 46 47 33 35 30 47 32 12 16 4 28 46 45 38 47 17 32 27 17 37
46 24 12 3 26 12 9 11 38 5 42 8 21 16 25 7 14 29 15 9 34 22 1 40 43 30 2 34 14 2 32 35 38 28 46 13 43 20 10 20 8 21 7 9 20 29 47 33 49 20 27 32 23 47 3 17 42 11 34 49 4 27 33 21 36 47 4 10 25 39 37 22 13 11 1 7 38 4 36 4 7 41 34 41 10 6 32 28 10 13 34 13 17 45 6 5 11 4 35 24 30 12 100 46 33 23 24 27 35 33 29 37 29 36 4 49 36 38 38 26 4 6 21 10 42 31 27 27 46 45 17 47 24 25 15 40 5 43 36 37 1 29 20 11 35 22 47 17 7 24
24 30 42 32 19 37 27 46 50 16 49 33 35 26 48 28 9 31 8 48 18 1 14 23 5 14 29 46 40 28 3 34 50 1 30 43 8 48 23 45 18 22 39 9 10 47 42 25 48 22 49 46 44 38 47 19 23 23 15 28 23 13 10 32 21 11 48 27 18 47 9 19 45 11 14 28 39 42 100 29 35 31 4 16 46 28 30 20 41 48 45 36 49 48 19 40 29 22 39 2 4 13 29 46 13 42 26 38 31 24 24 17 38 33 14 22 25 50 40 35 45 44 15 35 42 8 8 4 30 5 35 34 4 46 15 8 33 32 23 15 19 48 35 19 1 6 3 39 38 7
42 48 25 18 30 15 32 45 5 14 36 6 2 40 38 12 17 15 15 35 23 13 7 2 13 20 38 15 36 21 40 36 11 1 6 31 28 45 22 22 20 49 28 5 42 28 46 7 45 35 20 47 5 43 13 4 44 46 100 3 46 19 24 18 10 26 20 41 3 3 15 7 2 10 28 47 39 14 5 32 4 14 26 18 20 4 2 47 8 36 6 8 19 7 38 39 39 1 22 39 28 47 21 49 25 30 40 40 14 31 34 38 6 12 8 13 27 27 27 44 22 33 14 40 40 19 17 13 41 38 44 15 24 23 14 20 31 36 14 8 48 11 44 42 21 4 44 36 6 31
8 8 23 16 13 18 5 34 32 48 22 35 5 9 14 26 50 39 7 33 42 3 19 5 14 9 36 24 20 11 21 38 19 40 22 8 21 2 41 11 100 25 26 39 45 15 33 10 44 26 32 39 20 31 26 8 49 43 18 20 33 1 45 2 28 42 2 17 10 34 11 49 18 2 17 33 11 28 17 16 13 16 46 30 9 43 35 11 11 46 45 38 17 14 36 32 49 32 40 37 29 20 12 33 13 27 23 30 50 46 36 14 46 9 27 16 8 40 40 22 16 22 4 1 1 14 40 40 40 9 30 20 41 9 41 6 10 36 2 24 50 32 44 32 48 38 23 17 17 10
26 45 48 42 28 21 28 49 37 43 42 43 29 25 7 28 4 44 35 7 17 39 22 5 32 38 41 28 33 11 40 10 28 18 21 3 39 100 9 43 1 22 43 27 43 46 49 15 27 45 2 22 8 16 5 16 46 48 49 4 44 21 16 13 45 5 46 23 48 40 2 30 2 40 19 33 18 26 34 12 6 9 28 10 28 31 48 48 7 22 9 14 31 40 24 14 10 39 17 25 7 9 11 25 16 30 27 22 35 7 20 9 32 36 25 13 27 39 8 41 41 45 46 18 46 9 29 9 49 2 50 39 28 17 25 15 29 17 49 24 11 26 21 47 48 23 38 8 36 22
34 34 48 47 29 31 10 39 21 19 29 10 46 4 45 17 12 100 21 18 42 13 24 29 17 33 33 37 34 8 47 48 1 2 2 47 22 47 48 13 31 39 48 12 38 19 18 14 12 13 44 42 28 10 40 11 9 16 39 49 11 33 36 12 8 34 19 38 20 41 43 26 47 19 23 43 35 47 26 41 45 43 10 22 8 19 23 8 16 25 30 41 47 6 46 41 19 20 31 40 1 22 47 10 14 39 49 33 15 32 27 6 46 6 48 21 42 37 28 15 26 48 46 18 1 18 11 45 44 2 32 10 10 30 15 42 36 2 29 36 17 5 35 39 14 5 10 2 14 14
20 20 32 34 15 11 43 19 18 22 43 8 36 20 31 47 31 17 40 18 3 47 4 23 32 1 44 9 4 32 19 9 10 40 1 24 14 34 31 31 2 50 44 49 13 49 10 26 47 22 37 13 14 31 43 4 24 10 10 22 30 16 44 24 23 46 32 42 20 6 16 23 26 37 26 10 29 32 42 41 8 14 45 13 6 33 22 17 11 2 8 36 16 9 38 12 19 43 48 10 49 25 45 28 30 30 3 15 38 29 36 38 8 4 36 21 34 34 27 100 43 21 16 15 2 45 25 36 29 9 9 24 22 7 46 8 5 8 10 12 9 37 34 44 4 41 13 46 33 26
5 29 29 45 20 41 45 50 30 13 45 47 37 8 42 38 25 12 9 30 2 7 6 31 49 34 28 37 39 38 18 5 14 17 43 19 13 46 8 41 2 34 4 41 36 25 36 43 31 17 49 38 6 2 22 29 50 48 43 43 48 16 39 31 2 18 23 34 2 28 100 26 50 29 36 8 9 22 33 43 38 48 11 34 23 34 50 38 49 23 1 10 47 36 23 13 28 49 11 13 50 32 38 13 16 30 46 43 17 11 4 46 2 9 26 18 2 30 11 20 15 27 38 10 49 46 27 26 47 9 45 38 45 14 12 8 3 1 46 1 5 31 22 31 15 50 32 19 11 9
6 21 28 5 19 42 37 10 26 33 28 42 4 19 39 9 14 31 15 50 47 24 21 8 19 22 5 34 7 31 4 20 18 47 25 37 33 22 8 30 5 26 47 46 20 9 49 41 29 38 26 14 35 41 5 40 33 19 36 16 39 9 12 27 16 8 22 27 17 35 16 26 34 43 23 9 28 10 3 37 38 23 49 18 49 13 37 30 14 11 50 3 29 15 23 7 43 7 36 43 14 13 1 24 5 1 10 37 19 4 32 11 13 4 32 34 44 40 45 25 32 29 7 20 41 19 50 6 47 46 3 36 41 1 23 25 41 18 13 21 44 1 9 44 21 37 36 3 8 100
20 3 31 45 32 30 50 23 6 45 32 28 19 6 39 19 22 7 4 46 34 31 33 32 32 18 17 11 24 50 2 44 50 29 2 2 41 4 34 34 3 25 36 21 44 28 25 33 19 47 40 35 5 18 6 5 1 40 40 42 41 6 45 25 30 30 29 12 34 41 7 43 46 42 12 28 14 1 22 2 43 42 8 30 42 28 4 32 25 23 28 7 43 10 20 18 48 30 31 12 35 27 10 1 10 2 40 49 48 31 26 19 28 11 1 18 3 17 41 44 3 25 31 50 28 2 4 27 49 4 36 28 14 28 4 41 100 9 44 5 20 18 37 20 45 12 2 23 31 6
39 37 21 18 6 15 22 19 16 34 39 20 5 21 8 17 40 44 26 32 30 15 1 16 44 7 7 3 12 14 39 9 1 43 36 25 4 18 26 12 33 44 20 14 22 9 5 50 48 22 29 11 30 100 33 30 21 11 1 25 42 5 25 4 39 40 13 6 18 45 46 22 4 26 8 30 22 42 26 42 15 8 20 4 26 25 13 32 43 16 21 10 6 21 28 17 41 20 39 12 46 11 37 27 8 8 28 30 22 44 26 42 12 28 14 40 21 35 32 36 28 2 40 20 21 36 9 49 26 26 48 44 49 3 31 4 49 26 21 39 37 41 37 39 32 7 9 40 47 38
41 26 40 15 3 7 35 44 33 36 29 6 17 37 33 11 17 43 1 100 28 24 32 47 5 50 5 5 7 25 29 14 46 1 50 5 48 39 39 26 9 26 4 39 7 8 10 23 7 41 24 32 35 12 40 18 1 12 49 9 2 17 50 8 26 18 45 28 11 7 36 45 6 21 38 46 4 47 11 44 34 2 22 2 26 29 24 28 15 13 1 35 47 28 37 7 28 26 35 28 40 25 42 1 16 18 34 16 43 5 36 3 19 10 49 32 14 47 15 16 34 17 9 44 22 25 28 10 9 7 4 11 25 41 2 20 45 20 1 44 1 2 41 39 18 16 40 15 28 49
44 34 12 11 34 2 4 20 36 6 47 50 13 3 9 25 14 50 33 20 10 31 28 20 30 29 4 17 14 18 5 13 49 29 3 46 37 46 43 28 39 25 45 9 13 11 22 7 39 34 41 29 25 34 17 48 1 6 42 30 14 46 36 39 5 46 25 38 46 19 30 34 31 6 15 36 11 31 50 43 48 100 35 50 17 33 44 7 44 32 48 21 16 42 24 32 48 10 43 41 24 33 4 27 19 4 7 40 33 4 21 25 13 50 11 11 17 44 45 18 33 15 45 29 42 24 47 47 12 44 13 24 43 36 1 47 20 25 8 37 11 6 14 39 18 31 28 14 50 7
47 31 45 48 2 10 46 100 39 47 38 25 28 30 30 20 22 20 42 12 40 19 12 46 43 19 4 13 35 17 17 19 27 10 21 1 7 39 33 10 18 5 37 31 3 43 22 44 47 2 24 43 18 17 32 2 35 26 17 50 10 27 12 18 44 12 31 3 37 6 10 13 31 38 49 50 20 25 9 33 20 32 40 37 2 37 34 6 44 17 15 47 5 9 32 41 24 47 17 4 10 34 24 47 39 25 20 19 30 38 34 33 19 49 49 20 27 43 13 22 48 46 10 16 17 19 47 37 17 6 1 24 16 31 28 8 43 33 28 23 34 36 30 2 18 19 23 38 15 47
19 29 9 50 25 44 13 6 100 50 12 27 27 15 31 20 40 12 24 3 41 10 31 20 21 4 50 8 20 38 43 42 48 14 46 10 39 2 15 18 11 23 46 35 47 8 14 31 48 37 17 35 23 26 27 21 3 34 23 20 45 24 10 35 42 34 45 47 18 26 3 32 10 12 18 10 36 10 6 12 46 18 40 24 9 32 18 13 10 13 18 47 14 36 46 38 17 35 27 27 14 35 15 2 17 8 24 38 16 30 22 8 5 27 18 1 1 27 33 31 2 12 35 31 13 16 12 29 25 3 21 43 16 47 3 22 2 15 41 43 13 6 28 29 23 2 2 24 41 19
19 30 26 43 41 14 44 5 45 41 48 10 39 9 43 34 32 6 17 43 47 46 13 10 21 34 44 20 8 24 35 37 36 33 7 13 47 8 11 8 43 26 30 31 32 18 32 38 13 39 33 38 18 8 26 42 30 39 12 17 14 9 8 19 35 32 13 24 11 33 45 30 11 15 20 26 25 11 47 28 24 12 7 5 17 50 21 12 34 42 17 46 34 2 19 49 16 100 25 36 29 6 20 49 50 49 2 44 30 15 32 26 15 43 35 40 30 40 36 16 50 26 1 24 28 15 1 30 37 41 13 24 46 8 37 26 10 49 5 46 36 37 8 20 15 19 49 21 20 19
10 41 33 39 42 23 44 26 3 38 14 29 44 26 5 3 27 46 31 8 39 14 26 5 2 29 5 7 12 49 15 7 18 10 50 34 1 26 33 12 4 12 14 46 23 49 41 14 10 12 7 49 6 42 25 44 29 42 4 20 25 46 17 16 6 32 46 2 44 23 32 29 43 2 34 31 22 22 49 49 9 10 46 18 11 16 47 34 19 13 50 25 15 37 38 35 27 29 20 49 16 30 3 13 41 16 44 49 2 14 49 26 37 3 38 8 35 39 8 24 47 2 48 15 14 8 16 8 43 44 21 31 30 50 16 50 18 17 8 49 5 9 39 50 26 100 39 10 19 20
30 19 41 7 20 23 26 5 46 8 37 46 49 27 16 30 50 20 26 28 21 37 44 39 29 45 41 44 23 28 35 31 41 38 10 35 45 50 45 8 44 3 29 25 23 20 20 25 12 3 19 18 43 45 31 22 35 36 23 14 50 50 18 50 32 6 49 34 8 14 17 3 13 12 18 19 30 23 35 23 41 49 50 40 48 21 45 37 34 6 34 43 45 2 25 22 100 26 4 26 24 15 25 20 15 7 13 48 41 45 33 4 34 18 29 47 44 38 6 23 11 1 49 11 2 4 42 27 15 34 9 15 2 46 37 1 22 27 50 42 22 40 18 41 42 43 10 15 23 48
36 36 40 2 24 8 43 44 41 35 4 38 26 25 43 27 2 43 22 19 34 12 32 16 46 41 37 13 5 1 7 42 8 38 3 44 44 44 43 7 19 16 39 34 42 23 4 9 43 22 100 33 43 37 36 30 41 38 50 47 50 19 36 42 19 2 35 32 44 12 3 20 24 15 26 18 46 36 30 30 9 7 18 17 37 4 1 22 50 28 30 8 18 38 47 48 48 44 49 5 45 42 35 1 27 49 49 10 3 6 19 23 4 47 29 50 5 48 35 15 41 17 10 26 5 7 36 45 28 6 33 35 30 3 27 27 33 48 42 41 12 5 20 25 35 13 22 42 1 6
25 6 29 16 7 37 19 4 8 49 2 7 35 6 36 40 35 22 7 36 18 16 9 48 47 27 40 11 49 45 32 10 17 31 38 26 26 35 19 45 18 25 48 35 50 29 28 11 14 38 40 22 15 37 45 43 21 9 6 31 30 7 38 33 22 36 3 6 12 28 4 21 9 33 24 49 7 42 20 9 37 16 25 1 49 1 14 4 3 40 38 6 2 25 20 7 21 10 8 24 12 45 47 6 28 9 10 49 46 21 7 44 43 16 49 41 42 26 47 23 30 100 21 21 5 27 44 44 41 42 33 47 4 3 19 6 7 23 6 19 28 44 41 7 7 50 48 33 14 47
20 15 25 28 19 50 3 24 10 47 6 33 35 28 6 27 9 33 44 21 7 39 1 20 10 32 5 7 29 26 36 18 29 15 34 29 15 14 43 49 6 34 30 8 43 36 1 21 19 29 38 34 5 4 34 27 25 8 23 29 25 24 29 1 10 25 25 2 23 47 41 50 49 24 37 9 16 18 6 34 49 40 28 3 20 20 10 46 41 41 3 26 11 100 11 9 46 41 39 3 42 28 27 40 23 50 41 49 36 45 1 3 41 14 39 9 2 16 35 16 39 26 18 43 9 46 36 10 1 25 23 44 6 31 10 14 19 31 12 46 6 29 1 17 21 24 41 27 22 35
44 37 9 6 48 50 42 20 43 40 24 50 45 19 24 43 30 28 41 5 17 23 13 40 26 41 27 16 4 9 38 32 9 18 15 31 10 22 29 27 8 35 41 49 9 25 32 44 9 41 39 24 38 42 42 23 35 100 48 5 2 29 36 5 18 47 34 29 47 39 27 32 44 7 11 14 23 10 2 19 37 16 29 17 2 16 32 40 49 36 30 14 1 16 42 10 7 50 10 43 3 48 12 37 47 31 17 42 4 46 13 49 17 26 44 19 34 39 45 35 16 5 7 7 8 37 21 17 31 50 10 6 14 18 18 5 2 39 24 18 38 12 39 46 35 12 42 29 17 17
11 37 50 50 1 32 14 4 40 29 45 45 21 33 28 29 4 13 39 34 1 24 2 27 41 17 24 25 37 27 29 3 27 3 34 26 31 2 100 45 29 28 14 44 11 20 28 26 50 37 13 42 7 12 5 25 34 35 32 45 44 49 42 32 49 25 33 13 26 34 41 12 19 16 38 19 29 36 19 2 29 32 6 43 38 34 18 50 30 44 21 29 8 49 31 12 49 39 31 39 4 23 45 35 48 41 32 47 23 27 11 21 45 1 17 48 21 7 8 12 27 26 37 6 2 39 30 16 30 39 23 22 15 27 31 29 46 21 19 8 42 25 35 40 8 49 28 34 45 50
49 31 21 46 28 50 47 1 8 16 27 5 24 10 17 50 42 41 23 28 42 44 18 13 3 22 15 1 32 30 9 2 10 44 43 39 9 12 16 19 21 27 49 16 42 26 15 13 16 43 22 36 42 40 20 1 35 3 30 33 39 37 29 38 34 26 34 25 2 27 37 12 49 28 25 31 26 49 23 1 19 31 36 48 7 48 32 31 30 29 8 21 1 17 15 15 9 15 4 40 25 10 24 23 32 5 36 50 11 13 32 23 26 24 22 2 25 2 21 48 17 19 31 14 37 11 48 31 24 1 47 19 24 2 41 100 36 38 50 49 16 6 14 25 27 38 37 17 3 40
14 21 41 24 8 41 27 40 44 31 50 35 16 39 36 32 3 17 45 16 8 31 48 22 11 16 22 29 2 9 28 13 22 3 30 48 17 24 40 27 38 4 29 34 25 9 17 20 4 20 41 29 4 43 13 9 16 45 39 43 36 20 6 27 32 45 38 7 12 17 26 8 8 49 2 2 28 36 5 16 13 49 23 43 50 34 32 31 40 12 19 36 21 29 13 49 47 22 38 31 17 44 16 21 27 18 17 25 31 7 31 50 17 17 12 26 100 49 19 30 28 35 21 8 39 31 6 48 3 19 4 9 43 40 2 34 20 6 12 3 31 11 48 22 21 20 19 21 33 2
30 14 15 14 41 21 28 5 34 2 6 22 43 4 39 39 38 21 21 11 29 5 8 1 29 49 2 45 38 42 42 27 36 43 38 28 100 32 35 15 41 15 39 44 45 3 15 3 35 45 20 49 13 43 2 30 28 36 48 36 2 40 2 8 21 25 20 26 39 21 13 30 4 19 48 23 6 6 27 15 7 37 32 4 3 27 2 45 26 48 2 37 23 44 39 12 28 21 50 37 24 7 1 9 13 4 35 28 38 17 27 21 2 38 31 36 31 45 8 29 9 2 40 35 47 21 5 32 41 20 31 50 23 30 25 15 9 21 9 30 45 14 38 30 40 8 32 23 8 46
30 6 44 15 22 4 48 47 13 33 47 25 47 32 14 3 2 19 33 35 27 38 34 28 22 27 45 11 21 40 6 28 17 44 45 43 41 14 8 2 5 28 38 14 31 2 44 43 46 41 9 7 10 8 30 8 6 29 22 31 36 26 34 2 47 32 5 1 33 5 29 20 20 28 36 26 32 6 18 50 4 26 12 35 16 7 16 2 41 23 43 28 24 45 2 14 44 20 22 8 100 24 34 41 47 32 33 28 47 7 45 36 37 31 35 27 24 26 50 48 10 33 48 27 8 34 13 48 19 14 18 29 35 47 2 23 35 37 44 15 36 45 3 2 9 49 41 47 40 7
31 22 24 26 1 48 35 21 11 12 22 50 7 47 23 10 4 2 50 44 47 28 32 4 4 37 44 48 46 14 6 20 35 12 32 46 28 47 8 26 8 39 8 7 13 12 44 16 41 18 29 21 3 42 38 7 46 31 14 34 28 12 27 24 29 27 17 42 17 16 3 45 3 20 7 4 8 16 40 24 23 36 24 22 2 28 50 27 8 44 39 21 50 35 37 1 45 48 43 45 40 11 28 24 48 17 14 50 10 31 18 40 4 11 33 48 39 2 25 35 13 23 24 25 38 27 3 26 33 30 45 17 29 38 13 10 45 46 25 44 44 100 12 10 15 1 26 3 10 18
22 23 19 45 21 17 29 42 32 46 41 27 17 31 17 49 1 4 10 38 47 2 6 30 35 7 16 2 41 7 9 32 4 25 16 23 36 3 39 30 11 25 13 4 49 50 16 8 24 100 29 12 14 47 2 1 45 27 17 11 32 13 37 18 38 40 44 33 17 33 31 1 40 15 22 17 44 20 44 39 17 29 19 26 4 32 48 30 22 3 8 1 36 15 29 18 38 14 36 24 16 6 36 27 5 10 24 2 9 27 47 9 19 13 12 18 39 9 48 34 11 26 4 7 20 45 41 18 7 15 36 20 33 43 41 47 35 33 5 40 41 45 34 13 29 24 27 18 33 24
20 4 15 23 43 33 24 28 30 39 36 8 36 14 12 30 36 50 32 8 17 39 38 3 8 46 14 13 10 15 4 100 21 9 17 8 10 46 24 3 18 29 43 42 22 3 15 16 29 1 20 8 35 16 40 22 15 4 31 48 31 44 16 44 50 39 32 7 35 1 45 22 5 27 37 9 43 35 23 38 34 20 47 12 33 26 33 21 27 16 44 13 45 25 44 5 27 36 49 31 38 40 43 24 1 13 46 20 17 25 40 29 2 28 9 14 20 50 9 22 2 25 26 36 21 33 9 34 7 39 30 46 37 23 1 2 34 46 8 5 34 50 27 10 28 21 33 19 36 7
26 33 100 42 13 29 44 38 12 46 36 18 2 48 9 41 44 7 29 48 10 21 50 38 24 6 4 21 10 18 3 5 7 26 17 6 7 30 41 15 11 29 27 29 45 40 42 28 19 18 49 33 2 1 50 3 44 30 7 8 48 36 15 41 42 41 50 36 1 3 41 22 32 22 21 41 30 35 6 43 6 22 15 21 41 19 45 26 20 2 33 5 24 22 36 9 22 15 14 15 13 46 50 31 10 22 5 38 21 44 24 12 15 5 31 12 8 34 42 32 19 28 29 31 21 9 11 6 8 43 21 7 34 14 2 10 20 4 13 18 33 37 25 32 31 32 14 45 24 34
3 48 32 4 24 9 17 26 39 25 41 19 43 22 23 13 21 38 6 16 50 22 36 15 48 50 35 23 1 6 6 49 18 29 41 19 34 43 42 11 47 29 35 19 11 36 45 46 34 14 48 38 29 30 6 29 18 9 18 22 48 40 11 29 100 7 2 37 2 17 23 6 10 26 6 27 14 25 1 17 47 10 22 35 15 50 7 21 32 28 39 16 36 26 48 16 5 17 44 24 46 15 23 18 41 13 27 12 27 39 11 34 7 33 8 5 32 32 6 43 38 25 39 50 47 16 46 7 25 27 42 40 31 2 5 16 48 40 16 15 22 45 41 30 11 34 41 44 13 13
22 16 6 44 20 40 49 4 21 45 36 22 13 43 45 21 32 30 26 49 44 42 4 33 48 43 38 28 38 13 19 33 18 30 20 7 8 48 30 39 3 10 3 38 41 19 18 21 33 25 2 44 9 37 13 37 43 3 46 49 32 23 46 15 4 19 1 48 26 20 22 34 29 21 42 12 40 30 40 49 7 42 5 45 25 33 44 41 31 18 49 39 38 1 100 13 5 2 48 25 46 3 4 35 33 34 15 44 36 28 26 48 21 10 5 20 28 19 10 10 40 21 29 13 12 15 23 12 28 20 45 32 40 42 50 1 8 25 28 40 44 2 46 5 30 25 50 47 41 5
28 8 38 20 43 13 6 38 21 44 13 7 35 38 44 22 12 48 9 35 14 47 36 42 7 2 18 7 10 1 20 8 4 5 16 8 42 50 37 16 32 22 16 16 49 47 17 35 32 41 7 11 14 21 40 16 25 7 24 11 4 35 31 24 14 23 37 15 30 43 50 8 2 28 39 32 10 41 39 20 28 21 27 11 20 33 5 5 16 8 10 37 11 43 2 16 43 31 15 12 49 49 36 42 49 12 42 21 15 42 29 45 6 47 100 38 2 9 13 16 20 14 46 23 6 48 44 32 7 48 19 41 29 37 31 45 41 7 20 49 39 34 13 8 1 46 31 1 16 13
25 9 45 12 3 49 13 20 50 5 24 18 4 19 48 20 50 48 22 49 48 20 44 13 38 35 31 31 11 24 38 5 50 46 42 2 11 42 2 49 28 38 34 1 17 17 16 13 39 12 24 18 5 36 37 28 24 6 21 40 45 2 22 5 10 24 47 8 35 27 12 17 4 10 24 1 34 21 5 13 21 22 18 3 12 11 9 49 30 37 30 4 44 35 28 41 48 24 19 31 47 5 4 16 4 15 30 36 2 20 30 47 30 48 45 2 50 48 21 29 47 10 36 31 5 100 39 16 23 45 11 27 17 20 25 49 13 9 10 4 32 4 31 35 2 28 17 31 48 41
49 21 32 22 21 16 46 3 20 4 18 10 5 9 24 24 15 32 40 49 18 3 34 13 39 46 9 11 36 33 41 31 21 26 42 48 25 32 31 33 1 42 45 11 26 20 2 42 12 29 28 24 14 47 41 33 8 8 24 6 15 14 46 20 23 17 31 13 21 50 46 5 30 8 47 25 36 6 50 39 22 11 100 48 21 21 31 17 37 15 25 31 5 13 15 15 41 13 41 14 28 18 30 18 10 26 39 6 25 21 8 48 42 28 10 30 13 36 27 18 27 1 16 6 50 49 50 38 5 6 1 9 33 5 9 3 44 32 14 31 15 50 8 37 19 48 47 45 5 30
5 34 38 44 46 20 30 35 48 35 1 23 24 42 22 40 12 10 27 30 16 11 36 22 48 42 33 29 6 2 8 24 39 40 12 34 31 32 14 43 18 31 11 19 3 15 8 15 40 9 36 23 32 47 19 1 35 23 25 22 41 1 5 19 1 46 100 24 44 14 43 44 12 44 41 16 36 23 13 47 40 24 2 18 47 38 36 26 49 3 44 33 46 28 33 24 37 36 13 27 12 9 27 25 38 44 35 21 37 30 1 30 17 18 16 31 4 12 48 20 6 35 35 18 36 5 32 37 20 36 39 21 5 20 49 27 1 16 29 12 31 24 30 39 33 7 35 19 34 2
46 45 14 30 29 32 4 25 26 3 3 10 5 27 36 3 27 27 25 50 3 25 5 32 30 47 40 24 46 34 3 40 3 17 40 44 14 9 34 2 18 9 1 39 27 5 37 3 47 4 43 39 48 30 20 22 45 36 41 29 4 2 23 24 46 34 27 8 6 42 32 48 13 50 25 29 37 42 25 9 24 33 25 17 45 8 21 40 41 15 47 17 17 14 4 35 43 22 35 19 43 29 33 27 9 8 45 25 29 4 49 5 7 5 39 30 16 5 8 22 7 30 41 16 18 15 9 10 41 48 12 1 14 42 4 4 43 13 19 100 44 38 39 7 21 2 14 11 25 20
5 46 36 50 17 13 11 45 24 44 19 31 29 12 13 40 1 9 49 5 2 6 18 50 17 3 12 12 21 100 21 2 37 27 12 18 47 40 11 46 44 11 35 27 16 33 24 36 39 41 6 34 49 19 6 37 36 30 41 42 28 8 46 47 25 2 25 31 24 33 40 29 21 40 45 16 18 23 11 45 34 4 21 40 35 10 33 3 18 1 6 39 41 12 23 41 17 22 48 18 26 32 12 32 22 31 8 15 50 32 2 10 7 45 12 33 21 32 18 8 34 33 9 2 33 21 5 30 37 34 3 21 16 29 41 49 18 18 9 10 45 10 41 29 27 23 18 4 23 9
24 20 46 46 32 15 41 41 44 44 13 26 5 35 33 23 5 35 30 17 42 5 8 45 7 29 24 7 4 20 40 47 16 100 8 7 40 43 9 48 32 13 30 40 9 21 8 38 10 30 33 40 14 19 28 41 13 28 24 14 10 11 18 28 17 19 32 22 13 24 17 10 45 13 40 34 18 12 14 34 44 3 37 44 5 40 44 36 33 27 27 24 11 49 24 15 41 18 38 31 7 47 21 32 18 22 2 40 9 13 16 19 25 41 17 6 33 35 25 19 44 37 36 26 27 15 46 21 25 18 27 7 31 30 43 30 14 37 43 37 17 10 9 50 35 31 24 1 1 11
50 15 18 18 43 34 41 41 20 38 33 10 45 48 35 10 36 34 39 46 25 14 16 49 49 49 8 19 2 11 12 46 16 40 12 27 46 1 49 46 39 100 37 37 30 43 48 11 32 48 14 22 2 1 6 13 35 6 31 11 23 27 14 2 3 4 43 2 8 21 50 25 16 43 1 18 24 6 42 18 17 10 21 49 34 20 26 1 31 19 39 3 37 25 44 22 4 26 30 36 4 14 17 23 34 10 32 24 5 37 49 21 9 44 34 13 45 43 10 30 12 32 31 36 7 39 35 48 12 20 30 11 20 12 16 11 45 10 29 2 20 49 46 9 39 35 38 47 18 15
12 11 43 43 19 100 48 6 47 4 19 24 24 7 36 33 15 14 36 34 37 35 36 24 34 2 30 13 46 8 5 45 30 47 8 1 21 22 7 34 21 21 31 28 10 46 25 25 10 42 31 49 16 11 10 15 39 45 36 43 3 15 24 5 21 18 4 31 23 3 49 38 31 42 6 10 17 2 21 5 19 45 13 1 2 42 43 21 32 5 26 26 38 16 44 47 38 20 11 29 22 27 34 49 10 33 25 14 34 6 6 34 37 10 31 14 39 3 6 9 38 37 26 8 43 27 41 24 42 42 15 14 19 13 45 18 49 34 19 23 37 9 27 40 16 45 24 18 42 33
18 8 5 25 13 5 14 11 31 17 3 100 16 47 39 29 49 4 42 7 32 31 20 20 43 38 14 27 11 8 22 20 35 46 15 1 14 34 39 31 30 9 45 41 7 49 11 19 10 20 1 50 20 40 44 3 42 4 18 10 16 4 44 32 35 49 29 30 49 20 45 8 36 3 5 47 16 43 23 8 38 48 38 30 35 10 5 49 35 23 6 23 5 6 50 23 22 9 5 21 30 15 15 28 9 7 1 12 46 23 21 42 24 7 7 48 36 5 2 3 31 24 8 7 30 45 43 22 32 28 5 1 18 42 34 43 47 27 46 1 25 48 13 36 17 5 37 8 28 35
31 25 2 25 39 19 26 32 12 3 40 41 20 31 50 19 1 50 46 29 35 16 35 44 10 14 41 48 28 39 6 33 1 39 30 29 15 45 14 13 26 3 38 38 42 30 45 1 100 10 16 28 41 12 29 21 20 21 31 27 40 45 26 6 5 14 26 25 23 25 10 42 45 48 49 46 17 15 33 27 25 15 15 12 31 41 49 32 38 30 7 37 8 20 41 20 17 46 26 24 45 4 44 7 7 40 5 22 38 9 4 50 34 24 11 49 16 43 35 27 40 17 49 33 38 29 3 13 6 15 20 25 7 31 12 26 13 17 27 24 49 38 18 22 20 8 11 45 40 44
11 100 29 9 22 33 37 43 17 42 41 20 5 30 4 23 24 7 18 12 50 17 4 19 8 3 47 28 17 12 39 27 2 17 48 23 22 50 5 44 13 48 1 1 36 10 26 45 13 19 19 22 42 12 10 3 31 10 33 45 26 6 39 5 43 33 46 9 15 30 18 12 28 37 26 6 44 13 38 45 4 50 50 40 40 22 46 24 1 5 43 50 30 4 26 40 45 7 15 11 39 4 19 6 5 37 31 40 33 33 12 50 25 20 28 12 47 15 8 33 2 11 29 22 24 38 31 35 24 14 39 38 40 9 16 21 39 38 38 41 11 22 29 23 44 39 23 3 14 22
17 49 26 18 31 35 6 41 44 27 24 14 43 33 3 38 30 13 4 17 5 1 43 5 16 46 16 21 15 48 16 8 40 24 46 43 41 3 21 36 39 32 43 19 32 26 40 47 19 25 48 34 35 25 47 1 5 16 48 45 7 1 30 17 37 43 4 43 24 22 11 39 43 42 16 48 40 42 11 23 19 39 1 50 49 50 43 9 30 14 29 18 8 22 13 48 41 1 46 29 41 21 15 49 42 41 3 26 48 1 20 32 11 2 43 46 16 40 23 24 24 33 33 21 49 46 15 47 8 43 100 45 44 17 37 13 17 1 37 40 9 19 44 34 27 45 36 38 12 31
29 32 43 42 47 17 7 13 19 45 34 43 7 9 6 30 50 41 20 41 50 45 36 6 15 4 32 10 15 44 8 13 42 17 36 32 7 32 33 24 25 28 1 29 39 15 44 15 17 50 6 13 19 1 30 5 28 15 18 37 45 25 3 19 34 28 30 26 29 25 14 29 5 24 28 13 16 28 7 31 39 43 2 50 20 35 35 19 50 3 43 13 8 48 38 18 4 32 9 40 6 28 42 47 33 38 41 9 26 10 3 38 23 29 29 100 22 19 10 40 11 46 47 22 1 9 22 14 21 27 33 21 4 23 46 42 49 21 49 23 30 4 15 38 2 41 34 18 41 42
1 5 50 2 36 19 10 50 10 43 40 15 33 3 10 49 43 11 12 50 28 7 33 9 44 47 24 34 50 33 38 43 4 39 6 37 33 44 48 42 30 23 41 45 40 4 3 7 50 44 3 14 48 29 24 40 27 34 7 48 40 10 5 23 39 49 13 41 8 31 17 42 20 41 47 34 37 37 4 42 6 22 17 5 15 100 16 4 42 43 29 45 41 11 28 35 32 16 27 17 9 49 7 8 25 49 14 11 10 28 49 28 29 26 48 15 35 24 30 13 48 34 13 27 4 47 49 17 7 41 37 1 18 39 13 1 19 3 16 43 29 26 24 25 49 5 15 14 10 41
34 23 13 47 32 13 4 16 41 49 49 9 2 1 18 28 1 6 29 4 6 23 19 46 3 48 12 31 11 50 12 1 17 8 3 3 41 27 12 11 27 19 17 6 26 26 17 27 9 33 30 1 5 38 41 50 28 25 44 21 19 21 20 10 38 49 15 37 39 34 11 28 18 23 8 45 33 36 50 39 100 3 49 8 20 1 16 10 13 30 31 49 11 16 33 25 34 19 22 28 15 41 24 46 30 37 28 28 40 35 14 50 5 14 34 6 40 10 5 33 5 48 17 19 5 41 40 15 49 1 32 14 43 2 15 32 40 10 13 18 16 18 45 47 44 46 8 46 5 21
18 22 13 2 16 42 16 46 9 1 3 15 9 31 35 42 49 44 16 36 36 48 44 50 17 11 27 3 1 6 27 2 11 44 39 1 24 45 16 1 10 2 42 15 48 39 26 18 24 27 11 2 8 22 47 39 25 28 27 44 45 35 43 17 31 50 24 24 5 47 35 30 6 31 47 48 17 11 13 5 46 32 27 16 45 23 37 11 34 41 43 49 1 16 35 19 36 10 1 14 8 30 17 40 33 12 20 24 49 49 100 17 45 13 47 7 12 45 40 48 30 37 36 8 28 38 2 11 28 40 22 17 39 28 34 29 42 9 1 32 29 40 10 1 16 50 22 19 37 29
27 33 8 38 17 37 34 46 20 50 2 49 35 8 8 15 49 21 27 26 100 29 19 35 45 18 18 39 46 24 32 38 12 8 33 8 38 39 34 49 26 31 26 41 8 23 46 3 29 23 3 16 18 31 36 7 29 15 14 48 20 49 7 10 31 12 24 42 25 43 39 12 4 39 39 13 34 34 35 6 29 19 5 50 27 20 26 11 44 10 33 4 47 49 28 15 39 25 4 13 18 9 32 38 3 38 23 25 4 28 2 27 20 48 32 16 32 14 13 6 45 7 25 10 33 47 21 12 6 10 19 16 18 6 2 19 41 35 41 7 38 46 27 41 23 6 48 7 46 27
10 43 20 18 41 32 50 41 11 37 15 39 5 24 25 45 2 30 30 45 13 10 35 28 9 18 5 1 1 19 23 2 21 49 50 25 1 28 46 32 31 7 22 31 10 22 45 12 45 11 4 45 40 22 35 12 2 9 23 13 31 31 14 49 41 13 5 44 23 21 49 41 18 33 27 3 11 45 27 13 47 14 41 6 4 10 7 9 10 26 26 23 10 11 28 17 1 38 50 5 48 19 5 14 27 38 26 1 4 35 11 29 39 18 35 44 11 28 13 10 30 3 41 26 6 13 10 18 23 45 33 48 20 23 39 44 33 12 100 16 14 36 33 9 12 50 9 44 32 12
9 31 10 16 34 30 43 26 30 14 34 39 12 24 12 27 30 21 23 18 31 26 27 39 42 50 15 12 22 12 48 31 5 34 48 15 10 19 48 31 35 31 40 28 15 32 24 31 6 18 38 20 31 40 39 26 5 33 2 11 44 39 47 17 41 16 4 40 41 32 14 47 49 100 28 36 29 50 17 11 31 2 28 38 34 40 30 44 8 35 15 20 5 11 39 6 33 12 14 7 21 25 45 19 27 34 16 12 1 16 18 15 3 6 1 50 11 46 40 23 4 44 10 44 16 38 44 15 35 7 29 11 6 9 1 18 48 6 6 41 31 18 35 19 23 20 48 47 39 49
15 32 13 4 10 28 48 18 2 12 45 42 28 47 15 34 22 30 18 7 45 37 20 6 39 39 31 23 28 33 47 15 19 48 100 5 41 11 21 42 41 30 15 40 34 41 27 2 33 44 42 4 20 41 15 44 45 45 25 41 18 15 18 26 49 28 22 2 27 4 10 39 24 41 23 6 25 47 35 6 22 45 48 33 26 5 10 29 24 40 18 23 5 9 14 42 33 16 18 31 8 46 35 13 47 34 49 24 10 43 17 35 17 8 21 20 44 11 17 31 29 28 28 12 47 42 36 44 14 34 9 23 2 3 32 29 29 22 2 41 37 47 29 49 20 40 31 34 30 25
42 21 23 14 46 18 38 45 42 10 22 35 50 36 46 43 19 39 10 28 44 50 49 6 3 34 8 35 19 40 50 32 14 49 27 42 10 30 21 46 24 38 32 8 33 1 42 25 5 20 49 28 48 46 30 14 29 34 38 1 24 48 24 47 30 35 28 41 47 18 11 45 6 34 30 44 26 19 16 20 50 26 4 4 13 11 15 42 21 15 33 100 6 28 4 42 47 37 3 34 31 19 6 22 23 19 10 38 24 33 11 37 8 29 44 31 3 3 29 17 43 15 31 2 32 3 18 2 9 9 35 37 36 11 12 35 30 40 20 13 48 27 36 46 48 47 42 18 9 44
8 30 49 22 47 19 16 10 26 6 22 8 48 27 34 24 34 42 49 43 37 44 3 39 28 35 22 7 49 31 25 38 35 4 27 24 19 31 3 30 35 6 24 36 35 21 1 47 39 10 4 36 39 11 5 35 44 36 34 4 40 49 37 39 2 26 28 43 41 20 29 4 36 41 38 15 23 42 26 25 9 37 5 23 12 21 39 26 34 7 30 34 41 24 28 19 34 11 18 26 17 1 23 29 9 1 9 25 1 29 14 100 27 4 1 42 43 38 9 30 39 47 11 38 44 18 37 42 13 29 45 29 24 50 40 36 14 36 39 3 6 7 40 14 47 12 39 35 50 47
48 12 22 37 36 9 19 10 23 12 48 3 3 32 37 30 49 49 32 3 17 1 13 7 6 22 42 48 48 17 7 42 11 22 42 35 25 30 34 28 14 39 10 35 23 46 14 25 44 32 11 37 32 41 18 31 17 10 46 5 15 30 2 11 23 26 35 1 27 21 44 48 49 21 40 17 21 32 1 6 50 26 29 3 100 39 18 36 43 24 48 11 3 38 19 20 34 41 47 43 35 28 1 43 5 13 22 34 9 2 10 33 29 15 34 35 45 16 4 41 23 4 16 46 6 45 35 47 14 25 25 8 17 29 19 41 15 1 16 31 32 49 43 6 2 28 31 27 37 9
38 37 18 41 50 28 37 48 6 34 36 2 50 35 44 41 15 7 17 33 5 39 28 32 44 48 100 27 19 19 29 38 8 5 48 26 27 43 34 37 5 36 18 24 49 5 46 9 28 40 17 44 43 43 8 34 2 11 12 38 22 19 20 22 22 49 28 24 4 8 44 18 50 37 37 27 10 44 15 22 29 1 8 23 43 28 12 33 6 6 8 20 29 28 23 44 50 11 14 23 17 2 5 33 5 33 23 19 25 35 41 46 34 18 5 45 8 37 23 13 16 48 15 40 4 21 13 1 41 4 43 10 42 6 33 17 37 31 24 18 30 33 47 29 46 13 30 14 32 29
28 25 25 50 27 46 2 36 32 28 8 6 7 46 7 35 27 27 14 26 3 3 45 16 23 39 26 15 24 44 32 38 35 22 17 2 26 14 10 33 1 20 45 6 16 32 43 22 48 36 40 33 42 11 36 28 16 26 45 31 34 18 48 49 40 3 9 14 27 47 23 7 11 40 18 19 33 26 15 100 8 40 12 7 32 33 4 44 21 23 37 28 13 35 10 28 21 7 47 5 27 31 22 44 32 14 33 32 30 21 47 36 41 44 18 10 41 1 30 26 34 26 9 13 11 30 1 3 48 5 50 3 47 35 39 24 37 4 20 16 1 14 14 12 31 12 12 18 40 40
1 44 43 44 38 9 50 1 47 14 30 30 34 2 10 7 18 30 41 13 40 33 50 7 22 16 39 12 7 44 1 39 37 34 22 15 6 42 39 1 12 12 6 17 32 25 15 12 29 26 20 16 26 10 44 22 25 16 27 39 46 33 13 32 39 1 24 38 38 33 14 33 5 39 41 29 3 6 26 23 22 5 2 50 31 1 37 49 16 32 37 30 35 44 21 38 8 3 3 36 24 40 33 43 18 20 23 43 39 1 47 26 16 2 45 34 23 38 42 22 32 13 1 28 8 23 3 24 42 33 27 6 100 29 31 8 3 45 49 7 41 21 4 21 47 35 35 23 18 47
41 16 48 41 47 33 32 26 5 8 6 29 36 19 31 44 14 9 1 48 25 15 1 15 25 39 15 21 14 11 28 32 9 7 10 17 37 49 4 10 15 2 15 47 36 46 5 45 14 23 41 11 18 18 25 26 42 29 39 16 36 25 10 14 14 18 44 48 24 22 42 39 15 15 38 2 31 21 35 6 11 49 48 37 32 10 21 24 50 24 16 39 31 50 23 47 10 3 2 29 13 28 20 13 2 15 20 30 34 36 34 9 26 40 23 4 45 30 46 38 18 50 30 31 41 36 4 44 25 100 49 17 15 42 15 15 24 40 21 1 24 12 45 34 16 11 35 1 18 49
45 39 43 12 36 21 35 33 6 14 10 24 17 34 16 43 10 47 4 22 35 13 15 45 46 29 20 45 41 3 3 38 22 20 28 48 7 6 19 5 24 19 42 49 25 32 39 19 9 26 32 39 21 24 43 24 25 22 23 20 20 35 26 18 9 28 15 40 28 40 7 43 24 40 24 15 36 5 5 43 33 43 3 47 10 37 1 48 27 34 10 45 45 32 7 9 23 44 4 16 26 13 24 19 35 32 24 28 45 1 8 33 2 20 41 18 48 6 38 13 6 10 12 31 49 19 32 19 30 33 28 23 6 39 18 47 12 38 45 36 24 48 33 42 24 48 100 6 47 45
26 23 28 27 31 45 28 3 44 6 6 27 33 28 14 5 25 10 26 42 48 26 3 44 24 3 13 15 49 13 16 4 4 13 40 27 30 24 6 40 46 32 36 1 29 11 10 35 37 38 37 24 21 35 48 45 12 17 31 27 46 33 16 4 1 9 31 20 33 45 11 2 6 17 11 43 49 28 39 35 32 25 26 8 27 8 19 5 25 22 47 33 38 28 3 38 44 12 28 10 6 6 36 4 33 41 34 12 19 16 42 11 14 37 17 20 19 6 3 32 39 49 25 4 100 5 32 35 42 24 41 26 38 39 4 18 24 45 17 36 3 22 50 47 19 22 20 41 39 48
30 25 6 25 36 47 30 11 18 1 38 49 13 29 29 33 12 13 47 29 47 17 42 19 42 33 9 31 20 9 34 49 25 24 14 16 4 12 46 31 27 24 21 46 44 45 17 27 23 4 31 34 34 9 25 29 29 30 37 41 44 43 7 2 15 48 30 39 9 23 20 15 42 31 17 21 30 10 21 46 30 38 40 25 6 15 49 7 4 45 35 1 44 44 6 21 42 39 40 15 45 40 36 15 9 49 26 30 34 17 19 50 43 40 8 38 14 39 41 6 19 14 100 39 23 37 14 29 19 39 39 10 38 12 2 10 37 38 32 31 11 29 49 35 36 30 9 11 46 40
38 27 45 37 3 16 5 30 33 6 15 50 21 2 18 41 20 47 48 18 11 17 27 31 46 49 3 7 3 46 17 28 16 42 17 49 48 44 45 20 48 36 27 26 10 11 9 39 20 38 41 14 42 7 7 24 43 4 13 19 21 20 33 42 26 18 42 34 7 27 21 15 25 29 29 34 45 17 33 47 50 7 3 46 44 23 24 15 2 30 13 38 1 10 34 25 13 37 32 48 10 49 50 100 41 40 41 9 8 44 19 33 41 3 49 18 46 11 5 47 47 17 14 22 38 20 8 47 7 19 17 42 49 34 43 5 50 16 39 42 38 44 3 48 26 33 7 16 18 42
18 13 23 19 10 5 6 3 48 20 35 35 19 21 5 12 23 11 24 44 16 19 26 46 2 45 36 20 27 14 22 6 9 49 42 1 40 12 23 4 4 17 23 10 8 22 43 45 7 27 16 23 41 38 2 22 48 37 11 18 14 35 18 11 24 14 49 34 4 6 14 13 31 19 32 47 17 47 23 32 4 37 1 17 28 45 18 37 28 27 36 27 35 31 49 27 19 39 9 47 21 45 21 28 15 100 47 17 27 16 42 30 3 21 42 8 39 45 23 6 46 39 12 27 21 10 14 34 5 19 24 22 27 34 9 2 27 20 38 38 17 29 11 6 7 30 3 36 45 28
20 14 4 33 8 24 24 28 43 5 3 29 25 47 39 5 100 47 13 45 43 32 3 15 45 12 18 40 1 27 1 39 34 1 26 24 26 48 2 4 1 29 47 32 31 9 50 47 2 10 37 11 27 6 43 21 37 32 7 41 42 46 32 26 1 41 44 35 4 8 35 10 15 4 48 13 33 30 23 47 24 21 12 33 46 14 39 49 28 35 37 15 4 12 4 38 41 2 50 9 17 21 9 19 29 38 17 34 4 43 41 18 49 49 34 46 9 9 1 24 19 21 17 6 16 6 10 25 28 38 9 41 45 11 42 41 32 15 50 11 1 27 16 17 14 9 20 40 10 20
36 35 19 15 5 47 26 14 43 20 27 31 27 1 27 24 9 6 15 33 50 48 1 26 7 41 10 46 2 13 14 30 20 14 5 4 5 29 8 30 16 35 22 23 45 38 35 43 14 47 38 10 27 25 35 1 50 26 37 49 38 4 26 41 19 12 36 20 43 26 24 17 49 5 23 46 34 41 38 25 38 29 19 13 20 1 3 23 5 17 42 45 16 26 48 18 3 30 27 44 17 4 26 14 2 10 40 44 10 48 26 12 50 14 36 4 24 100 13 14 33 47 30 10 36 43 38 27 2 2 16 20 16 28 49 41 11 8 5 44 1 24 23 15 31 21 23 41 25 17
5 39 23 49 43 31 29 15 35 28 39 18 28 36 12 38 44 45 37 44 45 16 47 37 45 12 48 50 20 34 40 26 13 46 26 35 20 29 35 33 35 3 8 1 24 16 29 17 38 43 8 14 17 21 7 29 30 14 28 34 33 28 31 30 25 23 38 9 24 11 28 25 50 30 22 17 48 34 6 19 19 45 4 21 26 50 18 25 26 11 23 3 41 41 40 28 28 3 5 30 17 17 39 26 3 43 16 24 39 31 42 36 34 100 34 27 31 3 18 36 41 8 33 17 40 30 41 44 19 12 6 32 11 34 12 16 34 46 16 20 20 13 23 1 38 35 23 42 11 14
9 33 49 30 48 36 3 5 44 27 8 45 35 37 15 26 4 32 47 12 4 49 2 26 2 35 35 100 7 20 47 14 20 46 27 36 38 37 38 5 1 10 12 42 37 18 35 9 18 17 8 25 23 29 13 46 38 35 27 22 14 40 25 12 11 36 32 35 28 36 12 8 20 35 37 41 9 25 48 36 49 2 39 12 19 16 17 30 38 2 33 30 48 17 39 9 32 23 35 8 22 2 44 21 17 20 32 22 35 19 20 35 4 23 33 42 21 46 11 39 21 49 26 32 15 37 30 50 15 44 49 33 33 40 2 13 5 45 10 48 39 35 31 15 35 31 30 25 4 20
13 44 28 21 23 48 41 30 28 26 44 42 18 34 8 44 9 47 2 46 38 15 45 16 27 20 23 4 29 49 26 43 4 40 18 3 20 22 34 17 42 42 1 28 41 49 17 29 3 26 18 5 40 32 41 9 50 11 13 13 31 37 17 11 44 24 5 29 50 44 42 24 13 17 26 7 14 40 43 6 50 43 1 16 19 30 8 38 27 20 12 25 20 38 3 10 48 29 28 10 10 14 41 7 4 16 20 41 34 46 33 47 39 22 32 23 14 29 47 9 3 19 5 43 5 8 6 37 37 14 19 19 10 22 8 31 44 100 7 12 44 32 7 7 27 35 49 20 8 41
38 48 22 29 43 15 9 38 43 40 19 21 1 35 42 27 30 30 9 48 1 7 22 20 48 32 14 9 5 31 21 28 35 14 18 5 26 21 32 17 41 48 46 40 31 44 24 100 24 29 19 36 10 29 11 4 12 38 30 28 20 39 36 8 33 50 22 27 24 31 29 36 10 16 10 46 37 22 23 3 14 29 4 18 46 1 8 4 49 41 36 43 30 31 25 4 41 3 6 9 34 47 12 27 43 9 4 37 45 24 24 33 32 17 9 2 36 28 36 2 5 10 7 34 9 24 15 31 45 10 48 47 10 3 2 49 4 30 46 48 4 15 26 10 2 14 20 27 28 5
28 45 16 12 45 11 3 26 11 35 50 45 20 50 35 32 11 22 6 24 19 37 15 41 21 48 38 43 29 27 30 14 45 1 36 7 23 25 16 36 28 9 100 35 2 36 6 33 25 40 12 41 50 8 37 30 28 12 24 34 11 47 24 17 30 43 32 12 29 34 33 16 13 2 8 49 6 11 27 11 20 36 45 23 48 2 12 22 38 43 5 36 37 50 22 30 33 1 46 39 50 48 8 44 21 10 15 20 18 42 11 50 6 26 30 12 11 20 5 44 23 41 15 17 47 17 33 38 27 15 43 13 29 7 15 32 11 50 23 22 4 4 49 10 46 2 4 7 24 8
17 31 34 33 27 43 50 47 50 2 27 5 47 29 22 46 30 1 25 36 19 37 12 23 50 25 2 10 9 5 11 36 44 41 50 6 50 17 12 21 12 26 14 12 11 39 31 32 21 35 16 38 28 38 3 7 46 35 17 10 47 8 33 23 16 30 14 28 9 3 47 50 17 8 43 45 37 4 5 22 21 8 19 33 24 44 22 20 6 45 33 3 26 8 11 30 31 40 100 6 41 12 42 42 6 25 8 32 3 28 34 26 35 13 11 42 26 38 28 27 36 33 17 26 39 17 15 7 3 26 4 15 40 7 47 42 17 36 8 14 33 31 38 42 4 22 9 11 22 19
23 2 14 28 27 24 26 41 7 23 5 22 4 10 33 38 16 16 46 12 1 33 23 25 22 1 21 28 21 45 20 38 44 50 17 26 30 48 12 35 30 35 42 14 1 21 26 10 7 20 45 11 27 21 13 42 22 21 5 17 35 22 38 14 46 45 22 29 30 18 6 41 32 13 32 7 2 26 38 18 49 2 39 46 38 16 100 5 50 2 46 29 9 41 50 46 10 48 14 47 19 49 14 47 13 17 34 6 13 29 30 43 44 18 5 22 6 11 41 2 11 26 17 44 45 43 31 18 23 44 45 3 15 13 46 28 18 15 20 22 50 2 43 27 28 18 34 18 25 24
32 44 39 9 39 11 22 32 16 15 25 11 11 8 23 36 35 14 33 18 10 20 32 25 20 37 33 7 44 10 45 8 4 12 25 44 5 3 4 37 8 28 10 16 30 20 9 8 5 2 49 4 14 14 47 24 18 10 12 33 36 12 50 47 44 17 2 15 19 50 24 42 100 44 21 35 22 7 44 7 21 28 34 30 49 44 35 3 45 8 40 1 20 44 37 14 12 47 28 37 32 10 36 27 44 45 40 1 18 10 42 45 20 22 19 49 44 44 2 19 16 42 31 31 28 32 9 19 21 40 35 46 50 1 13 21 20 8 5 49 26 7 48 11 14 50 20 49 50 42
43 39 16 12 41 3 44 46 42 30 48 18 46 31 34 16 26 20 6 18 37 3 16 22 6 3 6 39 8 12 27 3 6 9 46 100 15 22 25 47 2 2 13 20 6 40 35 2 37 26 44 22 37 16 18 3 44 23 36 21 29 23 22 48 38 44 3 15 2 6 14 1 47 24 30 22 14 25 29 48 49 26 22 25 30 9 42 4 46 35 24 1 41 1 50 28 8 24 17 34 13 18 2 45 34 26 43 37 41 25 45 23 32 11 19 2 7 28 28 38 11 10 4 1 30 7 32 14 24 4 44 34 50 14 11 23 13 20 29 33 40 40 31 17 5 20 21 6 33 31
39 45 13 46 44 34 1 49 8 21 13 47 26 43 42 35 15 18 35 49 32 46 19 32 1 39 23 43 7 28 28 28 38 41 35 20 49 42 42 47 6 24 49 39 18 38 4 33 24 38 34 36 26 17 27 38 19 31 7 28 100 41 15 26 45 46 43 24 41 16 13 24 9 34 44 10 35 6 43 17 13 15 37 29 16 14 48 23 30 45 34 3 40 29 13 25 32 43 24 7 47 40 17 37 3 41 8 29 32 6 20 16 50 19 5 8 14 37 2 27 18 45 43 3 48 26 50 8 14 15 50 37 36 47 41 26 39 45 43 40 36 2 21 23 9 3 20 18 43 31
24 39 36 47 3 42 35 10 25 27 28 15 6 46 50 18 42 21 32 22 25 29 30 8 6 41 2 31 41 10 9 44 36 1 10 25 32 20 11 49 42 16 26 42 18 43 34 25 47 46 38 9 40 45 49 35 41 33 2 39 22 22 49 3 44 14 7 100 8 25 12 17 50 47 48 50 27 45 13 2 47 33 15 3 9 35 45 16 42 36 8 30 4 15 22 25 14 49 25 10 40 16 47 12 18 15 9 12 50 34 24 7 14 15 39 48 1 49 34 15 37 24 41 41 42 5 20 25 36 18 43 49 47 14 4 20 20 16 45 38 27 3 33 9 6 29 47 17 4 21
43 11 47 38 36 6 40 1 36 41 34 34 28 35 8 34 45 24 18 4 4 19 9 6 17 9 46 9 35 24 15 25 19 46 6 36 23 41 44 30 29 28 40 100 24 28 37 15 7 4 12 47 24 41 46 44 21 48 5 50 7 9 25 36 17 46 14 39 48 35 23 16 30 11 25 49 20 33 38 16 24 42 33 10 23 32 6 16 40 49 22 20 30 41 28 1 34 8 9 7 26 9 36 8 21 32 42 20 40 42 13 39 38 29 7 47 27 5 26 9 33 44 18 35 22 26 19 23 13 10 13 29 39 24 31 33 14 1 37 19 6 18 49 47 15 37 31 44 35 21
14 3 40 8 41 1 11 49 15 15 1 10 46 100 38 26 1 27 42 50 46 8 26 31 10 34 49 1 43 31 25 27 4 33 23 2 11 29 6 41 10 47 30 32 12 29 8 3 46 2 39 47 38 21 23 19 10 50 6 21 11 26 37 22 38 14 43 22 1 32 4 46 49 19 11 9 22 5 49 3 16 43 31 40 29 27 26 42 18 11 18 37 17 2 9 41 30 32 43 18 5 14 5 22 10 33 34 30 19 46 22 47 10 44 32 35 39 20 41 46 48 36 28 46 45 7 19 10 34 8 38 4 12 2 27 4 25 19 19 3 32 1 49 15 14 20 21 40 5 24
10 16 14 7 24 18 25 35 38 17 22 44 29 35 8 21 42 20 29 31 14 14 12 20 14 13 14 7 3 9 41 46 27 49 2 24 1 30 7 27 8 11 25 12 10 16 1 7 6 46 46 37 1 35 39 18 46 49 16 40 27 24 41 10 35 44 48 50 40 35 36 19 29 32 20 14 50 2 39 6 12 21 5 5 10 47 20 40 24 6 28 12 4 46 36 16 50 34 19 37 18 42 50 15 5 15 100 32 39 28 39 21 21 6 19 6 21 16 50 16 1 37 11 9 1 41 23 47 21 40 8 34 49 19 31 8 25 35 12 48 38 11 30 41 21 6 27 42 35 45
15 3 42 15 49 35 35 36 3 5 100 44 5 25 20 39 24 25 2 31 20 44 22 50 3 13 5 14 16 35 2 1 3 7 11 33 11 38 45 6 16 42 28 6 15 31 41 36 49 1 35 13 41 43 21 20 29 26 6 19 1 14 17 35 38 28 6 28 31 45 17 3 26 16 25 5 14 4 14 19 24 40 33 50 26 37 42 46 38 8 46 38 16 40 44 46 40 35 15 49 24 29 15 2 48 18 1 32 24 35 7 18 35 34 12 50 6 16 15 9 48 30 14 32 45 6 49 40 50 42 11 10 50 30 5 2 42 2 12 2 13 2 8 38 16 25 17 38 48 18
20 9 20 21 18 16 41 50 44 9 9 23 37 50 26 6 40 41 34 46 23 38 9 40 6 18 27 44 13 41 45 28 21 19 50 8 33 39 25 4 38 27 39 36 100 22 28 29 6 6 37 8 2 44 5 50 6 48 29 41 4 7 24 32 14 26 48 25 22 30 20 19 37 49 24 41 18 19 5 39 24 29 39 19 19 35 14 41 19 37 26 27 43 49 3 41 11 19 23 21 21 32 24 44 18 45 23 28 22 24 23 27 11 15 48 12 25 41 42 19 20 28 23 3 8 29 42 41 37 20 36 38 11 3 18 17 44 7 28 36 8 23 13 16 27 22 41 29 34 32
38 2 16 44 13 43 6 22 47 34 39 34 40 16 36 24 1 5 32 41 48 23 26 13 25 10 5 45 29 5 30 46 8 35 21 15 34 18 24 44 11 1 12 49 3 16 34 18 48 16 7 42 16 2 2 33 34 31 46 20 47 36 21 35 35 12 8 38 46 47 38 50 16 36 48 29 33 17 42 37 11 4 49 7 39 25 7 44 19 100 24 49 18 23 14 46 33 15 7 3 45 44 35 29 5 1 6 17 48 31 44 23 20 37 14 49 20 8 3 14 43 41 13 31 45 46 23 16 45 36 17 43 17 26 14 20 8 34 25 2 11 49 37 42 36 39 44 19 47 46
26 12 6 3 3 7 25 41 5 35 41 21 17 10 19 27 28 12 2 26 19 34 21 18 1 49 22 43 12 32 14 15 44 31 8 38 20 41 10 35 8 25 49 44 34 41 100 31 42 2 6 49 40 17 19 33 7 34 38 48 20 7 22 11 29 50 39 33 49 38 13 43 42 33 26 19 35 11 37 32 7 8 29 5 2 12 27 21 3 39 34 23 43 16 8 37 2 33 13 33 5 5 44 29 34 29 19 50 35 16 37 28 49 4 29 3 9 34 45 41 12 46 7 38 23 9 16 10 43 34 14 49 31 9 48 45 13 26 48 43 50 36 29 15 44 36 2 34 45 8
23 38 46 8 27 2 42 43 21 39 36 24 40 30 18 10 48 46 12 21 44 25 4 42 44 18 46 27 27 41 30 38 14 3 36 44 21 11 21 45 18 35 45 46 19 17 2 24 21 43 9 19 47 26 41 30 5 3 1 41 26 4 7 30 49 3 30 31 3 16 19 3 27 5 44 7 21 32 27 32 3 12 50 9 33 35 2 8 6 39 9 12 5 11 18 21 11 20 28 21 40 9 6 26 37 7 49 5 3 100 37 34 25 8 35 10 28 21 5 32 23 35 25 30 44 22 35 4 9 7 21 50 32 19 35 24 35 15 15 31 3 36 1 4 44 40 33 10 41 47
100 43 14 48 28 45 1 35 13 4 4 33 47 14 8 35 3 47 31 20 50 10 17 25 40 25 20 21 44 14 22 15 28 16 19 19 30 22 36 30 35 21 28 30 12 13 45 3 32 5 7 33 19 21 32 15 13 36 14 35 27 27 37 37 28 49 2 8 33 27 29 19 27 22 28 20 36 39 34 35 5 49 21 1 11 13 49 29 5 23 29 34 15 42 33 38 49 23 12 14 22 16 12 15 15 27 1 10 13 17 28 37 41 47 33 32 41 22 15 49 36 47 44 24 17 21 1 5 19 49 18 26 26 39 9 36 12 15 21 3 27 44 41 29 9 10 21 39 4 5
17 38 23 15 17 2 36 28 2 44 1 13 37 2 43 49 35 47 23 27 4 20 50 3 15 39 26 46 9 13 5 18 45 49 7 32 32 32 33 27 39 19 49 3 4 3 17 21 12 17 40 17 47 36 27 42 16 29 23 30 35 1 4 27 37 18 19 46 27 100 7 33 48 1 23 3 35 45 1 35 39 13 30 32 1 8 48 23 19 29 47 12 13 13 29 47 48 41 16 37 10 28 47 45 43 3 7 41 50 44 27 45 42 15 11 41 21 50 50 25 22 39 32 31 9 14 49 44 26 2 39 25 35 7 50 43 33 43 18 42 35 6 38 43 26 21 28 26 8 39
29 43 16 14 3 47 13 22 8 39 31 3 20 33 9 49 27 25 16 10 49 20 8 18 20 100 1 34 47 3 9 24 5 3 45 7 15 6 20 39 36 37 25 50 41 34 30 28 50 49 31 41 29 50 5 17 46 44 45 26 30 8 44 20 2 31 4 19 21 23 22 31 17 25 24 6 17 45 12 26 46 24 29 41 41 26 8 25 32 33 39 18 47 49 45 21 36 35 16 10 16 46 17 16 29 32 35 34 8 3 34 44 14 18 30 16 34 5 24 49 3 19 28 37 2 40 4 25 19 23 38 11 22 31 32 7 16 6 9 41 27 6 9 39 37 48 33 24 30 45
12 33 24 1 8 40 18 17 6 18 7 19 30 4 29 9 19 29 29 37 50 14 6 34 48 45 40 38 34 15 7 29 10 9 50 37 32 33 6 12 46 24 3 25 30 14 3 41 18 13 43 18 29 2 11 8 11 10 30 5 49 35 8 34 30 24 44 27 11 42 9 23 19 42 35 32 33 35 2 11 29 37 47 39 28 3 5 25 22 13 43 19 18 36 4 42 43 21 26 31 30 13 30 3 36 26 22 43 19 2 40 48 47 7 13 5 33 32 100 48 3 41 26 12 19 19 24 4 1 18 50 36 1 2 32 42 37 40 47 22 37 49 28 21 47 48 5 27 20 17
30 32 5 42 46 15 33 47 3 23 44 50 38 39 41 20 36 7 25 28 40 35 46 30 11 44 30 45 16 4 37 42 5 46 44 34 39 3 18 18 47 27 1 31 50 14 24 50 10 28 48 23 29 7 13 38 9 39 1 15 34 21 9 39 6 14 44 26 100 29 17 4 31 35 14 2 11 28 39 16 20 6 22 19 28 14 9 2 28 19 8 16 45 3 10 49 29 16 33 28 10 23 6 47 33 24 1 7 40 50 50 29 31 47 43 21 27 10 34 48 13 26 50 37 11 26 17 49 48 11 42 42 46 4 50 5 37 37 7 26 41 23 41 36 41 49 28 11 15 24
23 31 46 36 4 50 49 23 41 44 38 10 4 41 40 18 48 9 11 7 1 48 8 2 31 14 23 37 22 25 15 9 20 43 40 16 38 43 2 20 47 5 7 37 45 14 8 45 45 49 39 14 7 40 32 18 1 23 33 28 28 13 37 16 30 26 29 35 8 17 24 30 21 36 37 15 39 25 28 41 40 9 42 39 2 36 34 8 10 46 31 42 20 30 29 45 16 32 11 14 4 23 11 14 8 22 44 20 13 44 22 43 6 29 14 29 32 31 28 28 100 22 39 39 30 30 28 1 30 11 50 1 39 45 2 29 35 21 40 42 17 19 49 23 32 24 19 20 27 11
35 41 27 12 19 12 48 26 31 46 17 30 45 33 23 3 44 16 1 10 8 8 39 7 32 38 50 44 8 16 29 24 100 12 38 37 46 33 39 17 30 25 48 43 42 41 37 25 45 4 18 11 36 25 2 25 2 43 10 31 15 9 29 23 6 10 33 1 41 18 7 29 35 34 20 16 45 34 7 22 2 20 36 41 24 27 10 18 49 47 3 26 38 29 8 13 37 45 18 31 4 8 9 34 22 31 9 47 32 27 29 43 25 22 10 17 47 35 11 12 42 26 28 3 14 47 34 23 19 50 42 37 28 44 44 27 15 3 25 42 26 26 23 4 47 23 25 35 25 4
3 33 48 47 37 18 48 48 26 43 8 18 31 19 22 39 39 40 49 13 38 25 21 24 3 13 18 10 5 19 28 26 35 13 42 48 10 15 8 8 34 47 10 21 10 23 18 10 22 11 9 3 3 31 17 31 41 34 43 26 46 100 43 20 2 25 31 21 47 18 23 23 44 8 14 35 15 42 7 5 49 38 49 48 15 15 20 5 9 24 15 37 33 43 20 29 33 7 38 17 8 19 42 37 27 32 28 34 14 47 43 25 6 37 39 50 40 4 19 9 4 37 30 8 11 27 18 2 23 35 17 42 5 24 50 4 47 47 41 6 43 37 18 21 45 9 30 36 6 44
37 7 50 17 19 45 39 28 12 37 46 14 5 10 13 2 10 21 5 1 37 44 27 48 6 17 20 28 13 31 5 23 31 4 29 10 8 12 23 48 19 21 44 35 10 1 37 42 16 32 10 23 37 19 42 28 3 26 12 20 13 4 10 50 40 26 49 24 40 50 18 100 48 38 11 30 27 27 14 29 13 15 46 17 48 50 8 42 21 9 16 33 34 6 23 19 20 36 35 33 23 33 39 23 26 26 26 40 19 13 42 26 47 46 12 1 17 37 26 21 24 24 8 48 31 36 26 11 16 41 16 31 25 24 22 32 49 21 7 14 7 17 36 25 35 49 21 42 31 10
48 1 44 23 9 48 33 7 25 26 39 39 20 24 44 29 25 15 4 24 4 5 8 48 7 32 9 36 25 39 11 20 1 9 3 38 6 16 4 42 1 3 36 21 17 27 2 30 42 9 3 26 4 40 1 29 3 46 19 44 27 49 50 5 45 15 6 33 19 44 49 40 12 18 23 13 9 6 10 1 46 11 37 39 4 29 44 23 28 28 40 43 44 31 11 33 46 13 37 6 50 7 41 8 48 26 42 37 37 34 49 37 40 40 49 32 37 43 45 32 36 32 8 41 19 1 5 43 48 4 11 37 45 11 40 4 2 30 5 1 10 44 30 45 12 31 22 4 33 7
43 46 23 31 3 10 49 9 13 20 7 15 46 2 31 46 2 23 10 28 2 22 8 23 27 4 10 33 44 26 33 48 6 42 17 8 18 3 6 25 18 44 35 35 31 9 41 36 38 33 37 6 40 5 13 35 25 11 13 8 44 9 31 38 3 10 26 36 5 27 3 28 12 40 47 15 25 18 35 29 17 22 4 16 43 47 33 11 38 16 22 8 8 22 17 35 36 28 1 42 44 45 3 14 19 38 45 33 21 39 48 42 34 9 31 15 16 49 6 21 19 38 47 26 20 19 45 44 44 42 16 28 6 12 100 19 28 36 24 48 33 28 39 35 43 11 24 12 2 7
15 47 6 47 26 38 22 45 15 19 17 27 42 37 15 23 2 33 23 6 23 24 2 48 3 13 19 49 32 46 21 3 2 42 19 50 48 49 27 27 40 31 17 16 44 12 2 38 12 29 46 10 48 2 14 5 24 14 8 31 21 38 22 35 2 43 7 43 45 45 43 27 37 50 15 50 44 1 38 47 33 23 40 30 11 14 22 13 25 46 15 49 33 37 49 50 33 48 50 15 30 47 6 46 11 12 50 18 8 21 11 21 100 43 2 43 34 21 50 7 15 13 14 1 5 31 17 36 39 44 34 28 21 37 27 21 29 48 47 18 50 14 49 11 12 40 13 11 18 15
34 3 41 6 44 22 46 27 27 41 4 41 44 43 48 11 23 19 27 11 43 45 45 23 21 34 50 29 26 1 2 9 37 12 17 40 40 6 8 1 49 25 41 41 32 2 4 27 11 50 36 29 46 12 42 40 44 29 43 37 13 49 19 100 27 26 17 20 5 9 16 37 12 12 50 35 36 29 46 30 49 36 27 18 47 29 10 35 32 12 19 50 23 24 30 44 13 49 13 30 28 47 9 22 24 29 36 15 24 5 8 13 35 13 15 34 28 33 49 17 4 37 16 43 5 10 34 3 15 48 17 34 9 1 32 23 26 25 30 4 49 39 32 19 42 27 44 47 50 12
13 25 17 50 30 27 29 34 42 35 5 49 30 49 3 100 8 25 21 12 1 33 16 1 28 44 22 48 19 45 34 3 26 32 24 7 11 39 36 25 32 34 35 40 1 3 2 30 49 4 17 11 1 26 37 40 35 39 26 2 3 27 30 4 21 33 40 31 38 33 21 8 45 9 45 24 31 22 36 5 18 5 4 1 41 1 36 44 24 44 23 50 48 36 22 16 22 40 6 33 3 33 22 34 46 50 19 30 36 35 11 49 44 31 1 20 30 45 2 23 26 36 38 32 50 2 49 2 4 6 36 2 43 36 25 48 34 19 30 28 5 35 1 2 48 2 21 45 26 29
32 40 45 8 37 50 47 28 44 100 19 9 19 1 38 10 22 26 46 41 47 23 11 30 27 46 8 18 1 1 10 39 43 15 44 22 28 42 24 21 22 27 8 43 31 10 40 37 26 14 32 20 34 9 48 13 23 47 20 41 37 16 44 31 17 39 24 19 29 43 22 26 32 2 25 25 12 3 3 10 35 24 18 49 26 41 17 28 36 24 8 17 10 23 17 21 48 29 28 38 6 49 21 27 4 12 25 41 29 6 21 10 46 9 14 48 49 22 40 18 21 15 24 37 33 16 5 10 11 25 1 39 33 39 42 31 12 40 35 27 43 17 20 22 30 16 7 40 33 28
15 2 8 13 9 7 19 16 12 3 15 44 46 10 49 32 14 23 27 19 11 19 17 37 20 26 19 40 27 27 18 23 29 46 5 37 46 16 49 15 32 5 8 3 11 27 17 16 49 22 23 5 47 28 28 12 40 20 3 20 15 15 16 28 21 26 2 39 5 2 37 38 20 21 31 27 9 9 40 22 2 35 47 36 50 20 14 35 26 39 13 48 46 18 26 22 27 26 38 45 33 20 19 41 33 14 46 18 21 7 23 50 38 44 30 18 20 25 44 12 26 38 23 8 21 42 21 19 100 18 50 18 26 3 17 45 39 14 49 47 27 12 14 47 2 36 48 21 48 20
41 10 47 19 35 28 19 28 48 16 33 48 40 15 33 45 30 9 100 25 6 46 38 25 45 12 15 13 4 23 49 48 50 43 16 12 10 44 3 44 2 17 35 17 40 11 49 46 42 41 9 47 15 14 6 8 3 37 38 24 20 47 22 43 44 32 46 6 32 4 4 29 13 20 14 34 42 14 43 21 30 3 47 2 4 44 19 32 33 11 41 5 3 1 18 35 22 35 20 42 37 34 6 47 44 34 9 2 47 39 38 34 46 10 48 17 22 48 20 31 5 41 25 32 2 31 27 21 31 38 32 24 12 2 47 26 16 13 29 31 44 16 27 27 33 21 44 39 27 43
31 31 29 19 12 31 6 47 41 44 47 43 42 25 12 29 21 39 14 28 41 38 11 37 35 5 24 13 49 17 1 16 9 20 48 4 29 15 24 45 8 25 33 11 47 22 7 13 50 20 23 100 18 8 29 25 20 14 31 13 42 4 23 12 3 24 41 47 14 20 38 2 13 20 34 11 23 34 5 10 26 17 16 4 5 41 26 36 6 26 41 47 45 24 48 45 21 23 11 3 37 1 4 30 24 12 42 29 3 38 14 11 21 17 32 31 39 44 41 40 40 38 5 8 13 39 12 25 1 44 20 30 50 47 44 19 33 50 37 1 11 19 3 26 15 20 41 33 33 41
25 47 9 19 14 7 42 1 8 31 49 45 21 29 40 13 16 7 14 12 31 25 41 35 31 7 10 25 40 32 40 8 12 25 45 35 18 1 36 8 39 46 20 22 19 17 19 14 19 30 30 45 31 43 36 11 45 24 18 46 42 5 8 13 34 39 2 49 15 39 31 34 23 9 3 1 34 50 45 7 14 3 47 7 13 18 3 10 47 21 48 10 25 30 3 24 17 42 35 20 6 43 11 15 35 7 24 15 10 20 45 46 8 10 2 35 16 36 47 35 9 41 31 6 29 28 1 2 49 8 38 100 42 15 39 22 19 4 8 26 48 10 15 8 17 46 19 21 20 40
39 16 35 7 22 22 44 31 38 41 44 33 8 24 30 22 31 34 12 5 30 6 44 47 43 42 4 49 16 21 35 33 24 16 7 6 13 4 4 100 25 7 34 44 27 40 48 4 42 28 8 29 23 20 46 50 29 37 40 38 40 15 48 20 17 38 40 32 5 35 14 23 27 13 19 31 40 39 45 19 29 9 40 43 30 34 49 9 11 2 50 46 50 2 30 40 7 37 43 3 43 9 34 21 26 32 34 10 39 21 10 34 35 10 36 3 2 10 6 8 49 35 27 10 42 11 26 23 22 31 9 13 17 31 3 50 25 4 19 20 3 8 40 33 14 49 20 43 49 33
46 5 32 15 11 17 49 3 19 38 24 28 15 41 43 32 12 35 16 10 3 37 8 25 35 36 18 36 20 50 16 43 29 43 14 11 12 50 11 34 12 16 19 4 16 29 8 31 2 35 23 18 32 47 15 35 1 33 8 23 12 21 37 46 15 21 32 13 8 44 4 44 7 13 48 35 6 48 30 19 27 43 7 20 23 21 38 33 18 13 21 4 35 35 31 5 18 40 25 9 44 5 32 33 18 2 18 40 15 9 44 3 36 30 16 44 23 46 36 26 1 17 44 15 3 26 32 26 6 12 37 42 28 100 2 23 31 50 4 36 12 6 39 29 31 42 40 10 50 13
26 19 14 39 8 30 5 21 6 33 26 13 3 15 4 49 19 11 37 8 18 30 50 10 21 32 17 27 41 27 24 22 49 21 44 20 43 23 15 10 48 10 14 40 19 29 36 21 8 4 32 23 21 20 41 10 21 27 21 28 39 19 31 20 20 6 34 12 50 12 17 3 14 3 8 12 100 24 3 16 27 43 39 3 36 7 28 15 13 42 46 48 48 36 46 49 5 17 14 29 25 49 19 38 46 4 13 2 50 32 5 24 16 39 22 11 4 7 14 19 38 12 33 20 2 6 46 19 24 33 3 1 30 36 16 11 6 35 20 21 14 24 48 5 17 10 8 2 31 23
16 5 25 13 44 17 37 11 17 12 38 39 100 19 8 33 6 37 13 50 1 19 45 14 40 13 32 8 26 26 9 8 23 19 36 29 29 43 10 29 37 47 43 31 19 43 29 38 33 37 7 10 50 44 50 42 30 4 28 4 22 32 7 6 5 14 33 43 23 39 20 43 18 24 41 6 5 46 17 4 23 16 24 6 41 1 14 33 11 2 22 30 8 35 28 15 22 12 39 1 19 14 33 49 42 42 14 25 22 1 7 50 26 25 22 15 21 21 49 42 9 39 9 6 26 4 37 41 39 14 48 12 3 40 15 42 2 34 39 34 29 13 39 16 24 35 19 37 5 28
3 26 45 33 25 49 5 9 17 47 36 40 22 45 19 45 38 12 43 6 25 38 20 43 100 40 7 2 27 4 1 49 17 30 2 41 33 42 42 10 49 39 49 32 15 42 29 38 37 35 46 42 1 11 5 17 26 3 48 5 34 39 19 10 10 29 3 34 46 15 6 41 7 19 22 46 50 4 40 2 49 32 36 1 13 33 46 37 41 21 10 6 7 44 9 21 33 37 39 12 32 27 48 17 40 39 9 16 1 35 41 28 14 49 3 21 4 34 3 24 19 11 6 30 42 49 26 28 29 7 25 10 10 29 12 45 23 12 44 25 35 41 3 27 17 22 8 4 36 8
35 34 16 10 29 48 13 42 1 20 48 47 12 50 14 6 30 39 15 36 9 46 22 24 25 29 21 10 100 46 12 44 24 33 17 30 44 30 39 20 40 2 41 30 15 13 4 32 1 22 30 36 31 46 6 20 2 28 4 17 13 45 18 42 42 23 17 10 21 27 34 14 24 32 43 10 23 1 20 24 15 38 10 29 18 37 8 36 35 13 29 45 29 24 30 27 18 8 9 6 4 3 14 30 1 19 37 40 40 21 35 17 36 13 10 26 48 44 37 18 4 33 36 48 28 39 35 31 12 1 27 19 20 47 17 42 7 38 25 23 42 2 12 9 40 5 22 3 27 34
7 29 14 9 13 29 35 4 48 32 22 29 24 11 1 14 27 21 41 49 36 16 19 36 18 46 36 30 8 2 37 7 4 12 34 18 11 23 10 11 31 19 48 41 25 32 4 23 37 17 31 15 5 33 27 13 39 48 26 48 21 50 27 8 41 41 31 8 9 8 36 14 49 11 23 40 21 6 8 21 33 50 1 8 10 44 31 31 31 1 9 19 14 29 7 14 49 26 44 42 11 24 22 31 20 12 7 17 9 27 2 43 29 3 16 23 43 18 12 5 33 30 9 37 27 39 10 100 33 42 25 29 45 47 42 46 5 43 18 41 49 14 30 29 1 12 40 8 14 28
18 20 36 36 49 36 21 23 25 21 6 35 12 36 42 28 18 37 7 8 20 10 41 42 40 18 8 43 39 21 44 15 22 25 1 21 31 7 14 9 30 50 17 34 28 37 40 8 38 2 11 41 8 16 27 8 9 27 21 15 6 38 21 5 24 35 27 12 5 38 45 20 19 35 23 27 28 100 16 45 22 24 19 1 17 13 9 20 23 37 6 43 33 27 23 6 4 35 19 50 25 20 2 15 38 7 45 8 10 17 7 21 2 47 48 49 47 39 17 21 10 17 38 31 14 1 43 13 13 27 36 49 35 48 7 9 41 49 15 8 1 50 26 20 35 15 18 23 38 10
2 27 7 40 18 4 36 25 1 10 6 24 9 5 13 10 40 36 23 17 24 42 33 30 26 32 49 45 20 28 100 48 22 20 42 24 3 13 28 6 43 42 23 22 18 29 46 35 32 5 44 22 36 49 9 36 23 42 43 16 29 48 3 13 25 43 45 45 1 24 44 11 13 4 7 21 26 27 15 7 39 32 8 35 43 14 31 36 18 29 30 38 23 35 30 6 21 9 40 19 29 19 10 20 21 12 1 37 19 46 17 29 14 8 20 8 33 21 35 38 30 27 16 28 25 39 24 8 24 48 36 41 4 34 8 34 25 14 48 45 20 21 46 9 46 1 9 11 7 38
9 21 47 27 16 13 3 38 42 25 33 46 1 4 2 30 5 3 4 13 45 45 5 38 19 12 47 22 40 2 40 46 22 23 14 15 2 32 26 13 7 10 43 29 26 3 12 50 4 30 14 37 45 48 30 23 40 33 46 34 29 22 17 50 11 5 46 50 19 35 9 21 10 28 30 33 48 10 11 21 33 46 8 13 25 16 37 18 11 49 40 21 15 13 24 10 26 42 9 42 50 32 50 25 26 39 10 28 29 6 13 9 28 20 10 41 20 38 15 9 44 46 24 11 41 24 20 15 24 45 38 9 47 30 47 5 31 29 48 18 7 26 24 100 32 11 45 9 30 8
13 18 26 16 20 26 49 1 9 32 32 49 30 9 6 27 37 5 8 22 15 42 17 30 32 18 7 30 25 29 30 13 13 11 29 3 46 22 38 40 10 45 50 16 38 40 26 30 44 14 12 13 38 28 19 48 100 20 36 18 1 30 4 12 9 18 17 12 16 50 27 37 13 17 47 7 2 19 6 10 13 48 33 25 1 12 2 50 46 23 1 10 12 18 26 23 25 5 15 45 22 36 38 29 13 26 31 27 10 10 48 33 8 33 27 5 38 7 28 23 16 15 7 28 47 10 3 50 28 5 11 21 28 43 4 25 16 10 39 40 33 33 4 48 30 5 28 28 48 8
11 15 13 13 45 39 21 21 24 28 6 30 7 47 2 25 42 35 42 1 17 7 33 31 32 48 48 4 23 12 11 4 42 40 19 28 23 41 20 42 1 14 44 4 10 31 1 28 48 43 2 28 32 24 48 22 24 26 49 1 19 45 12 29 44 43 33 36 23 46 34 39 36 29 15 24 23 32 44 18 19 25 13 49 10 28 38 18 23 8 24 23 20 21 50 2 33 21 39 14 17 21 43 46 11 41 31 1 100 44 19 24 21 8 32 2 30 8 35 47 36 20 32 19 28 5 43 37 9 15 32 35 4 33 31 40 25 19 44 45 10 22 26 27 7 23 18 49 41 8
4 38 18 4 49 13 17 30 45 12 35 28 49 48 47 3 32 36 41 48 31 29 11 30 27 43 10 38 37 24 15 2 4 24 42 35 1 15 37 10 21 49 4 24 25 20 45 40 39 48 48 42 47 49 36 6 33 36 19 29 28 7 45 31 6 28 2 15 42 36 46 22 39 49 32 100 1 3 28 12 30 16 27 13 25 20 38 9 21 1 11 33 32 9 26 11 25 14 17 32 12 39 20 35 14 47 42 47 34 9 29 50 47 31 39 29 14 34 13 8 35 18 28 21 42 49 23 25 40 7 44 21 37 11 6 37 22 5 12 48 19 8 3 40 40 39 5 1 32 7
10 22 13 9 40 22 10 47 9 1 22 45 4 16 46 42 3 35 47 7 16 38 5 42 13 11 48 7 2 27 25 8 50 23 2 42 18 40 43 22 41 50 40 40 2 3 26 34 1 26 29 17 25 41 2 48 11 34 21 14 43 17 30 26 5 2 47 34 49 48 12 28 8 9 27 42 2 38 34 27 47 6 33 16 7 41 11 13 12 49 39 26 16 16 16 27 45 3 39 100 47 35 8 39 38 21 45 44 5 10 22 15 15 34 33 15 2 30 14 15 46 33 9 22 30 22 37 8 21 12 44 29 39 3 18 42 34 15 5 2 18 45 32 48 46 5 2 29 7 43
19 7 20 12 44 12 18 37 33 33 33 41 49 17 7 31 20 2 47 36 32 21 17 38 36 26 44 38 17 40 27 28 49 2 50 20 43 11 49 26 11 25 30 22 22 15 23 9 13 39 30 32 17 32 29 25 12 29 24 18 30 23 43 37 45 12 20 45 42 47 14 15 49 15 4 47 40 12 16 18 37 18 5 26 28 45 39 25 39 23 8 2 41 14 32 21 10 15 18 29 13 40 25 16 47 1 45 45 11 11 38 9 4 19 23 8 16 18 41 23 11 12 8 100 15 37 18 5 1 48 8 23 21 9 11 41 10 47 28 12 30 36 22 1 20 23 49 2 38 18
11 46 49 4 28 23 3 11 33 1 20 14 41 30 22 14 49 47 22 9 14 48 49 31 40 32 6 44 33 25 35 25 36 34 17 29 49 44 7 2 18 20 36 33 12 18 6 13 8 11 6 21 15 36 44 5 35 38 40 12 33 18 36 15 3 22 40 8 32 5 6 49 27 16 40 47 40 31 14 41 38 44 44 33 21 4 32 30 24 24 44 8 30 38 41 16 37 45 45 7 38 15 25 13 27 41 32 100 28 16 23 5 18 6 44 14 2 47 50 45 7 29 10 46 32 1 8 38 24 36 35 15 29 43 16 23 24 46 42 28 6 19 21 6 46 39 15 48 24 23
41 25 24 17 8 38 34 14 39 27 7 40 16 30 10 35 48 2 33 9 11 9 48 13 34 24 21 44 31 1 6 17 46 49 19 19 36 19 33 4 7 20 45 3 26 38 21 7 10 8 33 34 32 13 25 23 10 2 3 17 5 46 44 47 22 16 50 15 47 3 41 18 17 20 5 29 16 41 30 2 4 13 47 32 11 48 28 19 10 27 33 7 29 19 17 45 32 46 37 41 19 11 2 20 11 20 3 18 31 6 43 45 16 20 45 42 18 22 35 9 30 18 21 10 18 37 46 50 13 45 30 50 5 22 18 5 42 44 16 28 3 7 35 22 21 41 25 36 100 36
20 19 13 18 42 28 22 37 26 15 28 48 12 39 4 47 17 34 49 21 41 32 21 10 25 36 25 44 18 50 45 39 34 12 34 27 8 22 4 3 30 4 20 32 19 46 15 37 42 43 15 8 37 22 49 28 50 35 39 10 20 45 50 25 8 35 1 28 2 29 43 49 21 6 46 14 11 2 49 49 16 32 2 26 37 44 13 2 18 33 25 44 49 21 11 22 11 10 18 49 43 100 16 13 39 25 28 12 21 44 8 14 9 42 6 38 42 38 1 33 40 19 49 13 41 50 36 12 25 12 13 32 5 23 45 3 1 23 29 13 24 7 26 32 36 21 32 12 25 2
33 5 9 1 48 29 14 41 10 29 30 14 44 12 33 25 21 39 24 3 14 28 18 49 2 37 22 34 22 13 28 34 44 4 7 46 9 39 1 49 19 24 31 39 19 33 36 13 40 30 20 47 18 25 32 49 38 38 26 100 29 2 22 21 22 41 45 43 50 48 39 34 6 4 2 30 14 14 4 13 27 20 16 25 20 46 7 40 31 44 20 38 44 15 23 16 5 39 28 24 20 29 23 18 18 37 25 14 33 9 19 29 16 11 4 10 12 26 15 21 49 8 26 9 23 33 37 9 32 10 40 17 9 45 47 30 34 21 5 12 30 41 27 24 36 18 9 37 21 40
8 43 27 25 24 27 36 30 36 48 20 25 32 5 40 24 27 50 17 46 6 29 42 9 49 29 33 38 40 36 32 33 18 21 38 21 17 8 35 13 15 50 28 33 10 19 35 19 39 34 40 7 1 25 7 20 29 3 9 32 19 30 3 24 33 25 10 24 37 29 48 20 49 8 19 5 27 4 28 8 42 8 42 39 31 26 44 7 22 38 14 47 38 41 27 29 12 7 13 26 1 10 5 18 100 4 50 49 23 44 17 13 47 2 38 17 28 8 43 23 44 14 8 6 34 46 28 28 9 2 29 25 8 23 13 18 11 15 13 33 46 28 45 41 41 18 9 24 18 38
49 40 29 33 18 38 20 44 25 39 25 41 50 6 46 50 28 17 39 20 39 23 22 32 2 20 12 36 33 25 39 13 41 27 46 25 39 47 13 26 20 11 32 24 36 34 50 28 13 19 1 4 50 33 13 43 37 30 26 5 38 25 7 37 37 31 6 10 38 40 8 45 44 12 11 47 50 10 15 25 24 23 47 11 8 34 27 30 44 22 100 3 12 33 40 13 22 7 11 36 5 39 46 25 24 2 15 47 49 34 39 49 17 15 30 38 17 6 11 2 38 48 12 27 9 23 12 28 49 48 46 47 32 35 3 45 33 38 5 34 11 17 45 15 48 45 37 30 44 4
11 27 15 46 46 9 43 39 20 36 25 34 48 15 32 48 5 15 50 35 42 45 38 36 8 50 45 16 15 38 10 42 47 20 22 12 32 19 13 25 7 7 18 11 22 27 26 7 34 34 38 43 7 20 31 23 16 5 7 29 46 42 24 49 23 41 45 34 44 29 35 16 17 9 100 37 6 26 10 37 26 9 15 33 16 26 37 44 4 14 17 31 9 47 4 23 27 24 18 31 29 13 3 40 23 33 13 40 8 23 2 6 31 6 25 24 7 6 26 48 30 48 1 49 23 33 48 18 17 9 2 1 13 50 34 16 9 34 47 32 36 37 26 34 7 6 25 49 47 46
28 28 1 45 47 43 2 17 44 33 7 31 9 25 8 37 10 41 24 42 14 100 50 50 35 39 26 20 7 23 43 36 9 5 33 6 8 43 25 42 26 43 41 16 21 42 38 10 40 25 11 44 1 19 5 42 28 44 16 8 28 39 39 33 43 38 4 48 40 10 37 34 47 27 29 1 29 45 18 10 44 25 43 43 29 43 48 20 40 50 40 25 34 23 47 33 20 50 10 3 33 17 32 7 21 28 45 6 23 24 15 21 44 15 45 49 28 45 45 41 30 6 17 39 23 4 38 42 26 47 27 41 25 43 14 5 10 14 30 22 18 44 24 48 32 8 25 25 28 43
13 47 46 18 48 34 8 5 20 13 37 29 15 32 32 39 35 30 1 15 40 2 46 32 30 31 7 9 7 36 30 37 26 22 3 7 23 13 32 11 26 40 24 2 20 45 40 11 30 35 4 3 26 15 100 38 5 36 32 6 4 48 12 34 3 34 7 39 16 13 37 17 48 23 43 17 29 24 14 2 3 35 24 43 33 45 20 35 14 19 9 30 37 36 22 3 19 15 15 44 28 27 20 26 13 32 45 9 43 22 30 19 8 5 46 26 33 12 7 3 17 45 32 34 37 14 29 44 48 34 4 15 47 21 47 34 19 30 10 5 7 15 40 25 32 5 35 36 33 39
37 3 44 5 42 6 47 48 7 48 36 41 7 29 26 21 34 10 31 1 35 15 17 35 50 4 4 46 28 21 21 12 3 34 22 31 11 7 39 16 19 24 34 29 11 13 33 44 26 15 49 41 39 35 29 21 45 25 31 16 20 23 17 38 35 6 12 50 46 21 50 9 40 25 3 24 13 14 6 8 17 4 50 26 23 11 28 12 100 41 21 35 47 37 40 4 7 41 27 13 39 42 26 34 15 36 10 24 12 14 36 25 20 24 25 9 43 17 21 46 47 6 5 5 1 35 17 34 7 9 44 15 38 18 31 4 44 32 2 50 29 34 1 14 16 10 13 33 16 19
7 5 37 5 6 29 32 18 11 12 25 44 10 18 49 42 14 15 5 21 48 1 100 11 38 35 3 17 13 32 30 2 34 38 27 44 48 22 18 14 13 45 18 3 10 23 39 12 27 32 47 4 4 15 28 20 16 21 22 28 3 49 42 18 34 48 37 18 38 6 41 7 18 6 27 2 10 10 45 44 39 19 48 27 49 32 42 32 19 14 38 11 13 23 19 34 17 13 7 34 14 20 45 22 3 26 46 19 34 28 47 23 46 9 33 11 32 14 31 19 38 40 22 43 5 11 42 13 41 27 36 24 50 50 25 25 37 18 4 42 19 25 33 16 35 2 12 9 15 46
49 40 2 13 46 27 42 1 44 2 35 19 8 24 46 46 40 42 28 17 43 4 38 47 46 28 1 44 5 36 16 25 35 40 26 24 38 45 42 15 22 4 46 50 49 16 30 34 23 26 27 12 26 6 25 32 34 25 9 4 8 37 5 1 40 35 9 6 49 31 40 18 16 18 35 5 33 19 26 25 15 24 3 13 10 31 20 27 8 36 22 18 11 50 11 46 45 16 5 39 24 21 15 10 34 5 12 42 41 9 48 39 11 16 4 13 33 14 4 46 4 18 40 34 24 11 41 8 37 2 31 20 8 21 50 8 36 19 49 27 11 39 32 48 100 47 11 29 26 46
13 4 41 17 42 8 13 36 49 28 13 18 45 5 47 42 28 26 6 21 9 7 15 8 22 24 40 50 14 14 35 36 22 38 21 5 49 47 42 44 42 28 49 15 19 17 25 35 45 48 37 19 33 3 3 3 13 15 6 21 50 30 25 22 36 32 47 30 30 27 23 21 24 30 42 3 44 18 32 47 6 37 11 48 5 4 44 17 32 5 16 23 19 44 34 16 15 25 7 30 19 11 26 46 43 36 5 8 41 38 37 49 44 39 34 22 13 37 8 16 16 41 47 14 48 19 13 47 16 34 48 9 22 27 40 40 24 4 3 26 39 50 100 45 29 36 2 16 1 17
24 29 41 29 20 41 1 45 38 3 39 16 13 41 3 16 22 10 31 34 31 47 36 30 25 10 12 31 47 7 35 20 4 1 44 43 50 22 25 41 21 31 3 45 50 39 34 30 14 46 1 14 100 3 28 33 33 34 12 2 45 50 11 2 37 10 41 1 17 10 33 1 34 35 38 17 29 37 10 28 50 36 48 40 39 40 17 43 34 29 13 50 43 12 36 16 13 18 48 31 32 31 33 35 34 3 29 15 2 49 14 2 24 10 28 47 36 19 37 1 23 28 32 33 46 17 5 45 39 5 23 45 4 43 41 25 45 42 12 18 46 15 16 20 1 43 5 38 26 8
10 5 45 9 22 29 1 5 9 12 2 32 28 30 25 2 33 18 21 26 36 40 10 46 26 27 29 15 2 25 48 9 11 7 30 15 4 20 16 5 7 24 10 38 47 100 21 29 43 33 45 21 27 31 12 32 5 37 28 44 31 40 31 15 17 40 16 23 43 37 20 6 1 49 11 13 1 8 37 28 45 7 42 5 38 48 11 10 25 16 39 21 6 16 34 33 22 13 33 17 44 17 1 3 5 49 33 25 2 37 47 14 45 32 7 2 8 41 22 1 32 15 6 6 17 4 45 24 31 7 22 36 25 15 6 14 11 49 16 10 9 28 33 14 23 18 8 5 7 31
32 3 43 21 26 16 33 18 9 15 26 33 39 42 23 9 6 3 5 31 44 39 18 5 4 5 27 37 38 28 31 5 38 25 45 49 22 50 25 43 19 14 19 19 18 44 19 16 23 17 16 33 17 44 15 49 35 21 5 22 48 41 36 41 48 44 39 37 28 22 31 16 2 49 20 25 45 17 10 43 38 22 44 11 16 2 46 13 32 6 12 26 43 2 29 100 33 2 35 35 44 5 30 14 14 12 5 44 21 15 48 15 27 30 26 1 45 23 10 16 48 46 42 21 20 37 32 2 50 33 33 34 44 44 34 50 15 10 30 35 1 50 1 34 4 16 19 20 2 42
22 41 23 44 2 18 17 44 12 29 16 46 6 8 7 49 40 49 18 46 26 36 47 30 30 30 37 12 9 44 36 7 16 23 48 28 43 2 44 17 6 4 1 29 49 36 22 39 17 9 43 43 26 44 11 100 45 49 18 17 26 39 5 33 26 47 24 45 48 3 47 43 48 44 44 9 16 48 28 28 7 6 18 43 7 4 44 17 50 34 13 15 7 22 4 14 33 47 13 21 7 50 26 30 34 21 6 44 2 18 33 37 7 26 18 12 6 8 4 16 25 18 40 48 3 50 46 43 34 39 33 15 31 48 47 46 44 30 45 12 27 44 2 4 36 25 11 50 47 36
3 14 50 21 3 37 44 29 42 30 14 36 39 25 100 37 4 32 16 26 19 10 11 31 6 25 28 50 37 45 36 35 43 30 14 19 5 13 34 16 31 43 33 24 12 38 30 24 7 43 17 43 37 4 7 3 39 5 41 20 27 7 25 6 35 44 14 17 40 30 20 3 10 11 40 14 19 23 8 21 41 19 20 12 33 35 41 25 36 34 2 10 35 39 34 16 7 41 7 42 2 8 25 3 13 40 28 19 36 5 50 25 22 14 37 24 12 9 32 29 22 8 17 49 35 8 25 36 30 46 18 20 30 10 35 4 41 13 45 2 45 19 35 38 26 35 8 24 9 11
28 3 27 6 43 44 45 38 15 46 7 42 30 14 44 48 44 15 22 30 25 15 39 31 42 6 16 17 39 24 34 16 31 46 26 7 9 16 30 31 15 38 34 5 50 11 39 10 14 25 47 33 15 35 44 29 2 12 18 47 46 17 50 17 34 5 46 38 25 28 25 11 1 47 39 44 24 4 6 27 26 46 14 7 29 9 10 19 43 36 6 49 35 26 8 40 49 2 13 1 44 48 12 34 21 40 24 3 8 17 27 39 27 13 32 9 25 1 25 38 18 44 17 18 22 45 100 4 32 48 42 39 26 50 15 13 42 40 6 34 38 26 45 14 11 31 3 34 8 27
32 25 27 25 16 8 47 30 41 2 35 16 8 20 31 11 19 24 50 10 36 16 9 33 16 39 45 39 11 17 27 12 24 22 35 18 1 31 3 48 30 31 22 43 38 14 11 17 48 46 17 44 34 29 11 33 9 16 41 23 37 30 22 4 4 100 30 14 9 44 24 27 39 15 22 8 32 46 10 43 15 12 42 43 33 27 9 14 34 14 31 45 17 7 36 40 33 36 12 1 43 45 12 29 47 17 31 1 25 20 5 40 17 10 15 21 39 31 1 33 34 27 2 4 12 12 4 21 16 2 9 41 48 46 6 41 29 30 24 41 35 19 6 49 11 15 25 2 19 26
37 12 50 10 3 13 11 1 9 23 38 44 12 20 5 43 8 24 17 19 6 23 8 39 3 6 44 12 12 1 26 24 36 30 1 40 21 14 6 27 35 49 16 19 35 39 10 18 50 33 25 47 4 1 19 5 7 44 18 13 37 18 35 27 20 1 17 49 40 39 15 36 43 25 22 17 33 19 1 39 20 6 33 29 25 47 11 100 14 42 18 36 42 28 46 1 45 33 10 25 43 23 47 13 44 37 8 10 21 15 48 48 32 22 19 39 30 9 46 50 49 37 27 21 43 28 27 11 12 31 22 27 8 12 30 32 17 24 33 12 42 44 37 26 49 42 39 30 44 19
41 48 31 50 50 7 8 21 42 40 38 1 17 50 21 5 6 29 31 6 5 18 12 20 48 31 22 42 36 40 11 42 49 42 43 22 13 36 18 7 48 19 7 27 32 30 8 31 30 35 41 49 26 16 46 3 15 24 11 10 10 5 100 40 11 5 50 21 26 39 37 17 32 31 12 26 48 28 10 49 21 17 19 11 20 7 41 37 30 28 46 2 21 24 31 26 11 8 8 7 47 9 29 28 46 27 19 21 31 10 21 23 22 29 2 47 49 1 4 16 43 28 45 39 30 33 50 28 45 24 49 4 39 36 22 36 49 16 38 23 35 15 14 22 26 44 12 6 3 8
5 27 25 4 23 2 46 2 43 13 39 43 33 14 40 4 46 15 27 11 29 6 25 17 49 18 13 7 20 38 8 13 8 44 37 19 30 20 42 13 49 14 37 30 43 29 26 29 12 3 10 12 45 48 36 17 26 11 37 27 40 7 24 14 23 26 50 16 49 3 30 17 28 1 48 9 21 33 7 31 18 4 30 100 11 30 28 41 8 8 25 11 26 15 34 30 40 15 48 37 16 18 27 28 3 11 8 20 20 7 48 3 49 8 47 18 39 40 22 4 48 47 10 11 20 22 25 22 10 1 44 14 30 45 38 48 18 45 20 46 31 33 47 35 13 2 19 43 9 11
18 16 44 1 19 38 13 43 24 38 40 29 43 18 24 4 28 40 36 4 3 8 39 28 20 45 37 12 48 46 44 35 48 9 14 2 31 16 5 33 41 41 3 31 48 17 44 4 24 26 31 24 12 14 31 16 18 13 23 48 36 30 23 4 7 46 10 23 16 7 13 40 38 44 32 20 15 9 21 27 16 5 8 47 7 47 49 13 45 24 21 47 100 9 40 21 3 34 2 35 12 45 9 14 28 46 18 27 48 2 46 24 42 13 2 27 5 37 20 50 32 43 17 14 3 14 45 20 1 21 29 32 38 36 19 32 29 39 26 2 1 5 18 7 32 4 44 39 36 46
46 8 27 100 42 1 44 27 44 22 28 50 27 41 26 22 32 48 36 39 15 13 28 48 37 21 11 49 3 38 20 20 47 22 6 16 4 6 18 6 30 15 38 34 35 12 16 34 19 48 6 45 6 25 39 9 8 16 17 22 32 28 30 49 19 34 39 1 35 17 23 9 6 24 50 10 42 9 12 41 18 24 8 30 47 16 18 35 18 12 11 45 10 35 43 8 22 36 44 19 31 28 4 33 23 6 12 18 41 39 19 43 38 36 34 30 15 11 8 40 32 37 7 20 6 50 4 15 30 1 20 9 9 9 27 2 7 30 37 35 22 4 37 5 39 1 13 25 33 45
