100
8 207
10 325
19 1113
16 649
13 866
19 212
5 478
3 241
14 1056
3 574
2 207
3 900
9 685
9 580
13 636
20 1006
8 207
13 887
12 824
16 212
9 210
2 212
4 210
9 488
13 318
10 1061
8 435
16 769
12 373
6 1035
16 1188
20 265
14 211
8 334
20 397
18 559
13 573
19 212
16 622
11 1137
19 207
16 1084
18 931
19 304
6 665
15 1125
6 210
9 520
20 240
1 212
19 751
17 284
6 210
11 370
8 411
20 1033
15 807
17 846
3 968
4 210
7 1073
6 691
13 419
4 212
17 537
8 771
4 792
18 449
10 830
8 933
1 483
11 787
17 724
12 598
8 969
7 510
1 576
19 715
16 981
6 1147
9 890
20 470
6 874
1 1142
17 212
8 505
3 210
6 598
19 952
14 1176
14 667
6 1151
13 1203
19 207
12 356
9 207
12 907
5 1155
2 672
4 212
6 3 5 7 3 4 2 5 7 7 5 2 3 4 4 4 7 7 2 6 6 4 4 6 5 6 5 7 3 3 4 6 2 6 4 2 7 6 2 2 4 4 4 4 7 7 4 6 3 5 5 5 2 3 3 3 7 2 7 4 5 4 2 5 4 4 4 7 4 6 4 2 3 3 4 7 3 3 3 6 7 6 5 3 2 7 3 5 5 7 3 3 4 6 5 3 2 7 7 7
2 7 4 3 3 3 6 7 4 3 6 5 3 2 6 2 7 7 6 3 5 5 3 2 5 7 7 6 5 6 5 3 6 0 4 2 4 7 6 5 7 6 4 4 3 2 2 5 7 2 6 4 3 7 3 5 2 2 3 3 7 5 4 6 4 4 6 3 2 3 6 3 3 4 2 5 3 2 4 3 5 5 6 6 4 4 4 7 2 6 3 4 3 6 2 7 4 4 4 6
3 2 2 2 6 6 2 3 3 3 5 4 5 3 2 5 5 2 5 2 3 4 5 7 7 3 6 6 3 6 2 4 4 6 2 7 7 4 2 5 4 5 5 4 4 3 2 6 6 6 5 4 5 7 5 3 2 3 2 4 7 7 3 5 5 5 4 5 4 6 4 2 2 5 5 6 4 4 6 4 3 5 3 3 5 4 5 6 7 7 5 3 6 2 5 3 4 6 6 4
7 7 3 2 2 7 6 4 4 3 3 2 5 3 3 4 3 7 6 7 2 2 5 2 5 4 3 4 3 4 3 7 4 2 3 6 3 2 5 4 2 5 6 7 2 6 2 6 2 4 2 6 7 6 7 3 7 6 7 3 5 7 2 7 6 6 7 7 2 6 2 2 2 2 6 7 5 7 2 3 3 7 5 3 3 2 7 5 6 6 0 2 4 3 3 4 5 2 3 2
2 3 5 5 5 7 3 2 4 3 6 6 5 3 7 7 2 4 2 4 3 3 4 3 5 6 7 3 3 7 7 6 4 4 4 3 5 2 3 5 2 7 2 5 6 6 2 5 2 7 4 3 6 3 2 7 5 2 4 4 2 4 5 5 6 7 3 2 2 5 4 7 2 3 5 5 3 7 4 6 3 7 1 2 3 2 5 5 7 6 5 2 2 7 6 4 3 2 6 5
7 7 2 5 5 4 5 3 5 4 5 2 5 7 6 2 5 6 4 3 4 0 7 5 3 6 3 7 2 6 2 5 5 5 5 3 3 5 4 2 5 7 6 6 2 3 6 6 5 5 5 5 7 7 7 2 6 6 5 5 5 5 5 4 3 5 2 7 3 6 7 2 4 2 7 4 5 7 6 2 4 4 3 4 2 2 7 5 5 4 5 2 4 3 7 2 6 5 2 5
7 5 4 3 7 4 4 6 7 7 5 2 2 5 2 3 7 4 5 5 3 3 4 7 6 5 7 2 5 6 4 2 6 7 7 3 3 5 2 4 5 6 3 3 7 5 5 6 6 3 3 2 2 7 2 7 4 4 6 4 6 2 7 5 4 5 3 3 3 5 3 6 7 2 7 2 5 5 3 7 4 4 2 4 6 3 5 2 7 5 3 6 7 6 3 2 3 7 5 7
2 6 4 7 5 7 6 6 3 5 5 7 5 7 4 6 3 4 5 6 7 4 6 3 6 2 2 4 3 5 3 2 2 4 3 2 4 7 7 4 6 4 7 6 7 5 3 6 6 4 2 7 6 3 5 2 7 4 6 6 4 5 3 6 2 6 2 5 2 6 3 6 6 5 2 5 5 5 3 3 6 4 2 6 3 3 5 7 3 6 6 2 6 4 6 7 4 3 4 3
7 5 5 4 7 2 3 4 7 4 5 6 5 4 5 7 5 6 5 6 7 6 6 4 5 0 3 3 5 6 6 6 4 4 5 2 3 5 7 3 7 6 5 7 5 4 5 7 5 2 6 4 7 4 3 2 2 5 4 5 3 4 3 4 7 4 6 3 3 6 5 7 3 2 4 2 2 3 3 2 4 4 4 6 4 2 3 6 6 5 5 3 3 2 6 7 7 5 5 3
7 5 3 6 2 5 4 3 5 6 5 5 5 0 4 4 4 2 3 4 2 6 7 6 7 7 3 4 2 6 6 5 4 5 3 6 5 3 3 2 6 2 7 4 7 5 3 3 6 4 2 6 7 2 7 2 3 3 7 4 2 3 6 5 6 6 2 6 6 5 2 3 2 4 2 6 6 5 6 7 6 7 3 3 6 4 4 5 4 4 3 4 6 7 4 6 4 7 6 7
5 6 4 4 5 2 4 2 6 7 5 4 6 6 4 5 7 7 7 5 1 7 2 4 6 7 5 2 3 2 3 7 6 4 4 2 4 6 7 7 7 5 5 4 4 5 5 7 6 7 7 7 5 6 3 3 7 3 7 7 5 7 2 2 2 6 6 3 7 5 5 3 6 7 5 2 2 7 3 3 3 3 3 5 6 3 2 2 6 7 2 6 2 4 5 7 6 7 7 2
6 3 6 5 6 4 7 6 6 5 5 7 7 4 4 6 7 7 7 2 3 2 2 5 2 3 7 6 2 5 6 6 2 7 3 4 2 7 3 5 2 4 5 2 2 6 7 6 5 5 2 3 5 4 3 3 3 6 3 2 3 2 3 2 5 2 2 3 6 3 6 3 7 6 7 6 3 2 3 7 3 7 6 6 2 4 5 7 4 7 2 3 5 7 4 6 2 3 3 6
4 6 4 6 2 3 3 6 5 2 2 6 3 2 3 6 6 7 7 3 2 7 3 2 5 2 4 5 7 7 7 5 3 7 6 7 5 2 2 7 3 3 6 3 3 2 2 7 5 6 2 3 6 4 5 4 6 6 7 3 3 1 2 6 5 3 2 5 4 6 7 5 5 2 7 3 4 2 3 2 3 5 2 4 5 6 2 5 6 3 6 5 3 4 5 2 6 3 6 2
4 6 7 5 5 7 4 6 4 4 3 2 2 5 2 5 7 4 4 6 2 5 6 6 7 4 5 4 2 4 7 4 6 3 4 5 4 3 5 3 3 3 5 4 7 4 7 2 6 2 3 6 4 5 5 7 7 2 2 6 6 6 6 6 3 7 7 4 3 3 3 2 3 0 7 2 7 4 6 2 3 6 6 3 6 7 2 7 6 3 2 7 6 5 4 2 2 7 2 2
4 7 2 0 7 7 5 5 5 7 6 4 5 3 3 7 6 2 5 6 6 7 4 6 5 5 7 6 2 2 7 7 3 3 3 6 7 3 7 5 4 4 6 7 6 3 3 3 2 5 5 5 5 3 5 7 6 5 3 6 6 7 2 6 2 7 2 4 3 4 6 4 6 3 5 3 6 7 2 6 5 5 5 4 3 3 6 7 5 4 4 3 5 4 4 5 7 6 4 7
6 7 3 3 2 2 7 5 7 4 3 2 5 7 2 5 2 4 3 7 5 5 7 2 2 3 6 5 5 2 2 4 6 2 5 7 3 6 2 3 2 3 6 7 6 2 2 6 7 6 3 4 7 4 2 1 2 5 6 3 3 5 2 4 2 7 6 2 2 2 2 4 7 4 2 3 6 4 4 3 3 6 4 7 5 2 7 3 5 7 7 4 4 4 4 2 6 6 4 4
5 3 5 3 4 2 6 2 5 4 7 6 5 5 4 4 4 6 5 7 3 3 1 4 6 6 6 4 6 6 2 2 5 4 3 5 5 5 5 7 2 2 4 4 2 6 5 7 4 3 3 4 3 3 3 5 7 5 3 2 2 7 2 4 5 5 7 4 7 7 7 7 4 5 6 5 2 7 6 3 5 7 2 7 3 2 3 4 7 7 6 7 2 6 7 4 5 2 4 5
2 6 3 4 4 5 2 3 4 7 5 2 6 6 4 5 7 7 4 4 6 3 3 3 4 6 5 5 5 3 7 5 5 2 6 6 5 6 6 6 3 2 7 3 2 3 4 2 2 4 2 2 7 2 6 5 7 5 3 4 7 6 2 3 7 2 7 3 6 4 7 2 3 6 5 2 2 7 6 2 0 4 7 6 6 3 7 2 4 5 2 7 7 2 5 3 5 5 4 7
4 4 4 6 6 5 7 3 6 3 7 3 2 5 4 3 2 6 6 5 2 7 5 3 6 6 7 3 5 4 5 6 3 3 7 2 3 5 7 2 6 5 2 4 6 5 4 5 6 6 4 5 7 3 7 2 5 4 6 4 5 2 4 6 3 6 2 3 0 7 6 4 7 2 3 2 7 2 2 6 3 5 7 6 5 3 3 3 6 7 7 6 7 5 5 4 2 5 7 5
0 7 5 7 4 5 7 2 7 7 2 7 3 5 5 6 3 7 3 2 4 6 3 2 6 6 3 7 5 2 3 7 2 7 7 5 5 5 4 5 6 4 6 3 2 2 3 3 2 5 5 7 7 4 3 6 7 5 2 3 2 3 4 3 6 4 2 2 7 4 3 5 5 3 2 4 2 7 4 2 2 2 5 5 7 7 7 2 7 6 4 2 5 5 2 5 4 4 4 5
6 7 3 4 6 7 3 7 6 6 7 7 6 5 7 7 6 2 3 7 5 4 7 5 3 5 5 4 5 3 3 2 6 7 4 4 6 7 5 6 3 2 7 4 3 5 4 2 5 4 6 7 2 6 3 4 3 5 5 3 2 4 5 3 4 5 3 7 7 7 2 6 2 6 5 5 2 5 4 3 2 2 7 3 0 4 3 3 6 5 6 4 5 5 3 2 7 3 5 7
3 6 5 4 3 3 6 2 3 2 4 6 7 5 7 2 2 2 6 6 5 2 3 4 7 7 6 6 3 4 5 2 3 5 6 2 5 2 3 7 2 3 6 3 7 2 3 4 3 6 3 5 5 6 6 3 4 4 6 4 5 7 4 3 3 6 2 5 6 3 3 5 5 2 4 3 4 5 7 6 5 4 2 7 3 7 7 3 6 6 5 5 6 5 3 4 3 5 4 3
7 7 5 2 2 4 3 5 4 4 7 4 5 5 4 5 6 2 2 7 4 3 5 6 3 3 2 3 2 5 3 6 0 4 5 7 5 6 6 6 5 4 7 4 2 7 2 2 5 3 3 5 3 3 6 7 5 7 4 2 6 2 7 6 6 4 3 3 5 3 2 4 6 6 2 7 2 3 4 4 5 3 2 3 4 3 4 2 3 6 6 7 3 4 4 6 4 3 7 3
6 2 2 6 7 4 2 7 7 3 5 2 5 4 6 6 4 2 7 7 2 2 4 3 6 2 3 6 2 5 5 7 3 2 5 4 7 2 4 2 7 6 2 7 2 2 4 3 7 6 5 5 3 2 4 7 4 3 3 4 3 7 3 4 4 7 5 5 7 3 6 2 5 3 3 6 3 3 2 4 2 2 4 6 2 3 3 7 3 7 7 4 5 4 5 6 5 2 7 7
7 2 2 7 5 4 4 4 3 4 3 6 5 2 3 4 2 4 2 7 5 7 6 2 6 7 7 4 4 7 3 6 3 3 6 7 5 6 4 6 4 4 6 5 2 3 5 5 4 2 5 2 5 6 5 6 6 7 3 6 2 7 5 4 2 7 5 3 5 2 4 3 2 2 4 5 5 6 4 6 5 4 4 7 4 2 6 3 6 7 6 3 7 3 4 7 7 4 6 6
5 2 3 2 3 3 4 6 5 5 2 7 4 5 2 7 4 4 6 4 2 4 2 5 5 6 5 4 7 4 2 4 5 7 7 2 5 6 6 6 3 3 7 4 7 6 2 7 6 5 2 7 4 5 3 4 5 6 4 6 3 2 3 5 7 3 2 5 3 6 3 5 7 4 4 7 4 5 2 7 2 2 6 5 3 3 3 4 3 2 7 7 3 5 7 3 6 7 2 7
6 2 6 3 3 6 5 7 3 5 6 6 4 7 4 5 4 6 2 7 2 3 3 6 4 3 6 2 3 7 5 6 7 7 2 7 2 4 2 4 4 6 3 4 4 4 5 2 3 5 5 6 7 2 4 5 4 2 4 3 4 2 3 7 2 6 2 0 5 3 4 6 4 6 5 5 6 3 3 6 4 6 2 5 4 3 6 4 6 5 7 7 3 7 3 2 2 4 6 2
6 2 2 5 2 6 4 3 4 6 7 4 6 2 2 3 6 3 3 4 5 2 5 6 6 6 7 5 2 7 5 6 4 5 6 2 7 5 5 2 7 2 6 5 4 4 3 4 2 3 6 4 2 6 6 3 5 3 4 4 4 7 4 7 5 0 6 2 7 7 2 7 3 3 3 6 7 4 7 7 5 4 3 7 3 7 6 5 4 4 5 2 3 3 4 3 4 6 3 3
5 7 4 6 3 4 2 7 7 4 6 2 5 7 3 6 7 3 7 2 5 4 7 3 4 7 7 4 2 5 5 2 2 6 1 2 5 4 2 4 4 2 5 6 6 5 5 4 5 6 2 3 5 7 5 3 4 4 4 7 2 5 3 6 7 6 5 7 2 7 4 7 4 6 3 3 6 7 2 6 3 4 5 3 2 4 6 6 3 7 7 7 4 3 5 2 7 5 2 7
3 2 2 5 3 3 5 2 3 5 4 2 7 7 2 3 7 3 2 6 7 5 5 7 4 3 6 6 5 6 5 4 5 6 4 4 7 5 6 3 4 7 7 2 6 6 2 4 7 6 7 6 7 5 5 3 6 7 3 6 3 2 5 4 7 6 5 2 4 3 2 7 3 5 2 7 7 6 4 5 2 6 4 4 4 6 7 2 3 5 2 5 4 2 2 6 6 7 3 7
7 5 3 7 7 2 7 7 2 4 6 7 5 5 4 5 5 5 7 3 7 7 7 3 3 4 5 7 2 2 7 5 7 4 5 5 3 7 2 5 6 5 5 2 7 4 3 6 4 7 3 3 2 2 4 6 7 5 7 7 6 2 6 3 6 2 3 4 5 4 6 3 4 4 4 2 7 7 4 3 7 4 2 6 2 6 6 7 5 4 2 5 0 2 7 6 5 2 6 5
5 2 5 5 4 2 4 2 6 7 6 7 6 2 2 3 6 2 6 2 6 3 3 2 6 3 5 6 3 7 6 5 3 6 3 3 3 2 2 7 2 4 6 5 6 2 2 2 2 6 2 2 4 4 3 3 6 2 6 7 6 5 6 5 3 4 3 7 7 6 4 3 3 5 3 2 4 2 6 2 7 6 3 4 7 3 4 6 3 4 2 3 6 6 2 5 3 7 2 4
5 3 5 5 2 2 7 4 2 6 7 7 2 4 4 6 2 5 3 3 6 3 6 4 7 6 5 6 6 2 5 2 2 2 6 2 5 4 3 6 6 6 4 4 2 2 3 6 3 5 4 6 2 3 2 5 7 2 2 4 4 4 6 7 7 2 2 6 6 2 3 5 6 5 3 7 3 7 6 7 4 3 7 4 4 2 6 4 4 3 3 5 2 2 6 6 6 5 3 6
4 2 7 4 7 6 6 6 5 4 6 3 3 7 7 6 6 5 7 5 5 2 7 5 7 4 4 4 3 5 5 5 5 3 7 6 2 6 6 3 6 4 6 7 2 3 4 5 3 3 5 3 3 6 3 6 6 5 2 7 2 6 2 5 7 5 4 4 4 7 6 5 3 4 2 4 3 7 3 5 3 5 7 4 2 5 5 4 3 4 6 6 4 4 2 7 2 7 2 7
4 2 5 3 5 3 4 6 2 5 7 5 6 5 7 3 4 2 6 5 4 2 5 7 6 7 6 6 2 6 5 2 3 4 6 4 5 6 7 5 6 3 6 2 4 3 3 3 6 3 4 5 5 2 2 6 3 2 4 7 2 5 7 3 2 7 2 7 4 5 5 4 5 6 5 5 4 7 7 2 4 5 5 2 5 7 5 3 3 5 5 6 6 5 4 4 3 2 7 5
5 6 7 4 5 4 7 2 6 5 2 5 7 7 3 2 6 2 4 6 6 7 6 7 7 4 7 6 2 6 4 3 4 2 5 5 2 2 2 4 6 5 3 6 7 3 6 6 7 7 7 2 6 4 3 2 2 6 7 3 5 3 6 2 2 7 7 6 7 7 4 7 3 6 4 3 2 5 2 7 6 5 2 3 3 4 5 6 4 5 5 5 7 4 4 5 6 7 3 6
5 6 5 4 3 7 4 7 5 5 2 5 5 3 5 3 2 3 6 4 6 5 4 4 5 3 4 4 3 6 3 2 4 4 4 7 2 4 4 3 6 3 6 6 4 2 3 2 7 2 4 5 7 5 6 3 3 6 3 4 3 6 6 5 3 5 4 5 2 6 5 5 4 6 3 4 0 5 7 2 2 6 6 7 5 4 4 2 2 4 4 3 3 5 2 6 3 6 5 3
5 4 6 5 2 7 2 5 4 3 6 4 5 6 6 4 4 3 6 4 2 2 4 3 7 5 4 3 5 4 5 4 6 4 6 2 4 6 3 6 4 3 6 4 2 6 2 4 2 3 4 4 5 5 3 6 5 6 2 5 6 2 6 6 7 3 7 5 2 6 6 6 3 6 4 3 6 4 6 5 3 7 4 6 5 6 6 4 5 2 7 4 5 6 3 3 3 5 5 7
7 6 5 7 5 7 7 7 3 3 5 2 6 4 0 3 2 6 6 5 5 5 5 3 2 3 5 3 2 5 5 7 2 6 2 3 6 2 7 3 2 4 3 3 4 2 2 5 2 2 7 7 5 2 6 3 3 5 2 7 2 4 4 2 2 6 7 7 7 5 2 4 5 4 4 5 2 6 6 7 4 6 6 4 5 4 7 3 2 6 2 5 3 2 2 6 2 5 2 6
5 3 2 7 2 2 6 4 7 7 2 6 3 6 5 5 6 3 5 7 2 2 6 3 5 2 5 2 7 2 7 2 6 7 3 3 5 6 6 4 6 5 3 7 4 6 7 6 2 2 3 3 2 4 5 3 3 5 6 4 3 2 7 6 2 7 5 2 2 4 4 2 5 2 2 6 3 7 7 7 5 6 3 0 5 7 4 4 3 3 7 6 6 3 3 2 6 5 2 2
5 6 5 3 3 6 6 7 7 4 7 2 5 6 2 7 3 7 4 2 4 5 5 4 6 4 6 3 2 5 2 3 2 3 5 6 7 4 4 3 2 6 4 7 7 3 4 4 6 4 3 3 6 3 6 5 7 4 6 6 2 6 7 1 2 6 6 2 7 7 3 5 6 7 2 5 3 6 5 5 4 7 3 7 3 5 3 4 7 4 5 7 3 6 7 6 5 7 7 2
5 6 3 2 7 2 5 5 7 3 5 2 2 6 6 6 6 7 7 4 6 5 7 2 2 2 6 6 5 3 6 5 4 7 4 7 6 2 2 5 4 4 6 2 6 7 3 5 3 5 6 7 5 6 7 5 6 7 2 5 4 4 6 4 3 5 7 3 4 7 4 3 6 5 4 7 3 4 3 4 7 3 7 7 5 4 3 7 3 2 6 7 2 6 7 2 4 7 6 7
4 2 3 6 5 4 4 6 5 3 2 2 3 4 5 3 4 7 4 4 3 3 6 2 3 6 3 2 3 6 7 3 4 5 4 4 2 4 6 6 3 6 4 2 7 5 7 3 2 3 2 2 2 6 3 7 3 7 5 3 2 7 3 5 6 4 2 4 2 0 2 7 3 4 7 3 5 3 3 3 6 3 6 6 4 4 2 4 6 3 7 7 3 2 3 7 7 3 7 5
3 2 3 2 5 3 6 6 7 5 5 2 5 3 4 3 6 7 5 7 6 7 2 5 0 3 5 7 6 7 2 5 6 4 5 5 3 2 3 6 3 3 4 5 4 5 6 4 3 4 7 7 7 4 6 6 4 6 7 2 2 5 4 2 7 5 4 3 6 6 6 4 2 7 6 4 4 7 2 4 2 4 7 5 4 4 3 6 6 6 5 7 7 5 6 4 4 5 7 5
5 7 3 5 2 7 2 2 4 2 5 2 6 4 2 5 5 6 7 2 3 3 6 4 3 2 6 6 6 4 7 4 6 5 3 4 3 5 6 4 5 7 2 2 3 5 4 2 2 6 2 4 3 7 7 7 7 5 4 2 5 2 3 5 5 6 5 3 3 2 4 5 3 2 2 7 7 6 7 7 5 7 2 6 6 6 5 2 3 4 6 6 4 4 5 5 5 7 0 7
3 6 5 3 6 3 6 5 5 5 2 7 7 2 2 4 3 5 2 3 3 5 6 3 2 2 4 7 4 4 2 3 4 2 5 3 4 6 5 0 6 3 2 3 5 3 4 5 4 3 7 5 3 2 5 7 7 3 7 6 7 4 2 7 2 2 3 5 6 7 7 6 5 6 2 7 7 5 6 7 3 3 7 6 2 2 5 4 7 7 3 6 4 2 6 4 6 5 7 2
5 3 4 3 7 5 2 7 6 5 5 3 7 6 5 4 5 3 7 7 2 2 6 3 5 7 6 6 4 3 4 4 6 6 5 6 7 1 6 7 6 7 5 3 4 2 3 7 4 5 5 2 4 4 2 3 5 4 7 7 3 5 6 2 4 7 4 7 3 3 3 2 5 4 6 5 4 2 2 2 3 2 6 3 4 3 4 2 2 7 3 5 6 7 4 4 7 4 2 7
6 6 2 4 4 4 2 7 6 4 3 6 5 3 7 7 4 2 3 4 2 7 5 6 5 7 2 5 3 3 3 5 7 5 7 6 6 6 5 3 7 7 2 5 2 4 7 3 3 5 2 2 3 5 2 7 5 4 5 4 5 7 6 5 0 6 5 4 6 2 3 3 7 7 6 4 4 6 6 3 4 3 5 4 7 3 7 5 4 4 6 5 7 5 4 7 5 4 3 6
3 6 3 6 7 4 5 3 6 3 7 2 6 4 2 7 7 4 6 2 6 3 4 3 3 4 3 3 6 5 5 5 2 3 7 7 6 6 4 4 2 7 3 5 2 3 4 5 3 4 5 5 4 4 5 6 3 7 3 4 2 7 4 4 2 2 5 4 5 3 6 7 6 4 2 6 2 7 2 5 3 3 4 6 7 6 5 2 7 5 3 7 5 3 7 6 5 7 7 4
7 4 6 3 5 4 4 3 5 3 7 3 4 3 3 3 5 3 2 0 7 2 6 6 2 7 7 6 5 6 6 6 6 7 4 7 4 6 3 2 6 2 2 6 2 2 6 2 2 7 4 6 7 7 7 7 5 5 6 5 4 3 3 7 4 5 5 7 2 4 6 7 6 6 7 3 4 5 6 5 5 4 5 6 5 3 3 4 5 4 5 4 5 5 3 6 2 3 7 7
6 2 4 2 7 6 2 7 5 7 2 6 7 4 3 2 4 3 3 4 6 3 7 6 5 7 7 2 2 4 3 4 7 4 5 6 4 7 4 2 4 6 6 4 2 7 5 4 2 5 7 6 4 5 7 7 2 4 7 7 7 2 3 2 2 5 5 5 3 7 4 2 6 2 5 3 7 6 6 3 3 6 5 5 7 7 3 6 5 4 2 4 4 7 2 3 4 6 7 2
2 2 2 5 5 5 7 4 2 3 2 7 4 3 7 5 7 2 7 2 3 2 4 4 2 6 3 4 6 5 3 5 3 4 5 4 7 4 3 6 6 3 2 1 5 6 3 7 2 4 6 6 2 6 3 2 2 4 3 4 4 3 7 6 5 4 3 7 3 4 6 4 6 7 5 3 6 6 3 6 3 6 3 5 6 7 6 4 2 5 5 2 3 4 6 2 3 6 7 2
6 3 5 3 5 0 2 2 6 7 7 3 5 2 6 3 6 5 6 3 2 2 3 6 5 4 3 3 7 7 7 3 7 6 7 4 3 3 4 2 3 3 7 5 2 6 4 7 3 2 4 6 6 7 5 3 7 4 4 4 6 3 5 3 4 2 6 7 4 7 3 7 7 2 7 3 5 5 7 4 3 4 4 5 4 7 6 7 3 2 4 6 7 6 5 2 7 6 4 5
6 3 7 6 6 2 6 3 7 6 5 7 2 2 6 5 3 5 2 3 2 4 3 3 7 4 7 7 0 2 3 3 5 6 5 4 6 2 7 4 7 7 7 5 4 2 7 4 7 6 3 5 2 6 7 6 2 4 5 4 7 4 3 6 2 7 7 3 4 5 3 7 3 6 7 4 6 6 4 4 2 5 7 2 3 2 7 3 2 7 7 5 5 4 2 6 3 7 7 6
6 6 5 3 2 4 2 4 4 7 7 6 7 2 3 5 6 2 7 7 6 7 7 2 3 4 5 6 4 2 2 5 3 7 2 6 2 3 5 2 5 7 4 7 3 6 6 6 7 5 7 5 4 4 4 5 2 6 5 6 7 5 2 4 7 5 3 4 2 5 7 7 6 6 5 5 7 4 6 2 4 5 3 6 4 3 2 4 7 6 6 2 2 3 6 3 3 4 3 6
5 6 3 4 6 4 7 6 2 2 7 2 4 5 4 7 6 4 3 3 5 5 5 6 4 7 6 3 4 0 3 6 6 3 2 2 5 5 4 5 5 3 3 7 5 6 4 7 5 2 6 5 6 2 6 4 6 6 5 6 7 2 7 7 2 3 4 4 6 6 7 7 6 3 3 4 3 5 2 5 3 5 6 5 2 5 4 6 4 4 5 3 4 7 7 4 3 7 4 6
5 3 2 5 6 6 4 7 2 3 4 3 5 4 7 2 2 2 0 3 2 5 6 6 3 3 3 3 2 3 2 7 4 3 3 3 3 5 6 3 3 3 4 6 6 4 6 5 7 5 6 5 6 7 3 3 7 5 3 5 5 2 4 5 2 4 5 6 3 3 4 4 2 2 6 3 4 6 3 7 5 5 6 7 7 2 5 2 3 6 7 6 4 4 2 3 2 7 3 6
5 4 4 2 2 4 4 5 7 7 6 2 7 5 7 4 7 4 2 5 7 6 5 5 6 2 3 6 4 4 4 3 5 6 7 5 3 2 3 5 4 4 5 6 5 2 7 2 7 5 6 4 4 6 2 5 4 2 4 2 6 4 2 3 4 7 7 2 3 2 6 7 2 6 6 6 6 6 6 6 4 4 4 2 6 7 3 7 5 5 2 2 3 5 3 7 5 5 4 5
4 3 2 4 7 2 4 3 4 4 5 4 2 7 5 3 7 6 5 7 4 2 7 7 2 6 6 6 7 6 3 2 7 3 5 7 4 7 7 3 5 5 2 4 5 6 7 4 7 6 3 7 4 6 6 6 6 5 5 7 7 3 4 4 6 5 2 5 2 3 4 3 4 5 7 7 7 2 0 7 7 4 7 6 3 6 6 3 2 4 2 3 6 3 7 3 3 3 2 5
4 4 3 7 3 2 2 5 6 4 6 2 5 5 6 6 6 4 2 3 3 3 4 6 6 2 3 6 5 5 3 7 5 4 6 7 3 7 4 7 2 5 5 5 5 5 0 6 6 5 2 6 5 7 2 7 6 2 3 5 3 3 6 3 6 3 6 3 2 6 4 6 4 7 6 6 5 3 7 2 4 2 4 2 7 5 6 2 3 4 5 2 5 6 2 2 3 4 3 4
3 6 6 5 3 5 2 7 6 6 5 7 3 6 3 3 7 2 5 2 7 3 6 4 4 4 5 7 3 2 2 5 3 3 5 6 4 3 3 6 3 2 7 5 7 5 5 6 7 6 4 3 4 3 5 3 6 7 7 6 7 7 7 5 6 4 5 5 7 3 3 4 7 6 6 2 3 3 7 7 7 6 4 6 2 6 3 7 3 6 7 7 5 2 4 5 2 4 2 7
5 7 3 2 3 2 3 4 5 6 6 6 2 3 4 2 4 7 5 5 3 7 3 6 2 5 2 6 6 2 7 7 3 6 3 7 4 6 6 2 6 5 4 5 2 6 5 5 2 3 5 3 3 2 2 5 2 4 5 6 3 3 4 6 4 4 5 6 4 5 6 4 5 5 7 2 2 3 4 4 5 2 7 7 7 3 5 3 3 6 5 3 6 7 6 5 2 2 7 2
3 6 4 7 5 7 5 4 6 4 6 2 4 2 6 5 5 4 7 3 6 5 2 7 4 4 0 7 2 5 3 4 5 3 4 6 3 7 5 7 6 2 2 3 5 6 3 3 6 6 7 4 4 3 5 6 5 2 6 6 7 6 6 4 6 6 3 6 5 7 6 7 6 7 5 7 7 3 7 7 6 4 7 2 6 5 2 3 5 7 3 6 6 4 4 7 6 6 3 4
3 2 2 7 3 3 6 6 2 5 5 5 7 6 3 6 2 7 2 5 3 2 3 5 4 6 3 5 5 7 5 2 7 6 2 6 6 3 4 6 7 3 2 7 6 5 3 7 6 0 3 4 7 3 5 7 7 3 3 2 5 5 6 2 7 2 4 5 5 2 3 5 6 5 2 7 6 7 4 3 2 3 4 3 4 7 5 4 5 3 4 3 6 3 2 5 7 2 5 2
4 7 7 5 6 6 4 5 7 4 3 2 4 5 5 5 4 7 6 7 5 7 4 5 4 6 4 5 6 3 6 7 2 5 3 1 2 4 3 7 7 7 4 4 3 2 3 5 2 4 7 2 2 4 3 2 7 3 4 7 7 5 4 3 4 2 4 4 7 2 4 4 3 7 3 5 2 2 3 3 2 3 4 4 4 4 3 4 2 2 7 7 7 6 6 3 7 5 4 3
3 5 7 2 3 5 4 3 3 2 7 4 2 4 2 2 3 3 6 7 7 4 7 5 4 5 4 6 5 6 4 2 4 6 3 2 6 4 5 4 3 4 3 7 7 3 7 5 6 4 7 5 4 6 6 6 6 3 6 6 6 5 2 5 7 7 4 6 6 4 2 0 3 6 2 5 3 6 7 2 4 7 2 6 7 7 7 7 3 3 7 3 2 5 5 7 4 2 2 3
3 5 5 2 6 4 3 5 3 4 6 6 7 2 7 7 3 5 7 5 5 5 3 6 3 2 2 4 2 6 3 5 4 4 5 5 3 2 7 7 4 5 3 6 3 2 5 5 2 4 3 3 3 5 5 5 3 5 2 3 6 3 3 5 4 3 2 3 2 3 5 3 7 2 6 3 2 4 4 5 4 3 4 6 4 7 2 3 3 2 3 6 7 6 6 4 4 4 6 4
6 6 2 5 3 5 5 4 4 3 4 5 5 5 5 3 2 3 7 6 6 7 3 2 6 3 6 4 5 4 5 5 5 7 7 2 7 4 3 5 7 4 6 2 7 3 5 7 6 6 5 6 2 3 7 3 3 4 7 3 6 2 4 7 5 5 7 5 3 4 4 4 3 6 6 2 7 3 7 2 7 3 4 6 3 5 2 2 7 6 4 7 5 3 3 2 7 3 4 5
6 3 3 6 5 2 4 7 7 4 7 7 4 6 4 7 2 2 4 6 5 6 4 7 3 3 6 7 2 7 5 2 3 7 5 5 2 3 2 3 6 4 3 6 7 2 7 5 6 3 3 5 3 6 5 3 3 0 3 7 5 6 7 7 2 5 5 2 7 5 2 6 2 4 6 6 3 7 7 5 2 7 6 4 2 2 3 6 6 3 7 6 2 2 5 7 2 4 3 5
5 7 7 3 3 7 2 2 2 2 7 5 3 5 2 3 5 4 2 4 3 5 7 3 6 7 6 6 5 2 3 3 6 2 2 5 3 3 5 6 6 5 4 5 6 4 3 6 5 6 4 5 5 2 6 2 2 2 6 7 5 2 7 5 7 2 2 2 7 6 3 4 3 5 7 5 3 7 5 3 7 5 2 7 5 5 3 3 0 3 5 4 7 4 4 6 7 6 5 5
4 5 6 7 3 5 6 3 5 3 4 5 2 2 3 4 5 5 3 5 7 3 2 0 6 6 2 4 7 6 4 3 3 2 3 4 2 3 6 7 3 5 3 5 4 2 7 6 2 3 3 2 5 4 2 7 7 2 7 3 7 3 5 5 6 6 3 3 4 2 6 7 7 4 7 7 6 2 2 5 2 2 5 2 2 5 7 3 5 7 6 7 5 7 5 4 4 4 3 6
3 7 5 2 4 5 7 7 5 5 3 2 5 5 6 2 5 7 6 5 2 3 5 4 3 7 2 5 5 3 5 2 4 5 4 4 2 7 6 2 7 3 5 2 2 3 7 7 4 4 7 4 7 7 2 6 5 6 3 7 2 6 3 3 4 7 3 3 7 4 6 2 7 2 3 4 2 3 5 3 2 3 2 2 6 6 3 2 5 2 4 2 4 7 6 5 4 2 2 2
6 2 3 4 2 7 6 3 4 2 4 3 5 7 7 6 2 3 7 6 5 3 7 5 7 6 6 4 4 2 4 5 6 5 4 2 6 2 3 6 7 5 3 5 7 4 2 2 4 3 2 2 6 6 6 6 7 4 7 5 5 4 5 5 3 4 2 5 2 5 6 5 6 3 3 6 6 2 6 2 5 4 4 5 2 2 3 4 3 2 7 4 2 6 3 2 4 2 6 2
5 2 2 6 7 4 6 2 2 4 6 3 7 3 3 2 4 2 5 7 6 5 7 2 3 6 7 2 7 5 2 7 4 7 4 2 2 4 5 7 4 2 7 2 3 3 4 4 2 5 3 5 4 3 6 2 3 2 7 5 2 2 2 6 3 3 6 2 5 6 5 4 4 3 7 3 3 3 7 6 5 6 4 3 7 2 2 0 5 2 2 6 2 6 3 3 7 5 4 3
2 7 6 3 4 4 4 7 2 5 6 5 4 5 4 5 5 3 6 5 7 6 7 3 7 3 5 2 6 4 6 3 4 3 5 5 4 3 4 2 3 3 3 6 6 2 6 5 5 6 5 4 4 7 4 4 3 4 1 2 2 5 5 7 3 7 4 7 7 6 6 3 2 3 3 6 3 2 4 4 7 2 7 2 6 2 7 3 5 5 7 7 3 4 4 7 5 7 7 4
5 2 5 4 6 6 2 2 5 6 6 7 6 2 6 5 7 2 2 2 5 5 3 2 7 2 7 6 2 7 3 5 3 4 3 4 6 7 5 7 7 4 6 7 3 2 3 0 6 7 5 5 2 7 4 7 4 3 7 6 5 5 7 2 7 6 4 3 4 3 3 3 5 6 5 5 5 6 7 4 6 3 4 3 6 6 6 6 5 2 4 3 3 7 7 3 4 4 4 3
4 3 5 4 2 3 3 3 7 0 4 5 2 3 2 3 4 3 5 2 3 2 4 6 3 3 4 5 5 4 5 7 7 2 6 3 2 2 7 5 2 2 7 5 7 5 3 6 6 4 3 7 5 5 4 3 3 3 6 5 7 2 5 6 5 6 5 6 3 4 7 6 6 3 4 7 4 6 3 5 6 7 2 6 5 6 3 5 2 6 3 2 5 5 2 7 7 2 3 4
3 7 5 6 7 7 7 6 4 4 5 3 6 4 6 4 6 2 3 6 4 2 5 3 2 7 6 7 2 7 2 2 6 7 3 6 3 2 7 3 4 6 6 5 2 2 6 4 2 4 4 2 7 4 5 3 6 2 6 6 4 4 2 6 6 7 7 5 7 4 4 6 0 3 6 7 7 2 6 2 2 6 6 5 2 7 5 3 4 5 3 5 3 5 2 2 5 7 6 5
6 6 6 5 6 4 6 2 5 5 5 6 2 5 3 1 2 6 7 3 5 2 2 4 3 4 6 2 2 6 6 4 6 7 2 4 5 3 7 7 7 4 7 6 3 7 5 6 7 2 6 6 5 6 7 6 7 5 3 5 3 3 2 5 5 6 5 5 2 7 6 6 3 5 6 3 2 6 3 5 6 3 4 7 4 2 6 7 5 3 2 3 4 3 5 4 3 2 7 5
6 5 5 5 6 5 4 3 2 4 7 2 5 3 2 5 3 7 4 6 4 4 4 7 5 3 7 5 2 5 7 7 2 2 6 6 4 5 5 7 7 4 5 4 7 3 6 5 3 3 3 7 6 3 3 3 6 2 3 3 3 5 4 7 4 3 2 2 4 2 3 5 7 4 3 4 4 4 5 6 3 7 2 6 2 7 7 5 7 3 2 0 3 6 2 2 5 6 2 6
6 3 3 2 2 4 2 4 3 2 7 0 3 6 5 7 7 2 5 5 6 5 3 5 6 7 6 7 7 2 6 2 5 6 2 5 6 6 2 6 4 7 3 5 3 7 6 6 5 2 6 4 2 4 4 4 7 3 6 3 4 6 2 3 7 7 6 5 3 7 6 2 6 2 6 5 3 3 4 2 4 3 5 7 4 3 6 6 3 7 6 6 3 2 4 7 3 5 6 4
4 7 3 6 3 7 0 2 3 4 3 6 6 2 6 2 5 5 5 7 3 4 6 5 2 3 6 6 3 7 4 3 7 5 2 5 7 6 3 2 7 6 7 6 4 4 4 6 3 5 6 2 6 5 5 3 2 3 4 5 4 2 7 7 7 2 6 4 5 3 4 7 6 3 3 5 6 2 5 7 2 3 6 6 5 7 4 4 2 5 5 7 5 4 7 3 7 6 4 6
5 3 5 5 3 4 6 2 6 3 3 4 7 3 2 7 6 1 6 2 5 4 4 2 5 2 6 4 7 2 3 3 4 2 5 4 3 5 6 6 7 5 3 5 4 2 2 5 3 7 5 2 7 5 5 2 6 4 3 2 4 5 4 4 5 7 3 7 2 4 2 7 5 4 2 4 2 2 2 7 3 4 7 3 6 3 7 2 3 3 7 2 7 3 7 2 7 5 6 4
4 5 3 6 5 3 3 5 7 2 6 4 2 5 3 3 6 5 2 3 5 4 3 5 6 2 7 5 5 3 7 4 4 5 7 3 5 6 4 5 7 3 2 5 2 7 3 5 3 7 6 7 3 7 4 2 6 2 4 4 3 5 6 4 6 5 5 2 5 2 6 2 4 6 4 7 3 6 2 0 3 5 2 2 4 5 7 2 5 2 2 7 2 3 4 3 4 2 5 4
5 7 2 6 2 5 6 4 6 6 6 2 4 2 2 4 7 2 7 6 2 3 2 7 4 7 7 4 5 4 4 5 5 7 7 7 5 5 2 5 6 7 5 3 4 4 6 4 4 4 2 7 2 3 6 2 3 2 6 2 4 7 2 4 5 3 4 4 7 5 3 3 6 5 3 2 4 3 4 6 6 4 6 5 3 3 3 6 2 5 3 6 2 3 3 7 5 3 7 4
5 5 2 3 4 5 6 4 5 7 3 6 6 6 5 5 7 3 4 3 4 6 7 2 7 2 6 7 5 6 5 3 5 5 2 2 4 6 7 7 2 6 5 3 2 7 6 6 3 3 3 4 2 4 7 7 2 4 7 5 5 7 4 5 3 4 5 2 5 5 6 4 7 5 3 1 5 3 4 7 5 3 6 4 2 3 7 4 3 2 3 7 6 3 6 3 2 2 3 2
4 6 4 6 4 3 5 4 5 7 7 6 4 5 6 2 7 3 3 2 2 5 4 3 5 3 5 4 3 7 6 3 4 3 4 3 7 6 6 6 0 3 4 7 3 5 4 5 5 5 3 6 6 4 4 7 6 4 3 3 4 2 6 4 7 7 5 2 4 3 7 7 4 7 5 7 4 2 2 3 5 3 4 2 3 3 2 2 4 3 4 2 7 6 5 7 6 2 7 5
6 6 7 5 5 5 4 5 5 7 3 4 3 6 7 2 4 6 6 3 6 2 2 4 6 4 5 6 3 5 2 4 3 2 2 6 7 2 2 4 4 7 6 6 3 4 5 3 3 5 3 3 6 2 4 4 2 6 6 6 5 3 5 3 2 6 5 5 4 4 3 4 3 2 6 5 2 4 5 7 5 5 5 3 7 6 6 5 4 4 4 4 2 4 4 4 7 6 4 5
6 6 7 3 3 6 3 4 7 2 5 3 2 2 6 3 6 5 4 4 6 5 5 2 5 5 3 3 6 3 5 2 4 6 6 3 7 3 2 7 7 4 3 4 5 6 5 5 5 6 6 5 2 7 2 5 6 6 3 2 7 6 3 7 5 7 3 2 5 5 2 5 2 4 2 7 3 3 3 3 6 4 7 4 6 6 5 4 3 6 2 7 2 7 6 5 3 7 7 4
6 7 5 2 6 3 2 7 6 3 7 4 5 3 6 7 5 4 5 5 2 7 7 3 5 7 5 2 6 2 0 3 7 6 4 6 2 6 5 7 5 5 5 5 5 7 6 5 3 5 2 6 2 3 3 7 7 4 6 7 7 3 7 4 5 4 7 7 3 2 3 4 6 4 7 6 3 7 6 6 2 2 7 6 5 3 4 5 7 3 7 7 3 5 3 7 7 7 6 7
3 3 6 5 6 4 4 5 6 4 7 5 5 2 7 3 2 3 3 7 7 2 5 3 7 2 3 3 7 6 2 7 7 4 5 4 3 5 2 2 5 5 7 7 0 5 6 3 6 3 2 5 4 6 5 3 3 3 6 2 5 5 5 2 3 5 2 4 7 6 4 4 2 5 6 2 2 2 3 5 2 3 7 6 6 2 6 3 2 3 4 4 2 6 6 6 5 5 3 7
5 2 2 2 7 2 2 5 4 7 2 3 2 4 3 3 7 2 7 7 2 3 5 6 4 5 5 7 7 5 3 6 7 5 2 2 3 6 4 5 5 2 5 2 4 3 2 6 3 2 6 2 5 7 5 4 7 2 3 5 5 4 5 2 2 4 4 4 6 3 5 6 3 6 2 5 5 6 2 6 6 5 2 4 6 3 2 4 5 3 3 5 2 6 5 3 6 1 6 5
7 6 7 3 3 6 5 3 5 6 4 7 5 4 4 2 6 6 7 2 7 3 7 3 3 7 5 5 2 7 2 7 3 5 6 4 6 3 6 5 4 2 6 3 7 4 4 4 3 5 3 7 6 4 7 2 3 2 2 6 6 6 7 2 6 6 2 5 5 3 6 4 5 6 6 6 7 4 5 4 7 7 6 6 7 4 4 5 4 5 6 4 7 5 7 5 2 6 2 5
2 5 7 4 6 5 5 5 7 5 2 7 4 6 7 3 6 2 4 5 2 2 6 3 2 4 4 4 5 4 6 3 2 2 5 4 4 4 3 3 3 7 5 5 6 4 2 6 4 4 6 2 3 5 7 4 6 5 4 2 3 6 5 3 6 3 3 2 6 7 4 5 2 4 6 4 3 3 2 5 3 2 3 4 4 5 3 4 4 6 2 3 7 7 7 3 7 6 2 7
2 4 7 6 5 5 2 7 2 3 6 3 6 7 5 4 3 5 3 3 2 4 3 4 7 3 6 4 3 4 6 6 7 7 7 7 5 2 3 5 7 7 5 3 2 6 3 5 6 6 4 3 3 3 6 7 4 5 2 7 3 6 3 4 7 3 5 5 7 6 7 5 6 7 2 3 6 5 3 2 2 3 3 5 4 7 5 6 3 7 4 2 7 6 3 7 6 4 6 4
3 2 3 7 5 5 3 2 4 5 6 4 4 2 6 7 4 6 2 5 3 6 5 3 2 4 5 2 7 4 5 2 3 2 4 6 3 3 4 5 6 2 5 4 2 4 7 5 6 5 5 7 6 7 6 4 7 6 7 3 5 5 7 7 2 6 7 7 4 6 2 3 7 2 5 7 4 7 3 5 7 7 4 5 3 7 6 5 3 2 4 2 5 0 5 7 3 5 4 2
5 3 6 5 6 5 4 6 5 5 6 5 4 2 3 7 6 6 4 2 2 6 4 4 7 6 3 6 6 7 7 2 5 6 3 6 4 6 3 5 3 7 0 5 3 2 7 4 2 3 6 7 5 2 6 2 7 7 3 3 6 2 7 7 5 7 6 4 6 4 6 4 3 4 2 4 6 4 2 3 4 2 3 5 2 4 6 6 2 6 7 6 2 7 6 4 4 7 4 3
7 6 6 6 7 6 7 6 4 5 5 7 5 2 7 6 4 5 2 2 6 7 2 3 7 6 7 4 4 4 2 2 6 6 3 5 4 3 7 7 4 3 6 6 6 5 4 3 7 5 7 2 6 6 7 5 4 7 7 5 3 7 6 2 5 2 2 4 6 5 3 7 2 5 7 2 5 5 5 4 2 7 5 6 5 7 2 7 2 0 7 4 2 6 5 2 2 2 3 3
4 3 4 3 5 7 7 4 5 5 6 4 2 6 7 2 7 7 5 6 4 2 4 4 2 5 3 7 6 4 7 6 7 3 7 4 5 6 5 7 2 7 2 6 6 5 5 7 7 6 3 6 5 6 3 3 7 4 3 2 5 2 5 5 6 7 5 5 5 5 5 2 3 7 2 3 6 5 6 6 7 4 3 5 4 2 3 7 7 5 4 7 4 4 3 5 6 3 3 3
4 6 3 6 5 2 5 3 5 5 1 4 3 7 5 2 4 5 3 5 6 3 2 6 7 3 3 3 5 4 7 3 4 3 2 6 5 3 5 7 5 3 5 5 6 6 3 2 3 3 5 3 6 5 4 2 4 5 7 6 6 5 7 2 6 5 7 2 7 2 3 5 4 4 2 3 5 4 5 5 6 5 4 7 6 5 7 4 2 3 5 5 5 3 2 7 5 2 4 7
