150
15 1078
3 633
1 349
11 667
14 901
1 346
2 1052
13 810
4 805
7 909
16 1678
10 515
13 440
10 1706
10 1276
4 1349
19 1048
11 1358
19 492
17 709
16 346
2 442
13 349
5 1371
19 1508
16 1440
13 1178
19 736
14 346
11 542
14 1309
18 605
17 1662
14 1127
8 1581
2 1055
12 346
2 1240
6 1384
17 968
14 346
1 1175
14 351
13 1619
7 745
12 1537
20 1233
18 369
15 533
13 1641
12 349
5 715
11 565
9 346
6 1084
17 883
13 692
18 1484
7 1067
14 771
9 506
13 349
2 476
20 922
14 410
13 613
8 1293
9 351
12 1716
15 385
8 1133
12 346
18 1153
13 855
3 346
17 993
16 1520
20 346
8 1204
19 1264
5 1007
13 835
13 757
6 346
8 1371
8 423
10 346
16 1455
6 414
13 1609
2 640
5 358
13 1287
9 1017
18 346
11 1400
9 1010
6 839
20 468
7 390
17 658
3 1640
8 1596
11 1558
4 1630
7 1208
4 1404
10 349
9 1394
1 424
7 351
9 1550
12 351
4 351
10 351
10 981
5 1154
1 1161
10 1567
12 346
2 351
12 554
17 587
16 1425
16 351
16 945
13 866
7 1584
3 1512
10 783
14 1332
13 349
3 449
16 1197
4 948
2 555
9 1104
14 632
7 1105
10 1695
15 1342
5 671
3 1064
9 1464
13 349
7 1223
3 693
16 796
20 349
2 351
7 3 2 2 3 2 2 5 3 2 3 6 3 4 4 4 5 4 4 3 3 2 5 6 5 5 2 4 5 2 5 2 5 6 3 2 4 4 4 6 7 7 4 4 7 4 6 2 5 4 3 3 6 4 2 5 7 4 5 4 5 7 6 2 6 5 5 4 6 3 2 2 7 6 5 4 3 3 5 4 4 4 5 5 5 3 7 2 4 4 7 4 2 2 4 2 5 3 5 5 4 7 6 2 5 5 7 5 4 5 3 3 7 3 3 6 6 4 7 6 2 4 3 6 7 4 7 5 3 4 5 6 4 2 6 4 2 5 6 6 6 7 2 4 2 4 3 6 7 6
5 7 6 3 5 7 7 6 5 5 3 7 5 2 3 5 4 5 4 5 3 6 4 3 3 5 4 4 5 2 7 2 4 3 7 3 2 4 6 2 2 7 4 3 7 3 4 4 5 7 3 7 2 5 7 7 5 2 7 5 3 6 5 4 3 6 4 4 3 6 6 6 6 4 6 5 6 6 3 2 5 6 7 2 6 2 2 4 6 3 1 6 5 6 7 5 7 4 5 3 6 6 6 2 7 3 5 3 7 5 5 5 6 4 2 3 5 7 7 7 7 6 5 3 5 6 4 4 5 6 5 5 5 2 3 2 5 3 3 2 2 3 6 3 3 3 6 7 4 4
6 6 2 5 6 7 7 3 6 5 2 3 2 6 4 7 5 2 5 4 2 7 7 5 3 7 2 2 7 3 3 6 7 4 6 5 4 5 2 6 6 5 2 2 3 7 6 2 4 7 2 6 5 2 6 3 2 3 7 5 6 5 3 6 3 7 5 7 5 7 6 6 3 4 3 7 3 6 7 5 7 4 7 3 7 2 3 5 2 6 7 2 7 2 5 2 2 7 3 4 4 5 7 2 5 5 3 7 6 5 4 7 3 7 7 4 6 4 2 5 7 4 7 5 4 7 5 4 2 5 2 3 6 3 2 3 6 2 6 3 7 7 2 6 4 7 5 7 7 5
7 6 3 4 5 3 5 3 2 2 6 4 2 2 6 6 2 6 6 5 5 4 7 7 7 4 7 6 5 3 3 2 5 6 3 4 3 4 3 4 5 2 4 7 5 3 4 7 5 5 6 7 4 5 7 5 5 7 5 6 2 6 3 4 7 5 5 7 7 2 3 4 6 7 2 5 6 6 2 5 4 3 3 5 6 3 5 4 3 2 3 2 7 3 7 5 7 3 4 7 7 5 7 5 4 7 6 3 5 6 3 7 5 2 4 4 5 3 5 4 3 4 6 6 5 7 6 7 3 7 7 6 7 7 2 7 6 7 6 6 4 1 6 3 4 4 2 3 5 7
4 4 7 3 7 4 3 5 6 1 4 5 7 5 4 7 4 4 6 2 2 2 4 3 6 5 5 6 4 4 5 5 4 7 6 3 7 2 7 5 6 7 5 7 6 5 5 5 3 7 6 7 3 6 3 7 6 5 5 4 4 7 6 5 2 5 7 6 3 7 7 6 6 5 5 4 4 2 5 6 5 6 2 4 7 7 4 2 5 7 7 7 5 3 3 6 2 3 6 2 3 4 6 2 5 4 3 3 5 6 4 5 6 3 3 5 5 6 3 7 2 7 2 3 4 4 7 4 7 5 2 2 5 5 7 3 2 2 2 3 2 7 5 4 5 5 6 3 2 7
5 3 7 7 4 2 3 7 7 3 6 6 5 4 2 5 2 6 4 4 5 2 4 3 3 6 4 3 2 4 6 5 3 5 7 2 6 2 5 6 6 6 1 6 4 5 7 7 5 3 2 4 5 2 7 6 7 6 3 4 3 2 5 3 4 3 4 6 5 7 7 2 6 6 6 5 7 5 6 6 6 3 6 3 3 7 4 6 2 5 7 5 6 2 4 6 7 5 4 7 5 7 7 6 5 7 5 2 4 6 6 3 2 5 4 6 3 6 6 4 5 7 6 5 5 4 7 6 5 4 3 6 3 6 4 3 5 4 3 7 3 7 4 2 2 5 7 2 4 4
7 3 7 5 5 7 3 3 3 3 3 6 2 5 2 4 5 6 4 2 6 5 6 7 4 3 7 3 2 4 6 4 3 3 5 3 3 5 5 2 5 2 4 3 5 5 2 2 5 6 2 6 6 4 6 6 2 7 3 5 7 3 4 3 7 6 2 7 6 6 5 2 2 7 2 5 4 7 3 3 2 2 2 3 6 3 3 3 4 2 5 3 7 4 5 5 7 7 7 2 7 3 6 6 7 2 3 6 6 3 2 4 7 4 5 5 2 4 6 3 2 7 2 3 5 3 3 5 3 4 3 5 2 4 5 6 7 3 2 3 4 3 6 5 7 7 5 4 5 6
7 7 4 4 2 7 2 2 3 7 6 7 5 4 5 3 3 5 7 2 7 3 6 4 6 5 5 3 6 7 2 7 7 2 5 3 5 5 7 4 5 6 7 4 2 6 3 4 5 3 3 2 3 7 5 7 7 5 7 7 6 4 2 3 4 3 6 6 7 7 3 4 2 5 7 5 4 5 3 7 3 3 2 5 7 2 7 6 4 2 6 3 5 5 6 4 5 3 7 5 7 2 6 3 2 3 3 5 6 6 7 7 4 2 3 6 5 3 3 6 3 4 4 2 2 2 3 5 6 3 6 2 3 5 2 5 5 7 3 3 2 2 2 2 4 3 2 3 5 2
2 3 3 6 4 3 6 0 2 2 5 6 2 6 2 6 3 4 4 3 7 2 5 2 6 5 6 4 5 5 4 4 3 3 4 3 6 2 2 4 5 5 4 4 4 2 4 3 2 6 7 2 2 3 6 2 7 7 6 6 4 7 5 5 5 6 5 6 4 4 3 2 2 4 6 6 2 7 6 4 7 4 3 6 7 5 5 5 3 6 3 4 5 7 5 5 6 5 6 5 5 5 6 5 3 5 4 6 4 6 2 5 4 7 6 6 7 2 3 3 6 3 7 7 5 5 2 6 7 4 6 4 2 3 6 3 4 4 6 7 4 5 3 4 5 3 3 7 3 7
2 3 3 6 4 3 4 7 6 3 5 6 4 5 2 5 4 3 2 3 6 6 5 6 6 3 5 7 6 6 4 5 2 2 4 4 4 4 2 7 7 7 7 5 3 5 2 6 4 4 5 5 5 5 2 5 5 2 2 6 2 2 4 0 3 5 6 3 2 6 2 5 7 6 3 6 5 3 6 6 7 5 7 2 4 3 5 2 2 4 3 5 6 7 6 3 4 7 3 5 5 2 6 2 7 6 7 5 2 2 2 6 2 7 3 4 7 3 4 5 2 5 4 3 6 6 6 5 3 3 2 4 7 7 5 4 6 5 2 4 4 3 6 3 6 5 4 5 2 7
2 4 2 5 4 7 3 4 2 5 5 2 3 4 4 2 5 6 4 7 5 3 2 5 2 5 4 3 7 7 5 3 7 5 6 4 6 2 3 7 4 3 2 6 7 4 2 4 3 5 5 3 7 6 3 3 2 3 4 7 2 7 6 7 4 5 6 5 4 7 7 4 2 4 5 2 7 3 7 6 7 5 2 7 2 5 7 3 7 4 4 5 5 5 2 5 5 2 5 3 2 3 6 7 2 5 6 4 2 7 7 4 2 2 5 3 5 2 3 7 7 3 5 6 4 3 4 6 7 4 3 2 2 6 7 3 5 5 7 0 6 5 3 2 7 7 6 3 7 6
7 5 7 5 2 3 7 4 4 5 7 5 4 3 6 5 4 6 5 5 2 6 6 4 2 6 3 5 7 7 4 2 5 7 5 5 2 7 3 2 2 7 6 5 5 3 4 5 1 6 6 3 5 2 2 4 4 7 5 6 5 2 4 7 4 2 5 2 4 2 5 2 7 2 4 6 5 3 7 6 2 6 2 2 3 2 6 3 4 4 6 7 7 4 7 6 6 2 3 4 3 3 3 2 2 3 7 5 2 7 7 4 2 3 4 6 7 3 3 3 7 6 7 5 6 2 5 4 6 6 3 2 3 4 3 7 6 7 6 5 2 6 3 5 3 4 5 4 3 6
3 7 3 2 3 5 3 3 3 4 4 6 5 7 2 2 3 4 4 3 7 0 5 2 2 4 2 2 6 2 5 3 6 7 5 5 7 4 5 5 3 3 4 3 7 6 5 2 6 7 6 5 7 5 7 6 3 2 6 3 4 6 7 4 4 7 2 2 2 7 5 6 7 6 7 4 4 6 3 7 6 7 7 6 6 3 7 5 6 2 7 5 5 7 3 6 2 4 5 6 7 6 6 6 3 3 5 4 2 7 2 3 3 6 3 2 7 3 2 4 2 2 2 3 4 2 7 6 6 3 3 7 4 4 6 4 2 3 2 7 6 3 7 5 7 5 5 3 6 6
2 7 2 7 5 7 2 7 6 4 4 4 2 7 4 3 6 5 6 3 7 7 4 3 7 2 2 4 7 7 3 5 6 2 5 4 6 3 5 3 5 5 3 5 6 5 5 7 3 2 7 5 5 5 4 3 2 6 7 5 5 7 6 7 7 2 7 5 0 6 6 5 2 6 5 3 4 7 6 7 7 4 4 6 2 2 3 6 7 7 3 2 6 5 2 2 3 2 2 5 4 4 3 6 6 4 3 6 4 5 2 2 4 2 3 4 5 3 5 7 2 6 7 7 7 4 5 7 3 7 2 4 4 4 6 5 4 5 3 7 3 4 7 6 4 5 4 3 3 2
7 6 5 4 3 2 7 2 4 6 6 5 2 5 6 6 5 2 6 7 7 5 3 3 4 3 3 4 2 2 4 7 5 4 4 3 6 7 3 5 2 5 7 6 7 6 6 5 7 3 5 7 3 4 3 6 2 7 3 2 6 6 3 6 6 4 3 2 4 4 7 3 3 5 6 3 2 4 3 6 7 2 2 5 5 7 5 2 2 3 4 2 1 3 7 5 3 6 6 5 7 2 6 7 4 3 4 7 4 6 3 6 7 3 3 5 3 4 6 6 7 6 4 5 5 5 2 4 6 2 2 7 3 3 5 4 2 5 3 2 5 7 5 3 2 2 2 2 7 5
5 7 6 3 3 5 2 6 5 7 5 4 3 6 7 3 2 0 3 6 2 2 5 4 3 2 3 7 3 7 2 2 3 3 6 2 6 4 5 6 3 5 2 2 2 7 5 2 2 4 4 7 4 5 3 4 6 2 2 7 4 5 7 3 3 7 2 4 3 3 3 6 7 2 2 7 7 2 2 6 4 2 5 7 3 2 7 5 3 3 6 4 5 7 7 2 2 7 4 3 7 5 6 2 6 6 4 2 7 7 6 7 6 2 2 7 6 4 7 3 2 6 3 2 3 4 2 2 2 4 4 3 2 6 3 5 6 5 5 3 2 7 6 7 5 5 3 2 3 3
4 5 2 6 5 6 3 2 7 3 2 5 2 7 7 3 7 6 6 4 2 7 4 2 7 2 6 2 2 4 7 5 3 2 6 5 6 2 2 7 4 5 5 2 4 5 4 2 7 6 2 2 4 4 4 5 5 7 5 5 3 3 6 6 5 5 2 2 3 6 3 2 3 5 7 3 7 7 3 6 2 7 2 2 4 3 3 3 2 5 7 5 2 6 7 5 5 2 2 5 5 6 6 7 7 4 4 2 4 6 3 5 7 2 2 2 5 7 7 7 7 2 6 7 6 4 4 3 2 4 4 2 6 2 7 5 3 5 5 4 4 7 5 7 5 2 3 4 4 7
7 3 4 7 4 7 3 2 7 4 6 3 4 3 6 6 3 2 3 7 3 5 2 4 7 4 4 2 3 5 7 6 4 7 4 6 6 6 5 2 4 7 5 4 2 2 3 7 5 3 2 4 5 7 5 2 3 7 3 4 2 6 5 3 5 5 6 2 7 5 3 2 4 4 2 4 7 2 3 4 3 2 3 5 0 7 2 2 3 3 6 3 7 7 5 3 7 5 6 5 4 3 5 6 4 5 7 4 7 6 2 5 6 2 5 6 6 2 2 2 6 5 6 4 3 4 3 4 6 7 3 4 3 2 3 4 7 5 2 5 4 2 4 6 4 3 3 4 7 2
6 7 5 3 7 5 2 3 7 7 3 5 5 4 6 7 3 3 6 4 2 4 2 3 5 5 4 4 7 5 4 2 5 4 2 6 6 6 7 2 5 2 7 6 7 7 6 6 3 5 4 4 4 3 6 6 6 3 3 6 3 7 7 3 3 7 3 3 2 3 3 2 3 7 6 5 2 6 3 4 4 7 3 3 4 4 7 5 7 4 7 2 3 6 4 6 7 2 2 4 2 6 3 5 6 7 7 3 5 3 7 7 5 5 6 3 3 4 5 7 7 2 6 4 5 2 5 4 4 7 7 6 3 4 7 2 7 3 6 6 2 5 2 3 3 4 6 6 6 7
7 3 6 4 4 5 7 6 3 2 5 4 3 2 4 6 3 4 6 7 4 7 5 7 3 2 3 2 7 3 7 3 4 4 5 5 3 5 5 6 5 2 6 4 4 7 2 4 5 5 5 0 3 4 5 6 4 2 4 5 4 6 6 4 4 7 3 4 2 5 2 4 2 6 5 4 5 4 2 6 7 6 7 4 6 6 5 7 6 3 6 5 6 3 3 3 5 4 6 2 6 5 2 2 6 3 2 6 3 3 7 4 7 5 6 7 6 2 5 4 7 6 3 3 7 6 6 5 3 7 7 6 3 7 3 7 6 5 2 5 7 4 3 7 6 4 4 5 5 5
6 4 2 4 6 7 7 7 5 3 5 4 3 2 6 3 3 5 6 5 6 6 2 3 7 3 2 2 2 3 3 5 3 2 7 4 4 6 7 5 7 3 6 5 4 7 6 4 4 4 6 3 2 5 4 3 7 7 4 4 3 7 6 5 2 6 7 4 3 6 4 3 6 4 7 2 3 5 2 2 7 3 7 6 5 2 2 5 6 5 5 7 4 4 5 5 2 5 7 2 2 3 4 6 2 2 5 3 6 5 3 3 5 0 2 4 3 3 4 6 6 7 5 2 6 2 6 7 4 6 5 5 4 2 5 5 6 4 3 6 3 2 7 3 3 7 3 7 3 3
7 2 5 3 7 3 2 5 2 6 6 6 5 6 7 6 5 2 2 7 2 4 6 4 5 4 3 4 5 7 7 6 7 5 3 2 3 5 3 3 7 3 2 5 2 4 6 6 2 3 5 3 4 2 5 5 4 5 3 4 5 7 3 7 3 7 7 3 3 5 3 7 4 7 2 4 7 5 6 4 6 4 7 5 6 7 6 4 4 7 6 3 4 2 7 2 5 6 7 2 2 5 3 2 7 4 5 4 3 6 5 7 5 4 4 2 3 3 2 2 3 4 5 7 3 4 7 5 7 4 4 7 0 5 5 3 7 7 4 6 2 7 7 7 6 6 2 4 5 7
7 2 4 7 5 3 7 2 3 6 7 2 3 3 7 3 3 2 7 5 7 7 3 7 7 7 3 4 4 2 2 3 4 5 5 2 2 6 6 7 5 7 5 5 3 6 2 4 7 6 3 6 2 2 2 3 4 4 6 5 5 5 4 3 3 4 3 6 7 2 4 2 5 6 6 7 3 2 4 6 4 3 4 4 7 7 6 4 4 3 5 5 6 2 6 4 5 5 4 7 4 3 5 5 2 5 2 7 6 5 7 4 6 3 3 6 5 7 7 5 5 5 4 4 7 2 3 4 6 3 6 4 4 6 4 6 6 3 4 6 3 7 6 4 2 5 7 7 3 0
2 4 6 6 3 7 7 6 3 6 3 3 5 5 4 6 3 6 3 3 5 6 4 6 3 2 5 3 7 7 3 2 2 5 3 5 3 5 0 2 6 6 7 3 3 6 3 4 6 3 4 7 3 2 6 4 2 4 2 6 5 4 4 5 6 6 4 2 7 3 6 3 7 6 7 3 5 5 3 4 6 3 3 7 4 3 6 2 6 2 4 2 4 4 2 6 6 7 4 2 4 7 7 3 3 5 3 5 5 7 7 3 6 6 6 6 3 5 6 5 4 7 2 4 7 6 7 2 6 7 7 7 3 5 6 7 5 2 2 5 2 5 6 2 6 3 3 7 3 2
3 6 6 5 5 7 3 3 6 2 5 4 4 7 3 3 7 5 7 6 2 4 6 3 6 5 6 7 5 2 4 5 4 2 6 5 7 3 5 2 3 2 7 4 2 7 2 5 2 6 7 5 6 2 7 4 7 3 6 3 7 5 4 6 7 4 7 4 6 3 7 2 4 4 4 5 6 5 6 7 6 5 3 6 4 7 3 5 6 6 4 4 7 3 7 4 2 5 2 4 5 3 5 5 4 7 7 2 4 3 2 3 5 3 2 3 5 2 2 3 2 5 4 3 4 7 6 7 3 2 5 3 3 4 4 2 3 4 7 3 5 3 2 4 6 7 2 2 3 7
6 6 2 3 3 2 3 6 7 2 2 6 7 6 7 7 5 5 2 4 6 5 5 7 5 7 7 6 4 4 4 6 7 7 5 7 4 3 5 2 4 4 7 2 3 3 3 2 4 6 2 6 3 4 3 6 3 3 7 2 7 3 4 7 5 4 7 2 6 2 7 6 4 4 7 7 4 7 7 6 2 7 7 4 6 7 5 0 4 5 6 4 2 2 7 2 4 2 3 5 7 6 4 5 3 4 6 7 6 4 5 3 5 3 4 6 5 2 5 2 2 5 5 4 2 2 3 7 4 6 3 3 5 6 2 2 7 2 2 7 5 4 5 4 3 4 5 7 3 4
3 3 7 3 7 4 7 7 6 2 3 4 6 3 2 4 2 5 5 5 3 2 5 4 7 7 7 4 6 5 2 3 5 2 2 5 7 5 7 7 7 2 7 7 3 7 7 7 7 4 4 4 4 6 7 6 2 7 4 3 3 5 3 3 2 6 4 3 2 5 7 3 4 2 5 5 3 3 6 4 3 6 5 7 7 3 4 2 2 3 3 4 2 7 3 4 2 2 4 3 4 2 7 3 5 4 7 6 7 5 4 2 7 3 5 7 6 6 7 5 3 3 4 4 6 3 4 4 6 7 7 6 3 6 6 3 4 6 5 3 4 3 6 3 2 5 3 6 3 3
7 3 6 4 5 5 6 5 3 2 6 2 4 2 4 2 2 7 5 5 6 5 2 3 7 6 2 2 7 3 5 4 3 6 2 3 5 3 7 2 7 5 3 2 0 2 7 2 5 3 4 2 6 2 2 4 7 2 4 2 2 3 6 4 7 3 4 4 6 5 3 7 3 5 7 3 5 6 7 6 7 3 4 2 3 4 2 6 2 2 5 6 4 2 6 3 3 5 4 4 7 3 3 2 2 4 2 5 3 4 3 2 2 5 4 5 3 6 6 7 5 5 7 2 6 5 2 2 6 2 7 2 7 6 4 2 3 6 3 5 4 5 2 4 7 5 3 6 3 5
7 2 2 5 3 0 2 7 6 7 4 4 2 6 3 7 4 6 6 2 4 5 4 2 3 4 2 3 6 5 3 3 3 2 6 2 2 2 4 4 5 2 2 3 6 4 7 5 5 7 3 2 7 3 5 5 3 6 7 5 5 2 6 7 2 4 7 6 5 3 3 6 6 2 6 6 5 5 2 7 7 2 7 4 6 2 5 2 5 3 3 4 5 7 6 2 3 4 2 2 6 4 7 4 2 4 4 2 7 3 4 6 6 3 4 7 4 3 6 6 6 7 6 2 5 6 3 5 4 7 4 3 5 5 4 6 7 3 6 4 7 2 6 3 3 5 6 3 4 4
5 4 2 7 2 7 7 4 2 6 5 4 2 5 4 6 6 5 6 4 3 2 6 7 3 4 5 7 7 7 6 7 7 3 5 3 4 4 3 5 3 7 5 6 2 4 7 5 5 7 5 2 4 5 4 6 6 7 3 6 7 7 4 7 3 7 4 3 5 5 2 6 5 6 2 6 2 3 6 4 4 5 7 6 6 6 2 5 2 5 5 7 2 6 3 2 5 7 2 2 5 3 3 7 3 5 3 4 2 7 2 6 2 5 4 6 3 2 5 2 7 0 2 2 4 2 6 4 3 6 2 6 6 5 3 2 2 7 5 7 6 4 3 4 2 6 6 3 6 6
7 4 2 6 2 5 3 5 3 2 6 3 7 6 6 3 3 7 6 5 4 2 5 2 6 6 7 5 3 7 7 7 3 3 6 4 6 4 5 3 5 5 2 2 6 5 4 5 5 2 2 2 7 2 5 5 2 5 6 5 6 5 3 2 3 5 6 7 3 7 2 7 4 5 3 4 2 4 3 5 6 3 5 3 6 6 6 7 2 3 3 4 4 4 5 7 6 3 4 7 5 5 6 2 2 7 6 4 4 4 7 5 2 7 3 3 4 3 4 2 7 2 7 3 6 4 3 6 4 6 1 4 3 2 4 6 4 4 2 3 7 3 7 4 5 3 2 2 7 7
4 5 6 7 2 4 3 5 2 5 3 6 2 6 4 6 4 4 7 4 3 6 4 6 6 7 4 6 2 3 2 7 5 2 3 4 5 3 5 5 5 7 2 7 3 5 7 2 4 3 2 2 7 7 7 5 7 4 4 4 4 6 7 7 3 0 6 7 7 3 2 2 5 4 6 7 6 6 6 7 3 7 5 3 3 2 7 2 5 2 5 5 5 2 6 4 5 7 3 5 4 3 7 5 7 7 7 2 3 7 4 6 5 7 4 5 2 3 2 7 5 7 7 5 6 6 4 4 4 3 6 6 6 5 5 3 3 7 3 2 6 6 3 5 6 5 4 2 3 4
3 3 5 7 2 3 6 4 4 3 3 6 6 4 4 3 3 5 4 2 2 7 2 5 3 5 3 5 5 6 4 6 3 4 4 6 2 5 2 6 6 2 6 4 3 6 6 2 6 2 7 2 6 3 4 2 5 4 6 6 5 3 5 4 4 5 4 7 5 5 2 5 2 2 2 6 3 3 5 4 4 6 2 4 7 5 3 6 7 6 6 2 2 5 3 5 7 7 2 3 4 7 5 2 7 3 5 5 7 3 5 2 4 4 7 4 7 3 2 5 2 6 5 4 2 4 2 3 3 7 6 7 2 4 5 6 6 3 5 7 7 2 7 5 6 5 2 7 6 6
4 4 5 7 4 3 4 5 5 5 7 4 6 5 2 5 7 2 7 3 4 7 2 5 3 5 3 2 6 7 3 6 7 4 7 6 4 3 4 7 4 4 3 7 3 4 7 7 4 6 5 5 2 3 2 4 3 3 7 5 3 4 2 6 4 6 3 3 6 3 0 4 6 3 5 3 2 7 6 4 2 4 3 6 2 3 5 7 3 3 2 3 4 5 7 7 3 7 3 5 3 4 5 7 7 5 2 4 5 2 6 2 3 5 3 3 7 4 2 5 7 5 6 3 5 4 7 4 3 6 7 2 7 2 5 2 7 6 2 2 5 4 2 6 7 4 7 7 7 4
3 7 3 6 4 6 7 3 4 5 7 5 4 6 6 5 5 6 5 6 6 4 6 5 7 7 5 5 6 5 6 6 6 3 2 7 6 6 6 6 5 5 2 2 2 3 2 5 6 2 3 6 3 6 7 2 3 7 5 2 7 5 2 2 2 6 2 7 6 4 6 3 3 4 2 5 2 7 3 3 2 5 6 2 6 7 3 3 7 2 2 2 3 7 7 6 6 5 5 5 7 4 7 6 6 7 7 5 2 5 6 4 5 4 7 2 2 2 5 3 7 6 5 6 7 3 4 0 2 5 2 6 7 7 3 2 7 6 7 5 4 2 2 6 7 3 3 3 4 4
4 4 7 6 6 3 6 2 2 3 4 5 3 7 7 3 6 3 3 5 6 5 4 4 7 5 3 6 2 4 6 2 3 2 4 2 4 7 7 5 3 6 7 5 2 3 4 6 3 2 2 5 5 4 2 2 5 7 1 7 4 3 7 4 5 5 6 7 6 5 2 6 2 3 6 5 6 4 7 6 4 6 6 6 6 4 6 5 7 7 3 2 7 4 5 4 7 3 6 2 2 7 7 2 3 5 3 3 2 6 5 7 4 7 3 3 6 6 3 6 2 6 4 3 7 6 5 3 5 6 7 4 3 7 3 6 6 7 5 7 6 3 4 4 7 3 2 6 7 5
2 4 4 3 5 4 7 5 7 6 6 6 5 6 3 3 3 4 6 7 5 6 7 6 6 2 2 6 4 3 4 4 4 6 3 7 5 5 4 4 2 4 4 6 5 3 4 4 3 4 5 3 6 6 5 5 6 2 5 5 6 7 2 7 2 6 5 0 3 4 6 5 6 2 6 3 2 3 2 4 4 4 2 7 4 5 3 3 6 4 4 3 5 5 4 7 2 4 3 5 6 4 7 2 4 6 2 3 4 6 5 6 5 7 4 6 5 2 6 4 7 2 6 4 3 2 3 5 4 5 5 6 3 7 2 7 5 4 3 7 7 6 5 2 6 4 2 2 3 4
5 2 7 7 5 5 3 3 7 3 4 3 3 7 7 4 5 4 5 6 4 6 3 2 5 2 4 4 6 7 2 6 3 2 4 4 6 3 5 6 2 7 4 2 6 6 3 5 3 3 2 7 4 3 6 6 3 5 4 6 2 3 3 2 6 5 7 5 2 4 7 6 7 7 2 3 4 5 6 1 4 3 2 7 6 4 4 4 2 4 2 2 2 2 2 4 3 2 4 3 6 2 2 6 6 3 5 2 2 6 5 5 3 3 6 2 3 4 5 3 7 6 7 3 3 6 2 4 5 3 2 5 2 4 5 3 2 2 3 3 5 3 2 7 4 7 7 5 5 5
7 4 7 6 2 3 2 2 2 5 5 6 4 5 4 7 2 7 7 7 3 5 5 4 6 2 2 5 6 7 2 5 6 2 2 5 4 7 2 7 7 7 5 7 3 7 4 5 2 3 4 7 5 3 4 3 5 4 7 7 7 2 7 4 3 6 3 6 7 6 4 5 3 2 5 2 4 5 5 5 5 3 2 3 6 6 6 7 6 2 7 6 3 3 3 6 2 2 7 7 7 6 7 4 6 7 5 2 0 5 4 4 5 7 4 6 6 6 4 5 6 7 3 3 5 5 6 6 4 2 7 5 3 6 4 7 5 7 3 4 4 4 2 6 6 4 7 7 4 3
7 4 4 4 3 5 5 4 2 5 5 7 6 7 5 4 6 7 2 3 7 6 6 7 5 3 6 3 7 5 7 4 3 2 2 5 6 6 5 2 4 5 6 4 4 3 6 7 6 7 3 3 6 2 3 5 2 3 7 5 5 7 4 3 2 3 3 5 6 5 2 5 7 2 5 5 5 7 7 2 4 3 3 5 6 2 5 3 5 6 6 6 2 5 6 6 3 4 3 3 4 6 2 2 4 4 5 3 4 3 4 2 2 2 4 2 3 2 7 2 2 6 3 2 4 6 4 4 3 7 7 6 2 2 6 5 3 6 7 5 5 4 2 3 4 6 7 2 5 6
6 3 2 5 6 5 2 3 2 2 6 2 5 2 3 3 4 2 6 3 2 2 5 2 5 5 3 6 4 6 6 3 7 7 2 3 3 5 6 2 2 2 4 7 4 6 7 3 2 6 5 3 4 5 5 4 2 4 2 6 4 5 7 7 6 3 7 5 4 7 2 6 6 6 7 3 3 7 7 6 3 6 5 3 7 6 7 3 4 5 3 4 6 2 2 3 3 2 2 2 2 7 6 4 5 4 2 3 7 6 7 3 3 4 7 4 7 7 5 7 5 4 5 6 5 2 3 3 4 5 2 5 6 7 7 4 3 2 4 4 5 4 5 2 2 3 7 5 3 5
2 3 4 6 4 4 4 5 2 2 2 3 4 3 3 3 3 7 7 2 6 6 3 4 3 6 3 6 4 2 6 5 4 7 5 3 7 5 6 4 7 6 6 3 2 5 6 7 4 2 5 7 3 7 2 3 5 2 4 5 2 4 2 6 7 5 2 5 4 3 6 7 2 2 4 6 7 7 4 3 2 6 7 5 6 7 4 4 2 5 3 7 4 6 2 4 2 7 2 6 3 2 3 6 6 3 6 7 7 3 5 5 7 5 3 6 3 5 6 5 7 4 2 6 2 7 3 4 6 2 3 5 6 0 3 6 6 7 3 2 2 5 2 2 4 6 6 3 2 7
5 2 2 4 7 3 5 6 2 5 4 3 7 6 4 7 6 3 6 7 0 2 5 6 7 7 6 4 5 5 4 4 5 5 7 7 3 2 6 4 2 6 7 5 6 4 6 4 7 2 6 4 4 2 5 6 3 6 6 5 6 5 4 4 3 3 4 2 2 2 2 3 4 6 2 6 6 6 4 2 5 3 6 7 6 4 4 3 4 3 3 5 7 6 6 2 5 6 3 5 6 6 3 3 7 4 5 4 4 5 5 3 7 6 6 3 4 5 2 2 7 6 3 5 2 5 4 2 7 2 3 4 2 3 4 6 4 4 3 3 5 5 3 2 2 7 4 3 7 3
2 4 5 5 7 3 7 3 7 2 4 4 4 4 6 6 6 3 6 2 5 2 7 6 5 4 2 2 6 5 6 5 4 3 3 4 4 2 3 6 5 4 4 4 6 7 5 3 7 7 3 3 3 2 4 2 4 4 5 4 4 4 2 6 5 6 7 6 4 7 3 6 6 6 4 5 3 7 7 2 7 2 3 3 4 2 6 4 6 7 3 4 3 6 3 3 6 4 2 4 7 6 2 3 0 7 2 4 7 6 6 5 5 6 3 6 4 4 2 4 3 4 5 4 2 6 6 5 4 7 4 5 4 7 3 5 3 3 2 2 2 6 5 2 4 3 5 6 6 6
6 5 5 3 5 4 3 3 5 7 4 3 2 7 4 7 6 3 7 4 3 7 3 5 4 2 5 6 4 3 6 6 6 3 6 5 6 5 4 3 2 2 6 2 7 3 6 7 4 6 7 3 6 5 5 2 7 3 2 2 5 5 5 7 7 6 2 5 7 7 3 7 6 3 4 7 7 5 7 3 5 3 1 6 5 4 2 6 6 3 7 7 5 4 3 6 5 6 6 6 4 4 6 3 6 5 7 6 3 3 6 5 2 4 6 5 7 6 2 2 2 5 6 5 5 7 7 2 2 7 3 2 6 4 5 5 6 4 2 2 5 3 4 2 3 6 5 7 2 5
3 6 4 7 3 5 7 3 6 2 4 7 7 5 3 4 5 7 3 5 3 7 5 2 4 7 5 2 3 4 7 4 5 4 3 5 7 3 4 7 6 5 7 6 7 5 3 2 2 3 2 5 6 2 4 7 5 4 6 7 3 2 7 7 7 7 6 2 5 3 5 3 4 5 3 2 3 7 2 4 4 5 4 6 6 7 4 2 7 6 4 5 7 4 5 6 3 7 6 3 7 6 2 3 5 7 4 7 7 6 3 0 3 6 2 2 4 7 5 6 7 6 6 2 2 3 6 4 5 6 4 3 4 4 5 3 3 7 3 4 4 3 2 2 4 3 5 7 4 5
4 2 5 3 6 4 2 4 7 6 4 6 5 6 6 6 7 2 5 3 4 6 7 2 6 6 5 7 5 2 3 7 5 3 2 6 6 1 5 4 6 7 4 2 6 2 5 7 7 2 7 2 7 5 2 2 4 5 2 4 5 7 6 4 5 2 5 5 3 3 6 4 2 6 7 4 4 7 5 7 3 7 3 6 7 4 5 3 5 2 2 3 3 7 5 5 6 6 6 4 4 6 7 3 5 4 3 5 4 3 2 5 7 5 7 2 2 2 6 5 7 2 7 2 5 6 4 5 5 4 7 7 7 5 4 5 4 5 7 5 4 7 4 6 4 4 5 6 3 4
4 3 6 4 6 7 7 6 7 4 4 3 7 5 5 2 5 3 3 7 2 4 4 4 3 7 7 5 4 7 2 3 5 4 3 5 7 3 5 5 6 4 3 6 2 6 6 7 4 4 7 6 2 4 6 5 6 6 2 7 7 4 3 3 3 3 5 3 5 0 4 5 6 3 7 4 6 5 2 4 5 4 4 7 5 6 7 7 2 3 7 4 4 2 2 4 3 5 4 3 4 3 4 4 6 3 2 4 5 2 2 2 7 5 7 2 4 7 5 2 6 2 2 5 4 6 7 4 4 6 4 2 7 2 6 7 2 3 4 4 4 7 4 7 4 3 4 4 5 3
2 2 3 4 2 3 5 5 4 4 5 4 7 6 5 6 5 2 3 2 3 5 2 3 3 7 5 2 4 0 6 2 4 2 2 3 6 2 7 3 5 6 2 7 7 2 4 7 4 6 3 4 7 2 6 3 5 7 5 4 6 4 5 7 3 7 5 3 7 2 4 7 2 6 7 7 7 3 7 4 5 7 4 2 5 4 6 6 2 2 5 6 3 2 2 3 5 5 5 2 4 6 2 5 6 2 5 6 4 7 4 2 3 6 2 7 5 3 6 3 4 2 5 4 5 2 5 7 6 7 6 5 4 2 2 7 7 3 3 3 4 4 2 2 5 4 5 3 6 3
5 3 4 3 3 7 7 7 4 4 7 4 5 6 3 6 6 2 2 2 6 7 7 4 7 2 4 5 3 6 4 4 5 2 5 4 6 5 7 7 2 4 2 4 6 2 6 6 7 5 3 5 3 3 6 3 3 4 4 7 5 6 6 2 7 3 3 2 4 6 3 4 5 7 7 4 6 3 7 5 6 5 5 4 7 2 6 6 7 2 5 5 4 7 2 6 5 2 5 7 2 0 2 6 2 6 3 6 6 6 5 3 4 6 2 3 4 3 3 6 3 6 4 3 2 2 3 3 5 4 2 4 4 4 4 2 7 5 6 7 7 4 2 6 7 7 6 5 3 5
3 6 5 3 2 3 7 4 5 3 2 7 2 2 6 4 2 6 5 4 4 3 7 3 3 4 5 5 1 6 3 3 5 6 3 6 4 3 7 7 3 2 3 2 2 3 7 5 2 5 2 5 5 4 5 6 5 7 6 6 7 6 5 2 6 7 4 2 5 2 6 3 3 7 5 5 4 4 4 5 5 5 4 6 3 4 2 4 7 4 4 5 4 3 7 6 3 7 4 5 6 3 3 6 4 4 5 5 3 3 6 4 6 6 6 3 6 2 5 7 7 2 5 7 5 2 4 3 5 6 6 2 2 7 5 3 6 2 3 2 7 4 4 4 4 3 4 7 5 4
3 6 4 2 7 5 6 4 5 6 3 2 3 6 7 7 6 5 3 2 4 5 4 6 2 7 6 3 3 2 6 6 2 7 3 5 7 5 6 6 3 2 5 3 2 3 7 5 7 4 2 5 3 5 5 2 2 2 4 4 4 3 2 6 5 5 7 4 6 6 4 7 2 4 5 4 2 4 7 4 5 2 3 3 6 6 5 3 2 7 6 4 6 4 5 7 6 6 6 7 7 4 3 2 4 3 3 3 6 6 3 7 2 4 3 2 4 4 7 4 4 4 2 6 3 3 4 2 6 7 7 3 7 6 3 7 7 7 6 2 3 2 2 6 3 3 6 6 5 4
4 7 3 4 7 3 6 3 7 4 2 5 4 3 6 7 5 6 5 3 5 3 3 4 2 7 6 4 6 2 3 3 4 4 5 2 2 7 6 6 6 7 6 6 5 5 3 5 6 5 5 4 3 6 2 4 3 4 4 7 6 3 4 7 5 3 5 4 6 5 6 3 7 3 5 2 4 3 6 2 2 2 4 4 3 5 6 7 7 4 6 6 6 4 5 7 6 2 3 7 4 4 2 5 4 3 2 2 2 3 6 4 5 4 2 7 4 5 4 3 4 7 0 3 4 7 2 4 3 2 7 3 3 5 7 4 7 2 6 6 4 6 7 6 3 5 6 6 2 5
4 5 3 6 4 4 7 3 2 4 3 3 4 6 5 6 2 4 7 3 2 4 5 3 3 3 3 7 7 3 4 2 6 2 4 2 7 3 5 5 6 3 2 6 7 7 5 4 3 3 7 5 6 4 6 6 5 5 5 5 4 2 5 6 6 2 2 4 7 2 5 7 7 3 7 3 3 6 6 7 3 4 5 3 2 5 7 5 4 7 6 4 6 4 6 5 7 7 2 7 2 7 5 7 2 7 2 5 7 3 6 7 2 5 3 2 5 3 2 2 2 2 4 5 5 3 4 6 7 4 3 4 4 5 7 2 3 3 7 7 6 3 6 7 4 6 7 5 5 2
3 4 2 7 2 3 5 3 5 3 3 6 6 3 4 6 2 4 4 5 4 4 6 7 7 5 5 6 7 7 6 7 5 4 2 5 2 4 6 6 3 4 3 7 6 5 7 7 3 6 2 7 6 6 3 4 4 2 2 4 5 3 7 5 7 6 7 4 3 2 3 6 5 5 5 3 5 6 2 4 6 7 6 2 2 2 6 2 5 2 4 2 4 2 3 5 4 7 2 7 2 6 5 5 7 7 3 3 7 3 2 5 5 4 5 2 3 5 6 7 5 4 6 4 5 5 4 4 6 5 4 2 4 7 6 7 2 2 7 4 4 2 3 6 7 3 5 4 2 6
7 2 5 4 0 7 2 5 4 4 7 4 5 6 4 7 7 3 6 7 3 3 6 7 6 7 7 2 7 7 4 7 3 2 7 3 5 7 4 5 2 2 5 5 2 4 6 6 4 7 3 7 2 7 3 2 3 2 7 3 6 5 5 6 7 3 6 7 7 5 5 6 7 3 5 2 3 3 3 6 2 6 5 7 5 3 7 7 3 6 7 6 5 5 6 5 5 6 4 3 6 4 6 5 6 4 7 3 3 2 4 4 4 6 6 4 5 7 2 7 4 2 4 6 7 6 5 4 5 3 3 4 4 3 5 2 4 3 3 3 5 2 5 2 4 4 3 4 4 2
6 6 5 2 7 2 5 5 7 5 5 5 2 2 3 2 7 7 5 5 2 5 4 5 4 2 6 5 7 3 7 6 2 4 5 7 4 5 4 7 2 5 7 7 2 2 4 5 4 5 6 7 5 7 2 7 5 5 7 4 5 5 4 5 7 4 7 3 3 5 3 5 5 7 2 2 6 5 2 4 3 5 5 3 7 5 6 6 4 6 5 7 6 3 7 5 2 5 5 4 3 6 6 2 7 7 5 3 5 5 7 7 6 5 4 3 5 7 3 2 5 6 6 7 4 4 2 7 3 2 6 5 2 2 3 4 2 2 4 7 4 2 2 3 6 2 0 7 7 3
3 2 7 6 5 2 5 6 7 7 7 6 4 4 4 3 3 7 5 2 2 4 2 3 1 4 4 3 5 3 3 2 6 6 2 6 5 4 3 4 7 2 3 3 5 5 5 5 7 3 5 5 7 5 7 7 2 3 6 3 5 2 5 4 3 6 7 7 4 5 2 2 3 7 3 3 2 3 5 4 5 7 6 3 5 4 4 5 4 2 3 3 2 3 7 4 4 2 7 3 2 3 7 3 7 3 6 2 4 6 7 3 4 3 7 2 2 6 3 4 2 7 7 5 4 7 4 4 5 3 2 7 3 7 6 4 5 6 6 3 2 2 7 4 3 6 6 5 2 5
7 5 5 4 3 7 6 4 4 3 2 3 3 3 5 7 4 2 5 7 6 6 7 6 2 2 6 4 6 6 2 4 4 2 7 6 4 3 2 7 5 2 6 2 2 6 4 5 4 5 5 3 3 2 6 4 4 4 3 5 2 2 5 4 2 5 3 3 6 4 5 5 3 2 5 3 2 5 4 7 4 4 2 3 5 7 3 4 2 2 7 2 2 3 5 7 7 7 4 3 4 6 5 6 4 5 3 5 5 5 2 2 5 4 3 4 6 3 3 4 5 2 7 3 6 3 2 2 3 4 2 5 5 5 6 5 5 3 4 7 6 6 0 2 7 5 6 4 3 3
2 6 4 4 3 2 3 3 7 4 3 7 5 2 4 6 6 6 7 7 3 2 2 6 6 3 6 7 4 6 6 3 2 3 2 4 6 4 3 4 6 6 2 2 2 7 7 3 6 7 4 4 7 3 5 6 2 5 3 4 4 3 4 3 7 3 5 4 7 6 2 3 5 2 4 7 6 3 6 2 5 4 3 3 6 3 7 5 6 4 7 7 6 6 3 3 2 5 2 3 7 2 4 4 3 3 2 5 5 7 4 7 4 4 5 7 3 4 3 6 7 4 3 6 2 2 5 7 5 0 6 5 2 6 5 7 6 3 6 2 5 3 2 7 6 3 6 5 3 5
7 4 5 5 7 6 7 5 6 3 5 0 6 5 3 2 7 7 3 2 5 5 3 6 3 6 6 6 2 7 2 2 3 5 4 7 4 6 3 4 3 6 7 6 4 2 7 4 3 7 5 4 6 3 7 3 5 2 3 3 4 5 2 3 4 3 4 7 6 5 4 5 5 6 2 4 5 2 6 3 5 5 3 3 7 7 7 4 5 4 7 4 6 4 7 7 3 2 5 3 2 7 6 3 5 6 4 2 2 7 3 6 3 2 3 7 7 6 6 4 6 5 5 5 2 5 4 7 3 2 7 6 5 2 5 7 2 3 5 3 2 3 5 7 4 6 2 2 7 7
6 7 7 7 2 4 3 5 4 6 3 6 5 4 5 3 3 3 4 6 7 5 3 2 2 6 5 2 2 5 6 3 5 7 6 6 2 7 2 4 2 4 6 6 7 6 7 5 4 3 4 3 2 2 3 7 5 4 3 2 2 5 5 5 4 6 6 5 7 4 4 3 2 4 6 5 6 7 7 6 2 2 5 1 3 5 4 2 5 3 3 2 5 2 6 2 4 6 7 2 5 4 3 4 3 6 7 5 7 4 3 7 6 2 2 4 5 2 6 3 4 7 7 7 2 2 4 6 5 6 5 5 4 5 5 4 3 7 2 4 7 6 7 6 7 5 6 4 4 2
2 3 7 7 2 5 5 3 7 4 3 7 7 4 6 7 4 5 0 7 3 5 5 3 6 3 4 4 3 5 7 4 2 4 6 7 3 5 5 2 7 5 2 6 6 6 7 3 7 2 6 7 4 5 3 7 4 4 2 7 5 7 5 4 3 3 7 7 4 3 5 4 2 5 5 5 7 6 2 5 4 6 5 7 2 5 2 6 6 6 2 6 4 4 6 3 2 6 3 5 3 6 6 3 4 6 3 6 5 3 5 5 4 5 4 5 5 4 6 2 2 2 5 2 5 6 2 6 7 3 4 6 2 3 3 3 6 6 7 3 6 2 6 3 2 3 7 4 5 4
7 7 6 7 3 3 3 6 4 3 3 4 2 5 5 7 4 6 7 6 3 3 2 7 2 5 7 6 3 3 2 3 7 5 2 4 3 2 7 5 3 3 5 6 2 4 2 7 4 4 5 4 4 4 6 4 3 7 6 4 7 5 7 4 6 2 5 6 4 4 4 3 2 6 2 5 7 2 3 3 3 7 2 3 3 6 4 4 3 5 4 4 3 4 2 3 4 3 7 2 7 4 4 5 5 3 7 5 6 7 3 7 7 3 7 3 6 5 4 7 7 6 2 6 6 0 6 7 5 5 7 3 6 5 7 5 3 5 7 5 7 7 4 3 6 4 6 3 4 3
4 5 2 2 7 3 5 7 7 3 3 5 3 3 7 3 7 2 6 5 5 7 7 5 7 5 7 4 3 4 3 3 7 7 3 5 6 2 2 3 4 4 5 7 4 5 5 3 5 2 7 3 4 2 6 2 5 3 6 2 2 5 5 7 3 2 7 7 5 2 2 6 5 5 7 3 7 6 3 2 4 5 7 7 5 5 6 5 2 5 7 2 2 6 5 3 3 5 2 7 3 7 2 3 4 5 4 3 5 6 4 3 5 6 4 6 7 3 4 3 6 2 6 6 5 5 5 2 6 7 7 6 4 3 7 4 4 5 6 6 3 7 4 6 3 5 3 5 2 2
2 5 7 2 3 2 5 4 2 2 6 3 5 5 4 3 6 4 7 7 3 2 2 2 5 3 3 7 5 6 4 4 5 5 7 6 3 2 7 7 4 2 2 6 5 3 2 6 4 2 2 2 6 2 7 6 4 6 7 2 3 2 2 6 2 7 6 3 3 2 3 4 7 4 5 3 7 5 5 2 3 6 6 7 7 7 4 3 6 4 7 2 2 4 2 7 6 4 3 3 2 5 2 3 5 3 3 5 2 3 4 4 3 7 4 4 4 4 3 6 3 6 6 2 2 5 5 7 6 7 2 6 2 7 7 2 3 3 7 4 5 7 4 5 7 5 2 5 4 6
2 7 5 3 3 6 3 2 5 3 4 6 5 7 6 2 5 3 7 4 3 3 5 4 6 4 7 3 2 2 3 3 5 3 4 3 6 5 7 6 7 5 5 3 2 3 7 6 2 4 7 3 2 7 3 3 6 3 3 5 4 4 3 5 3 3 3 5 5 2 4 2 2 5 2 7 5 7 3 6 5 7 2 4 3 3 2 3 4 3 4 2 3 3 5 4 4 6 6 2 5 6 3 5 4 5 4 5 5 6 5 7 6 3 4 2 6 3 7 4 5 5 2 3 6 2 4 5 2 6 5 2 3 7 5 7 3 5 2 6 6 2 6 4 4 7 6 3 7 3
6 6 6 2 2 4 4 7 2 2 2 7 3 3 5 6 2 6 4 5 5 4 5 4 6 2 3 3 2 4 3 2 3 7 5 5 2 5 7 3 5 5 6 5 5 6 6 5 4 4 6 4 3 5 4 2 5 4 2 5 4 6 2 5 3 3 4 2 3 5 3 4 3 3 6 3 3 4 3 4 6 6 7 4 4 2 2 2 3 2 3 7 4 7 6 7 6 4 4 3 6 6 4 7 6 4 7 7 4 3 1 5 2 4 2 4 7 4 3 3 5 7 2 4 2 2 3 3 7 5 5 6 2 6 2 5 3 3 2 4 7 2 7 3 6 5 2 6 6 2
3 7 7 3 7 4 7 7 3 6 7 5 4 4 4 6 3 3 4 4 5 4 6 3 6 3 3 4 7 3 3 5 2 3 2 6 3 3 6 7 5 6 6 2 5 6 2 5 2 4 5 7 4 2 2 2 4 3 6 2 3 5 3 4 4 2 6 2 3 5 5 5 2 7 4 7 3 7 7 6 7 4 2 4 6 7 6 7 4 7 3 5 4 5 7 2 6 7 6 3 3 6 4 6 6 7 7 3 3 3 6 5 6 7 7 4 4 3 3 4 6 3 6 2 5 7 4 5 6 6 7 4 5 2 6 7 3 3 6 2 4 4 6 5 2 7 6 3 7 5
6 3 2 2 3 6 6 5 7 6 5 2 5 7 5 2 5 3 2 4 3 3 7 5 7 5 6 3 2 2 3 3 2 6 2 7 2 2 2 4 7 5 5 6 2 5 6 6 5 7 4 5 3 6 6 3 5 2 4 2 2 7 3 7 5 7 4 5 5 4 2 7 6 6 7 4 4 2 7 5 6 5 5 2 4 2 3 7 4 7 7 6 2 7 4 3 4 4 2 0 4 2 3 4 7 6 5 4 4 6 6 7 7 4 3 7 6 3 6 2 2 6 7 3 5 3 5 7 3 3 4 2 7 5 3 5 2 3 6 6 6 7 7 7 4 2 5 7 5 3
7 7 6 6 5 4 5 4 7 7 6 6 2 2 6 7 7 7 6 6 2 7 4 2 6 5 5 6 7 6 5 6 4 7 2 2 2 5 7 3 2 2 7 5 7 5 6 4 5 3 5 6 6 7 2 5 5 2 5 3 4 6 3 2 6 6 7 2 2 6 6 5 0 3 7 6 6 3 4 6 7 2 2 6 6 4 4 3 6 2 3 5 3 2 6 5 2 2 2 6 6 3 7 5 7 2 7 2 5 3 4 4 6 2 2 2 3 3 5 3 7 7 7 7 6 6 4 6 2 7 4 5 5 6 2 6 6 4 6 7 3 6 4 4 5 2 4 4 6 3
5 7 4 6 3 2 4 4 7 6 4 7 2 7 4 2 7 4 2 7 7 3 5 6 6 5 7 3 4 2 2 3 2 3 4 6 5 3 5 3 7 2 6 3 2 5 5 4 7 7 2 3 6 7 7 6 6 2 6 6 2 7 6 4 7 5 4 4 3 4 3 2 5 3 7 3 5 5 4 2 5 2 4 5 7 4 2 3 2 7 2 7 2 5 4 3 2 7 7 4 2 3 3 2 3 5 5 4 7 5 2 6 7 2 7 3 6 6 7 1 6 4 5 2 2 2 4 7 5 7 3 5 6 4 4 3 7 2 2 6 5 7 7 2 7 5 5 3 2 7
4 5 3 6 5 5 7 6 4 4 6 2 6 3 3 5 4 6 5 7 7 2 6 3 5 7 3 6 7 7 4 6 5 3 2 7 6 7 5 3 4 5 6 3 3 5 3 7 5 4 7 4 5 4 3 4 6 3 6 7 7 2 2 5 7 6 3 7 7 5 4 4 6 3 2 5 6 5 6 5 5 5 2 2 6 3 2 3 2 7 4 3 4 2 5 6 7 6 4 4 2 6 4 6 4 4 5 3 7 5 4 6 6 5 7 7 0 5 4 3 7 6 3 7 2 6 3 6 2 6 7 6 5 5 6 2 7 5 4 3 5 4 3 5 2 6 7 4 2 3
5 3 4 7 2 4 4 2 5 2 4 6 4 5 6 6 3 3 4 3 6 5 4 7 2 5 5 3 3 2 4 6 6 3 5 3 3 3 6 3 2 6 7 4 7 3 4 2 7 3 6 7 5 3 4 2 5 3 7 7 3 2 4 4 4 3 4 4 3 5 3 7 2 4 5 4 3 3 4 4 4 4 2 4 5 7 4 5 3 3 2 4 4 7 4 6 6 3 7 6 6 3 2 6 2 5 3 6 5 2 3 6 7 3 5 4 7 7 2 6 3 2 6 4 2 6 2 7 5 5 6 3 7 7 6 2 2 3 3 4 7 4 5 7 5 4 6 7 7 7
2 7 4 2 2 2 7 2 4 2 6 6 2 4 2 2 6 6 2 3 2 5 6 7 4 5 3 7 7 4 6 3 4 4 2 3 7 2 4 4 5 2 2 7 2 6 5 3 4 5 7 7 3 5 4 5 3 2 4 4 3 2 3 3 6 2 2 7 3 6 2 5 5 6 5 6 3 5 4 5 2 2 6 3 3 2 6 3 5 7 3 2 2 2 4 5 6 5 5 4 6 3 3 6 6 3 5 2 2 5 2 6 6 7 3 5 4 3 3 3 3 7 3 7 2 5 2 3 6 2 6 2 6 2 6 6 5 7 7 6 5 3 2 2 7 7 4 4 7 4
3 6 5 6 5 6 5 6 6 7 4 2 3 7 5 3 3 7 5 7 7 4 5 3 2 5 4 3 3 5 2 6 6 5 3 2 2 7 5 4 4 6 6 4 7 4 5 6 5 2 5 4 5 4 3 4 7 7 2 2 5 3 4 3 3 3 3 5 3 6 3 3 6 3 2 2 4 3 6 5 3 6 3 6 6 7 5 4 2 6 6 7 4 3 4 4 1 7 2 6 3 6 3 2 4 3 5 3 7 7 4 5 2 4 6 7 3 3 6 2 3 6 3 4 5 4 2 3 6 2 3 2 5 2 4 6 4 2 5 2 4 6 7 7 7 5 2 7 5 5
6 6 2 2 2 4 3 4 7 5 4 4 5 7 5 3 7 7 6 6 4 3 7 5 2 5 3 6 3 4 4 2 5 2 4 5 3 6 2 7 4 2 2 5 3 3 2 5 7 3 7 5 7 5 4 4 7 4 6 5 3 7 2 7 4 2 3 5 5 3 5 2 6 4 7 2 2 4 7 7 4 2 5 4 6 2 5 7 2 5 5 6 4 6 4 2 5 4 3 5 5 2 4 6 6 3 2 5 4 4 3 4 7 4 4 5 5 4 2 5 3 6 6 3 6 4 6 5 7 4 2 4 5 6 3 6 6 6 2 2 6 7 5 6 5 4 5 6 7 4
3 3 4 4 7 3 5 7 6 7 3 5 3 6 4 2 7 6 4 2 4 2 5 3 6 2 7 5 5 3 2 7 4 3 4 3 7 5 2 3 4 5 6 4 6 2 2 4 6 2 2 4 6 5 2 5 4 4 4 4 7 7 3 6 6 5 6 2 3 2 2 4 3 6 0 7 2 3 5 6 6 2 5 4 5 6 7 7 3 3 3 4 4 3 2 4 5 5 4 2 2 3 4 7 2 7 4 3 5 4 4 3 5 5 7 6 7 4 2 7 7 5 4 5 4 7 2 5 7 3 7 4 2 4 6 5 4 5 3 2 3 3 5 7 6 7 6 5 2 4
6 3 4 5 2 6 4 5 5 7 7 7 4 3 3 2 4 7 5 7 7 3 2 4 6 7 5 3 6 2 2 5 5 5 5 5 4 4 6 7 4 2 2 5 5 7 6 5 6 3 7 3 5 6 7 5 6 2 4 3 4 5 7 5 3 2 3 7 6 2 2 6 6 4 5 7 5 2 5 7 4 4 7 5 4 6 3 6 6 7 4 7 5 5 5 6 2 6 4 4 3 5 3 2 7 2 2 5 5 3 5 2 2 7 7 5 3 7 2 2 3 2 3 7 2 4 3 2 2 7 7 3 7 3 6 2 2 3 3 7 6 7 7 4 3 5 5 7 6 3
7 5 5 2 3 5 7 5 5 2 7 2 6 4 1 3 7 3 5 7 6 2 4 2 4 4 4 7 7 4 2 5 5 7 7 3 5 5 6 7 5 4 5 2 4 4 6 5 5 3 5 2 3 4 7 4 5 2 4 5 7 4 7 3 5 6 4 5 5 4 6 5 4 5 2 7 5 6 6 6 2 7 5 6 3 3 6 3 4 7 5 6 6 2 4 4 4 7 5 6 7 4 2 5 2 3 7 6 5 7 4 4 7 4 2 7 2 4 2 5 3 4 6 3 2 4 5 4 3 6 2 7 7 3 2 7 2 7 4 4 7 3 3 5 5 2 2 5 3 7
5 6 4 4 6 7 7 5 2 4 7 7 2 6 5 6 3 4 3 4 3 3 6 6 3 4 3 7 5 3 6 6 7 5 2 6 6 3 4 7 5 3 5 3 7 4 2 4 7 2 3 7 4 3 7 5 6 5 6 6 5 5 6 3 7 4 4 4 3 2 7 7 4 6 7 4 4 6 2 2 7 7 3 5 2 4 6 2 4 5 6 6 5 3 7 4 4 4 4 6 6 3 7 4 6 4 7 3 4 4 2 3 5 5 3 3 5 5 3 2 6 5 5 3 3 4 5 5 4 2 3 7 3 4 6 7 2 4 5 5 4 6 5 2 2 2 2 7 7 7
2 6 2 3 3 6 4 7 4 2 3 2 5 3 3 6 2 4 4 5 5 4 7 2 7 3 3 5 4 5 3 5 6 4 5 2 6 6 7 5 3 7 7 7 4 6 5 7 2 2 4 2 3 5 2 7 6 7 5 7 5 5 4 4 3 6 2 4 6 5 4 4 2 4 3 5 3 2 7 4 5 4 7 6 4 3 2 5 7 7 4 7 3 6 3 2 7 1 7 6 6 7 4 6 6 7 7 2 4 2 2 4 5 7 5 4 4 3 4 3 7 7 6 5 2 5 4 6 7 3 3 2 5 7 7 2 6 4 2 3 4 3 4 6 7 6 5 4 2 2
2 4 2 6 3 5 3 5 3 4 3 6 5 2 7 2 3 5 2 7 5 4 6 4 3 4 2 2 7 2 2 2 2 6 2 2 4 5 5 5 6 3 3 3 7 2 4 2 4 4 3 3 3 7 4 7 3 3 3 0 2 3 3 3 7 3 2 2 6 5 3 2 5 5 3 4 4 5 6 3 2 7 5 6 3 6 5 6 3 5 4 5 2 2 6 7 3 3 4 6 5 5 2 6 7 7 3 5 3 3 4 5 7 5 7 4 6 4 6 6 4 5 7 2 7 2 5 4 4 2 4 6 4 2 3 2 7 2 3 6 3 6 6 3 4 5 7 5 2 4
6 6 5 4 4 4 6 7 7 6 3 4 4 2 4 4 2 6 3 5 2 3 4 4 5 4 7 4 6 3 2 4 6 6 3 5 3 6 3 3 6 4 5 2 7 6 6 4 7 3 6 5 3 6 7 5 7 5 4 4 3 6 7 5 2 3 7 4 7 5 4 0 4 6 4 4 5 5 5 3 2 2 2 3 6 7 5 2 3 6 4 4 6 4 6 5 7 6 2 4 7 6 6 4 7 7 5 4 5 5 3 7 5 6 5 2 7 7 2 6 5 4 5 4 5 7 5 6 4 4 7 5 3 7 7 6 7 4 3 2 5 2 6 3 6 6 6 3 2 4
3 5 3 3 3 2 3 3 5 2 2 3 6 3 5 6 7 5 3 5 4 3 2 2 7 5 2 2 7 4 2 5 5 4 4 2 2 7 6 3 7 6 6 4 5 4 7 3 6 4 2 4 3 2 4 3 3 5 5 2 6 6 5 2 4 2 7 7 2 3 3 7 4 5 5 3 2 4 3 2 2 2 4 5 7 6 6 3 6 6 2 7 5 5 7 5 4 5 6 7 5 2 5 5 2 7 5 3 6 2 7 4 2 4 2 5 4 7 4 7 2 2 6 2 4 5 4 3 2 4 7 5 6 5 7 7 7 6 4 6 5 7 2 6 7 3 4 3 7 4
4 6 6 4 3 2 4 3 2 4 7 6 0 3 6 2 7 7 7 6 6 3 7 4 6 6 6 6 7 6 5 3 4 2 3 7 3 6 7 3 7 2 5 3 4 5 4 6 4 7 5 3 2 4 7 3 2 2 3 4 6 2 7 5 4 5 7 3 7 7 3 7 3 4 6 2 2 4 6 2 3 5 3 2 2 2 4 3 5 6 5 5 2 3 4 3 6 3 4 4 7 5 3 7 3 4 3 2 6 3 3 6 7 4 7 7 3 2 2 7 2 5 5 6 2 5 7 2 7 6 7 5 3 6 3 7 4 5 4 2 2 2 6 5 6 3 6 3 5 6
3 3 6 4 7 7 6 3 3 4 4 3 6 4 2 3 5 3 2 5 6 7 5 7 4 3 7 2 4 6 4 7 4 4 7 7 2 7 2 2 7 6 3 6 5 4 5 5 6 5 3 7 4 5 4 4 7 3 7 3 6 7 6 5 5 4 4 5 2 6 3 6 4 3 3 6 5 2 2 2 5 4 2 3 2 3 5 2 4 3 6 2 7 2 3 4 2 6 3 6 2 5 7 4 6 7 3 7 4 7 6 5 4 4 4 6 5 3 6 2 2 7 4 4 6 6 6 7 2 6 3 6 7 3 3 6 4 7 7 3 7 5 7 2 3 5 2 2 2 4
6 5 6 5 6 5 2 6 3 2 2 4 6 5 6 4 7 3 6 4 7 7 6 4 4 2 5 4 3 4 7 4 4 3 4 4 2 4 3 2 6 5 2 7 7 7 2 2 7 6 7 6 4 3 3 2 3 7 7 7 4 4 5 7 3 3 2 5 3 7 6 6 3 5 6 7 7 3 5 7 6 5 7 6 2 5 2 3 4 4 7 7 6 4 6 7 5 3 6 2 4 4 2 7 5 2 4 4 6 3 3 5 5 3 7 5 3 5 4 7 7 7 2 2 6 2 7 4 3 7 5 6 3 2 4 5 7 7 4 6 6 7 7 2 7 5 2 6 6 3
4 7 7 4 7 7 2 4 5 7 2 3 6 2 5 4 4 4 6 2 6 5 5 3 3 3 4 7 3 6 2 3 3 4 6 4 7 6 2 5 4 6 5 7 2 6 3 5 2 5 5 7 3 6 6 3 6 2 6 4 4 5 2 7 7 7 4 5 3 5 3 5 3 4 6 5 5 2 3 6 2 4 5 3 2 6 3 4 6 5 2 6 6 3 4 6 7 4 4 4 5 7 7 6 7 7 5 7 2 3 2 7 3 5 2 4 6 3 3 3 2 3 6 2 3 7 3 7 2 3 7 6 3 7 7 4 4 2 4 5 6 5 2 6 6 6 5 3 2 7
3 6 7 2 5 4 5 4 3 5 3 6 2 5 3 4 3 7 6 5 6 2 6 5 2 6 2 4 6 5 2 5 5 3 7 3 7 4 7 7 6 4 3 0 5 6 3 5 3 6 5 4 2 7 2 5 3 4 2 5 2 3 6 4 3 7 2 3 2 6 3 7 5 5 5 6 2 6 2 3 2 5 4 3 6 5 5 5 6 3 5 6 2 5 7 2 7 5 4 7 7 6 6 6 7 3 4 5 2 2 6 3 4 5 3 6 4 5 5 2 7 4 7 3 7 4 5 7 6 7 3 4 3 3 6 2 3 7 7 5 4 5 4 7 2 7 3 2 7 7
6 3 2 5 5 5 3 5 7 4 6 7 7 4 6 4 4 7 2 7 4 2 7 4 6 5 6 4 7 5 4 2 2 2 4 6 5 5 2 6 4 7 2 6 4 2 7 2 4 4 7 6 6 7 6 2 2 3 7 3 3 7 2 7 2 3 7 5 7 5 5 7 5 6 6 3 6 4 6 6 2 5 4 3 6 7 4 4 6 7 4 3 2 6 2 7 3 5 4 3 0 5 3 7 7 4 6 4 4 2 4 4 6 2 2 5 5 7 4 6 3 2 3 7 4 6 3 6 2 4 5 5 4 2 5 4 2 2 5 7 5 2 3 5 4 2 6 2 7 6
4 4 4 4 2 3 7 6 2 4 6 5 5 4 6 5 4 3 3 2 4 3 7 5 3 5 5 7 6 4 2 6 3 6 2 5 5 6 2 7 4 3 5 6 2 7 7 0 5 2 2 2 5 7 6 3 5 4 4 5 2 3 5 5 3 7 3 3 4 4 6 6 7 2 3 2 5 4 4 4 2 6 7 7 4 6 3 5 3 6 3 4 2 7 6 7 3 4 3 3 7 7 4 4 2 2 3 5 6 4 2 7 4 6 2 7 4 6 3 5 6 3 7 2 4 5 7 7 2 3 2 5 7 7 7 3 4 6 3 6 7 7 5 4 7 3 7 7 4 3
2 6 3 6 2 4 5 7 2 4 4 5 5 5 5 6 6 7 7 3 5 2 4 4 3 3 4 6 7 5 3 7 6 5 2 3 5 4 2 7 5 7 7 5 2 7 4 5 3 3 3 7 4 5 4 6 3 4 5 7 2 5 3 3 4 3 1 5 2 4 5 6 6 7 3 2 6 6 7 2 3 4 3 3 6 3 7 6 6 6 7 6 7 6 6 7 2 2 5 2 5 2 7 3 7 7 5 4 6 2 2 6 6 5 2 7 6 7 7 6 7 7 4 2 6 7 6 6 6 2 3 3 6 6 6 4 7 6 4 3 3 2 7 7 3 6 2 4 3 7
6 4 5 3 7 4 3 2 3 5 2 5 6 5 2 4 3 6 7 7 7 4 7 5 7 2 2 4 7 2 4 5 2 6 6 2 4 7 3 4 6 5 6 5 2 3 4 2 6 6 7 6 4 4 7 3 4 2 6 7 2 6 4 6 3 2 7 3 6 5 4 5 3 2 5 6 2 6 4 6 6 3 6 7 2 3 6 2 5 3 6 6 4 4 6 6 7 2 3 6 3 6 4 7 3 6 2 7 7 7 5 7 6 5 6 4 5 3 6 7 7 7 2 5 2 2 5 2 4 6 4 2 7 5 3 2 7 6 6 3 3 3 5 7 5 5 7 2 6 2
7 7 3 3 6 6 4 7 5 4 7 2 6 7 3 2 7 2 2 6 3 3 7 4 4 4 6 4 2 7 4 4 3 5 5 6 6 4 4 7 5 2 5 5 4 5 5 2 7 7 4 2 7 2 5 6 6 6 7 2 2 2 7 7 5 5 5 7 6 3 2 3 2 4 5 2 7 7 3 7 4 3 7 6 6 3 7 2 7 7 2 4 3 3 7 2 2 6 6 5 6 5 3 7 4 4 4 3 3 7 7 7 4 5 2 3 7 7 2 4 5 2 7 2 7 6 7 7 5 5 7 2 2 4 5 5 4 4 2 2 5 3 2 2 1 2 3 7 6 3
6 7 5 3 5 5 2 5 3 6 7 2 5 5 4 7 4 4 2 3 7 4 3 5 5 7 6 6 3 2 6 6 3 4 4 5 2 2 3 6 5 4 7 6 7 6 6 5 4 7 4 3 2 5 4 4 7 7 6 2 4 6 7 6 5 2 2 7 7 2 5 7 7 6 5 2 6 3 5 6 7 3 6 3 4 5 3 2 6 7 4 7 2 6 7 4 6 3 2 6 4 7 7 7 4 3 0 7 5 3 2 2 2 3 3 5 7 5 5 3 2 5 7 3 5 3 4 7 7 6 5 3 5 4 5 5 7 5 3 4 3 3 2 6 4 3 6 4 6 7
3 7 4 3 2 4 4 3 7 4 4 4 5 3 6 4 4 5 5 5 3 3 2 7 2 7 2 2 6 3 7 7 4 2 7 7 6 4 7 5 3 5 2 5 7 6 2 6 5 3 6 2 6 2 6 5 5 7 5 3 2 4 3 7 6 6 7 2 7 7 6 7 7 3 6 6 7 7 3 2 0 4 7 2 4 2 3 2 4 6 2 3 4 6 6 2 4 3 5 6 7 2 4 7 6 6 6 7 4 5 2 4 3 4 7 5 3 3 6 2 4 3 3 5 3 5 7 6 6 3 4 5 6 4 5 7 4 7 2 2 5 2 3 7 4 3 7 5 7 6
3 6 5 7 7 6 2 3 4 7 3 4 4 6 6 3 2 7 6 2 3 5 7 7 4 3 5 7 4 2 2 4 4 6 3 2 3 4 5 5 3 3 2 3 7 7 7 2 7 6 5 6 5 3 2 2 3 2 5 2 6 4 6 5 5 4 7 3 3 6 5 6 2 2 4 5 7 5 3 5 3 5 4 7 7 4 4 4 4 3 2 6 3 2 5 7 4 5 5 4 2 6 3 6 5 5 2 5 3 2 2 2 6 5 7 3 3 3 2 7 3 3 7 4 2 7 7 7 2 5 6 4 4 6 6 3 7 2 2 4 2 5 5 4 5 4 5 2 6 4
6 3 4 6 7 6 5 5 3 6 5 5 5 2 4 5 6 4 5 3 5 5 7 6 2 4 4 6 3 5 3 4 7 4 3 6 3 7 2 2 4 4 4 2 4 4 7 5 6 3 4 5 7 5 5 2 3 5 6 2 2 2 3 7 2 6 5 7 5 2 7 4 7 5 3 5 6 2 7 7 3 5 2 3 4 6 6 2 7 7 2 3 2 3 6 7 6 4 2 4 7 7 4 5 2 7 6 6 5 6 5 5 6 5 2 3 7 2 3 4 3 5 5 2 6 2 3 3 5 4 4 5 6 6 6 6 4 3 6 2 2 3 7 5 6 4 6 3 3 7
3 4 5 3 2 3 7 2 3 5 7 7 2 6 6 7 4 5 3 7 6 7 5 2 4 7 6 3 4 3 5 5 6 3 4 2 3 3 2 6 7 4 3 3 2 4 5 7 6 7 3 6 5 2 5 5 7 5 3 2 7 4 2 4 0 3 5 4 7 2 6 2 7 6 3 6 4 7 6 7 6 5 3 6 6 3 6 7 4 4 5 4 3 4 2 2 6 6 3 3 3 6 5 4 4 6 5 7 5 3 6 6 3 5 7 6 4 5 5 7 4 3 2 4 3 7 5 5 5 2 5 2 4 7 4 2 3 4 7 5 7 4 3 2 6 2 7 3 5 2
3 2 3 0 4 4 3 2 2 5 5 3 6 7 5 6 3 6 4 4 6 6 4 7 4 5 7 2 7 3 6 3 7 4 3 2 7 4 4 2 4 3 3 2 2 4 4 5 2 6 3 5 4 7 3 4 3 3 7 2 2 3 7 2 5 7 7 5 3 7 5 2 2 6 3 5 7 2 3 6 7 2 3 4 5 4 3 7 5 3 6 2 4 7 6 4 7 6 2 6 4 4 7 4 4 2 6 3 3 6 3 7 6 6 7 5 7 2 3 4 4 3 2 4 3 4 7 7 3 6 4 5 6 6 7 4 5 6 6 2 3 4 3 7 6 7 7 6 2 4
7 7 6 7 3 5 3 2 5 4 5 5 4 3 7 7 6 4 4 7 3 2 6 6 7 3 3 7 2 6 4 6 2 3 4 3 6 3 7 2 5 6 7 2 6 4 3 7 3 5 3 3 4 5 3 5 3 2 6 7 3 6 2 6 6 2 2 3 3 4 2 3 2 6 2 5 3 5 7 2 4 5 7 6 2 4 7 7 7 4 5 6 6 3 5 6 6 3 2 3 3 6 4 4 3 6 3 7 3 5 3 4 2 7 3 6 6 7 7 6 4 2 6 4 3 3 7 4 7 7 2 3 7 4 2 6 5 5 4 3 3 2 4 3 5 4 3 3 4 6
2 6 2 6 6 3 3 7 4 6 6 3 5 6 3 4 3 5 4 6 2 4 7 6 7 6 5 7 3 5 3 3 5 2 5 6 6 4 6 5 6 2 6 6 6 7 4 3 4 5 3 7 2 3 4 2 2 2 5 6 6 4 7 4 6 6 3 6 3 7 4 4 7 6 7 3 5 4 3 3 4 5 3 4 3 2 7 2 3 0 2 4 5 6 6 4 7 4 5 6 4 4 3 7 2 2 7 5 4 2 3 5 5 3 4 5 5 2 3 6 6 4 6 2 2 6 7 2 5 5 7 4 7 7 5 5 2 7 4 3 4 6 7 5 5 7 4 5 7 3
4 5 7 4 2 2 6 5 5 3 4 5 5 6 4 4 7 7 4 2 6 7 6 6 7 5 7 2 3 6 7 3 6 6 2 2 2 3 6 7 4 4 7 4 3 6 5 6 6 4 6 5 4 2 3 6 3 3 4 2 7 4 6 7 3 6 5 5 5 4 3 7 3 2 5 3 6 5 2 2 7 5 6 6 6 5 5 7 2 4 3 4 2 6 6 3 5 6 3 6 2 7 5 7 6 6 7 3 3 4 3 2 4 7 6 2 7 7 0 7 5 5 4 2 7 2 2 2 5 6 6 4 3 4 5 2 5 6 7 5 6 5 6 6 7 2 2 7 2 7
2 6 3 2 3 6 3 5 3 4 4 4 4 3 7 2 3 5 4 7 6 7 4 5 3 2 2 4 2 7 7 5 6 6 6 3 4 3 4 4 7 7 6 6 2 5 2 5 3 2 7 2 3 7 5 6 5 3 2 3 5 4 6 2 3 7 6 2 2 3 7 5 6 4 2 6 4 4 4 3 5 3 4 2 2 4 2 3 5 5 2 2 5 7 3 2 6 2 6 4 6 3 7 6 4 4 7 2 5 3 2 5 2 4 3 5 7 2 7 4 7 7 6 2 7 7 3 2 7 3 3 4 2 6 3 4 2 6 4 4 2 3 7 4 4 2 4 6 5 5
7 6 7 2 6 6 7 2 2 2 5 5 6 7 6 5 2 3 6 6 5 6 5 3 4 3 5 5 7 4 5 6 7 6 5 2 5 5 2 7 2 3 4 7 6 6 3 3 3 5 2 6 7 3 5 5 5 6 2 3 3 5 4 2 2 7 7 7 3 6 5 2 6 7 7 4 3 7 3 7 3 2 6 5 5 5 3 5 6 6 4 4 3 7 4 2 2 4 7 5 6 5 7 3 5 6 7 3 4 6 2 6 3 4 4 6 3 2 4 5 7 6 6 5 4 2 3 4 5 3 3 5 7 4 6 5 6 4 6 2 4 7 6 7 2 0 4 7 7 4
3 3 6 3 2 3 2 6 2 6 2 6 6 3 3 7 7 3 7 7 2 3 6 5 5 7 4 3 4 2 6 4 5 6 2 6 5 7 7 2 5 2 4 4 6 6 7 5 5 4 7 2 7 2 4 5 2 7 6 5 7 4 4 2 4 6 3 7 2 2 4 5 3 3 4 3 7 7 3 7 4 2 7 7 2 6 3 5 4 4 7 4 4 7 4 7 4 6 3 6 2 6 2 5 5 4 2 6 6 3 6 2 7 2 5 5 7 6 3 6 2 3 4 0 4 6 2 4 3 5 4 3 2 5 2 3 3 6 2 7 3 5 7 7 3 2 5 6 7 5
7 6 5 3 3 4 7 7 2 7 5 2 2 6 5 7 4 2 5 3 2 3 2 5 6 4 5 2 7 5 3 6 6 6 5 7 4 2 5 5 6 7 4 4 3 4 3 2 2 7 5 4 3 6 3 2 7 7 3 6 2 2 6 4 3 6 5 3 7 2 2 7 7 2 7 3 3 6 4 4 5 4 6 5 6 5 4 5 3 5 2 4 7 6 0 7 3 2 2 5 5 2 6 3 7 5 7 4 4 7 4 3 7 4 4 4 2 5 4 3 6 3 2 2 5 5 2 6 3 7 4 4 6 3 2 7 7 4 4 2 7 2 5 4 6 2 7 2 5 7
7 4 7 2 6 7 6 2 4 6 2 7 5 6 2 3 3 6 3 6 5 6 3 2 2 3 6 6 2 5 3 6 2 3 4 5 7 6 3 2 7 5 5 7 5 2 5 7 6 6 4 5 6 2 3 7 3 7 3 2 4 6 2 7 3 5 6 2 3 5 3 7 7 2 6 3 4 4 5 6 4 6 3 6 4 3 3 2 6 2 2 3 3 6 2 0 7 2 7 2 3 7 5 3 5 4 6 3 2 3 5 7 4 2 6 4 3 4 2 2 6 4 3 7 4 6 6 5 5 3 4 6 2 4 3 4 7 5 2 6 5 4 4 5 5 6 7 2 3 5
7 6 7 7 5 4 4 3 4 5 4 7 3 6 2 5 5 3 4 3 3 5 2 5 2 7 4 3 2 4 4 5 5 5 2 7 5 2 5 4 7 2 5 5 7 6 7 3 7 7 2 6 7 6 2 2 6 3 4 4 5 5 4 7 4 3 2 3 6 7 5 3 7 7 5 5 7 7 6 2 4 5 4 4 5 0 7 4 7 5 7 6 2 2 4 2 6 7 7 5 2 2 2 5 6 4 3 3 2 6 7 7 4 3 7 4 3 2 5 7 7 6 3 6 2 4 3 4 4 3 6 3 7 4 6 2 3 3 3 2 2 5 4 5 3 7 7 6 2 7
7 2 4 3 7 5 2 2 7 3 6 3 4 2 5 3 5 2 4 2 5 7 6 2 2 5 6 7 4 3 5 4 6 3 5 7 2 7 2 2 5 3 5 2 3 2 5 2 7 5 2 6 4 7 6 3 6 5 5 6 3 6 7 5 5 4 2 2 6 5 6 3 2 2 2 7 4 4 6 3 2 3 3 5 6 6 6 5 6 6 4 7 2 3 4 2 7 5 3 6 6 6 6 7 7 3 2 1 3 5 7 6 2 2 4 2 6 7 4 4 5 3 5 5 4 5 6 5 5 3 2 3 5 4 3 3 4 5 3 2 3 2 2 4 2 4 3 6 3 7
3 6 4 4 7 2 3 7 2 3 7 2 6 2 2 3 5 3 7 6 2 3 5 5 3 7 6 4 3 3 2 3 5 2 5 2 4 3 3 4 2 2 3 6 3 2 5 7 7 7 2 2 2 7 2 3 6 6 6 2 7 7 6 7 2 2 3 2 7 2 5 6 4 7 7 7 5 2 2 5 4 4 4 7 5 3 5 7 6 6 6 7 5 6 3 5 5 3 5 7 3 6 5 0 2 5 4 4 5 4 5 2 3 7 3 6 7 7 3 7 3 4 4 3 5 4 6 6 2 6 2 6 5 3 4 6 4 3 4 6 3 5 5 3 2 3 3 7 6 4
4 3 3 6 2 5 3 2 3 3 4 3 5 5 6 6 4 4 4 4 4 2 7 2 5 4 2 2 4 5 3 5 4 6 7 5 7 7 4 4 6 2 2 5 2 7 4 7 4 2 2 3 6 4 4 6 3 5 6 5 6 3 6 6 6 6 7 4 4 6 4 2 3 4 6 6 7 2 2 2 5 3 2 4 6 4 5 6 5 6 2 6 2 7 2 6 7 5 6 5 5 4 2 2 3 5 6 5 2 6 4 6 6 7 5 4 5 4 7 6 6 6 5 5 6 3 5 2 6 4 6 1 5 4 6 3 5 2 2 2 3 4 2 4 7 4 6 3 5 6
6 4 3 2 2 3 4 7 2 3 7 3 5 4 2 4 3 4 6 6 5 2 0 2 3 5 6 5 7 7 3 5 5 2 7 5 7 6 2 6 2 4 7 6 4 2 7 6 4 5 4 3 2 5 5 5 5 3 5 3 6 4 4 4 4 4 3 4 3 6 3 3 3 6 6 2 6 4 5 2 2 4 3 3 4 2 6 4 4 2 5 4 7 6 5 4 2 6 2 3 2 2 3 6 3 6 7 7 3 3 5 2 6 4 3 2 6 2 5 2 4 3 6 6 7 5 4 6 5 7 6 6 3 7 4 3 7 6 3 5 5 7 2 6 3 5 5 3 7 6
5 4 7 6 4 6 3 2 5 4 3 2 2 6 7 5 7 4 7 4 4 2 3 5 7 4 5 2 3 7 2 4 7 5 7 7 6 3 4 7 3 7 7 2 2 4 2 2 5 2 2 6 2 4 4 4 2 2 4 5 6 7 4 4 4 3 3 2 5 5 6 3 4 4 7 3 6 0 2 4 5 4 4 7 4 5 7 2 5 3 7 3 7 6 2 2 3 7 3 5 4 2 4 4 5 3 2 5 4 4 4 7 6 3 7 7 4 7 7 2 6 6 2 6 2 5 2 5 2 5 5 5 5 6 4 3 6 2 3 5 7 7 7 5 4 7 5 3 6 2
5 5 4 6 2 7 4 4 5 2 5 4 5 2 2 2 3 3 5 6 5 2 7 6 3 2 3 6 4 3 6 3 2 5 5 6 7 7 6 7 5 2 2 5 4 4 3 6 4 2 7 4 6 2 2 3 2 7 4 5 5 6 2 5 6 7 7 6 2 5 5 5 2 2 4 1 4 3 6 5 7 6 7 5 6 5 3 7 2 7 7 2 5 3 7 5 2 3 4 5 7 5 5 7 2 4 2 3 5 6 6 6 3 2 7 6 3 6 7 2 7 7 2 4 4 4 3 6 3 4 4 2 2 5 4 7 2 4 6 2 2 7 2 4 6 4 4 5 4 2
6 4 2 7 3 3 5 5 5 2 7 5 7 6 3 6 3 5 5 2 7 4 2 6 5 4 6 6 7 7 5 3 2 3 7 2 5 6 2 2 7 5 6 5 7 4 7 6 4 5 2 4 5 7 4 5 2 5 7 6 3 5 4 2 6 4 4 3 5 5 3 6 5 4 4 5 3 6 4 7 5 3 2 5 3 4 7 2 7 2 6 4 4 5 7 4 6 3 4 2 5 2 6 5 3 3 4 5 6 2 5 4 6 5 5 3 5 3 5 5 5 3 4 4 7 2 5 2 6 2 5 5 3 7 6 6 2 7 3 7 7 5 5 4 7 7 5 3 5 6
3 4 3 5 4 4 4 4 4 7 4 5 5 6 3 6 7 5 3 7 4 7 7 6 4 3 3 6 6 5 4 7 3 5 3 6 7 3 4 4 3 7 7 7 6 2 4 6 7 3 5 7 2 3 6 2 7 4 2 2 2 4 5 5 7 7 7 6 5 7 3 4 7 4 7 2 3 2 7 2 6 4 3 4 4 3 4 7 2 6 7 4 4 4 7 2 4 7 2 7 4 5 4 6 3 6 2 2 2 7 6 3 6 4 5 7 6 6 6 5 5 2 2 7 4 2 4 6 6 2 7 2 2 3 2 2 3 4 6 4 3 5 2 7 2 2 2 3 3 6
7 7 3 5 3 3 3 6 3 4 5 3 3 4 7 3 3 6 2 2 5 7 5 2 2 5 2 6 3 2 7 6 4 6 2 6 3 5 5 2 2 3 7 2 5 4 5 5 3 6 5 7 4 7 7 3 3 6 7 6 3 7 6 3 7 3 4 7 5 2 5 4 7 6 6 7 2 7 7 5 5 3 6 4 7 5 4 2 2 3 7 2 4 2 7 3 6 5 6 6 6 4 2 5 3 6 5 2 4 3 4 3 3 2 4 2 5 7 5 6 6 6 6 5 6 5 3 2 6 7 6 6 7 2 4 3 2 3 6 3 7 4 7 4 5 5 4 7 4 6
7 3 2 4 7 6 7 6 7 4 7 6 2 3 3 5 6 5 6 3 5 4 4 2 3 4 6 2 4 4 5 2 7 3 4 5 7 2 7 6 7 2 6 3 2 4 5 4 7 5 5 3 3 3 6 7 6 6 7 2 7 4 6 5 4 4 7 3 3 3 2 6 6 7 2 2 2 3 2 3 5 3 3 7 6 7 2 7 6 5 2 2 6 6 2 4 4 6 7 6 3 7 5 6 6 3 5 5 3 5 6 7 3 3 6 6 7 4 2 7 7 3 4 7 2 3 6 6 5 3 7 7 5 6 2 6 7 5 6 7 4 4 6 3 7 4 7 5 0 6
4 7 5 4 5 4 2 7 2 6 6 7 3 2 5 6 7 6 5 3 4 4 4 5 3 2 7 7 4 5 7 7 4 2 7 4 7 2 4 7 5 3 5 2 6 2 2 7 5 6 5 7 7 3 6 7 4 4 6 2 5 6 5 4 7 7 2 3 3 7 2 7 2 5 6 2 7 3 5 6 6 6 5 7 5 6 1 3 6 5 6 2 3 2 5 7 6 3 7 2 3 2 3 4 3 7 3 7 3 2 4 6 3 7 7 6 4 6 2 7 4 5 3 6 7 3 5 3 7 2 5 3 4 4 3 2 3 6 4 2 4 6 7 2 2 7 3 3 7 4
5 6 3 6 7 2 5 2 6 3 2 6 4 6 4 3 2 3 3 7 4 5 7 4 5 3 4 4 5 5 7 6 2 5 2 4 5 6 6 7 6 5 2 5 6 4 3 7 5 4 3 7 3 7 3 2 2 4 3 7 5 5 3 4 6 3 5 4 6 2 2 6 7 5 7 2 3 4 3 3 4 2 2 4 7 7 5 4 4 3 4 7 7 4 3 4 6 4 2 3 2 2 5 3 4 3 2 5 7 4 2 6 5 4 4 6 7 3 6 2 2 2 7 6 7 2 7 2 3 7 5 5 4 2 6 1 7 7 6 7 5 5 2 7 4 3 2 5 4 7
5 4 3 4 7 3 7 5 4 2 4 7 6 5 3 6 6 7 3 3 7 7 6 7 4 7 6 6 5 3 2 0 6 2 6 6 3 2 3 6 7 5 5 3 5 3 7 3 7 3 5 3 4 2 7 4 4 5 4 2 2 5 5 4 7 2 2 3 7 4 4 7 2 4 3 2 6 7 7 5 2 2 4 6 2 4 3 5 2 2 6 5 4 7 4 5 5 2 5 4 4 3 7 6 4 6 6 6 5 4 3 4 7 2 7 2 6 5 6 6 4 6 6 6 5 6 4 4 6 3 3 6 3 6 2 4 5 2 6 4 7 7 7 4 2 2 4 4 2 5
2 7 7 7 5 3 6 3 2 7 6 2 3 3 2 5 2 6 2 5 3 3 5 5 4 0 2 6 5 6 7 4 6 3 7 4 7 5 2 3 4 2 7 5 7 6 2 7 3 7 6 7 4 5 4 6 7 3 5 7 5 5 2 2 5 5 6 4 3 6 7 7 6 7 7 3 4 6 4 4 7 5 4 4 6 4 3 5 5 5 6 6 4 4 5 2 2 5 3 6 4 5 5 7 7 2 2 7 6 5 5 2 6 4 6 5 7 7 5 3 5 4 3 4 7 7 5 7 7 2 3 2 2 2 2 5 4 5 6 7 2 3 3 3 2 6 7 3 5 5
4 7 7 7 4 6 5 6 7 4 3 6 6 4 4 4 3 4 7 2 2 3 5 5 2 7 7 4 2 6 5 2 5 2 3 7 2 3 4 6 4 4 5 3 4 5 4 4 6 3 2 5 6 2 7 7 7 5 6 7 2 4 6 2 5 7 5 6 2 2 4 7 3 4 5 7 4 7 2 7 3 4 3 5 7 3 6 6 2 3 3 2 6 3 3 2 6 7 6 3 3 7 5 6 3 6 2 3 4 4 3 7 1 4 4 4 6 2 7 4 2 4 3 3 4 4 6 5 2 6 6 6 2 5 4 4 2 2 5 5 5 2 5 6 3 6 3 4 5 3
5 2 7 4 3 6 4 7 6 3 6 6 2 4 4 5 5 6 2 2 3 5 6 6 5 2 3 5 7 4 3 5 2 6 4 2 5 6 7 4 2 7 4 2 4 3 7 6 3 4 6 2 7 6 2 7 6 7 5 3 7 5 3 2 7 5 4 4 7 5 4 3 4 3 2 6 2 4 2 7 4 5 4 4 6 5 6 4 6 5 5 5 5 5 4 4 5 4 7 2 6 4 7 2 4 2 6 6 5 7 3 2 2 2 7 7 6 6 6 5 5 4 3 7 6 4 4 3 3 6 6 3 2 2 2 6 3 2 5 3 3 2 5 2 5 2 3 2 4 7
5 3 5 4 3 2 7 4 5 2 7 7 5 6 6 7 7 6 6 3 3 5 3 4 7 3 3 3 5 7 5 6 3 5 7 3 6 4 3 2 2 3 4 2 2 2 6 7 5 6 4 6 5 5 5 0 2 6 4 5 5 5 4 4 4 4 4 2 6 2 7 2 4 7 3 4 3 5 3 2 4 3 3 2 5 3 5 5 4 4 6 4 7 2 5 3 7 7 7 4 5 7 7 3 6 2 6 5 5 5 5 2 7 7 3 3 5 5 2 6 2 7 6 2 3 3 7 6 7 5 2 3 6 5 3 5 6 2 7 5 4 3 3 5 5 2 5 4 3 7
4 6 4 2 2 5 3 6 5 3 3 3 6 5 4 6 2 2 7 7 7 2 7 5 4 7 3 6 6 2 4 5 6 2 4 7 6 2 3 4 2 2 6 2 5 3 4 6 3 4 7 5 5 5 7 2 5 2 6 2 5 4 7 2 7 6 3 7 2 7 3 5 7 2 4 4 5 6 2 5 2 3 3 2 2 7 2 2 6 6 7 4 7 6 6 2 6 3 5 3 6 2 1 7 6 4 5 3 5 7 7 3 2 3 3 4 3 6 2 2 5 3 3 6 6 4 6 2 6 7 3 7 2 7 4 4 7 5 2 7 7 2 5 4 6 3 4 3 4 4
6 6 3 3 2 3 5 2 3 4 6 7 6 4 7 3 7 6 3 4 2 3 7 5 7 5 5 4 2 2 3 7 5 5 6 6 5 4 3 2 3 6 5 6 5 5 4 5 4 2 6 6 5 2 4 3 7 4 4 4 7 3 2 2 2 7 7 6 2 2 6 3 5 2 4 2 0 5 3 4 5 2 2 6 4 7 7 5 5 2 4 2 3 5 3 5 4 3 4 4 3 7 4 2 6 2 7 5 2 2 7 6 5 3 3 3 2 5 4 5 6 6 3 2 5 3 7 3 7 4 5 2 5 7 5 2 5 3 5 6 2 3 7 6 5 7 5 7 2 4
6 4 4 2 3 7 6 7 5 7 4 5 2 6 4 6 2 3 3 4 5 4 6 3 5 3 2 2 3 4 2 6 2 2 7 6 7 3 5 5 4 6 4 4 5 6 4 5 5 5 7 6 7 5 4 6 5 2 4 5 3 3 2 5 7 5 4 6 4 6 6 5 6 7 5 3 5 4 2 4 3 4 3 5 5 2 4 3 6 2 2 7 6 5 7 3 4 7 4 3 3 6 5 5 2 7 4 5 3 5 2 2 2 6 6 4 5 5 3 2 7 4 5 3 7 5 5 2 6 4 2 7 7 2 7 4 7 5 5 5 5 4 6 7 4 3 3 0 6 5
4 4 6 4 6 7 3 7 6 6 3 5 6 5 5 7 7 7 7 7 3 5 2 7 3 2 3 3 6 7 4 5 5 3 4 5 4 6 3 7 7 3 4 5 4 4 5 6 6 3 5 2 4 7 5 2 5 4 2 6 2 7 6 5 3 7 2 6 5 2 2 3 6 6 7 7 3 7 6 3 7 4 5 5 6 6 7 4 5 2 3 2 7 5 7 4 5 4 7 3 2 2 6 2 3 4 3 6 5 3 5 4 7 5 2 5 5 2 5 4 6 5 6 7 3 6 2 4 3 5 3 2 7 2 4 4 5 5 6 2 2 7 2 6 3 2 7 3 7 4
2 5 6 5 6 2 6 2 5 5 7 5 4 7 7 6 2 2 2 7 7 7 5 6 2 3 7 5 6 7 4 6 3 7 5 3 6 5 5 4 0 3 2 7 6 6 4 3 7 5 7 7 3 4 2 5 5 6 2 7 2 2 4 5 7 2 7 6 6 3 5 7 4 4 2 4 3 2 4 5 6 6 6 2 3 7 7 4 2 3 5 4 2 2 6 2 7 2 4 3 4 2 4 5 6 2 2 4 6 5 7 7 4 5 5 3 3 5 4 3 6 5 6 4 3 2 2 5 5 7 3 7 4 4 6 7 3 6 2 7 6 4 2 5 4 7 7 6 7 7
6 6 5 2 4 5 4 5 7 5 4 7 4 7 3 3 2 5 6 5 2 5 5 3 4 4 6 3 4 7 5 5 5 3 3 4 4 2 5 4 5 6 7 6 5 5 3 4 3 3 3 6 7 5 7 3 3 6 7 2 6 4 4 6 6 5 3 6 3 4 6 5 5 3 5 7 5 7 2 2 5 3 4 6 2 7 2 5 7 6 7 6 4 3 2 5 6 4 0 4 6 2 2 3 4 2 4 2 2 2 6 6 4 7 4 6 3 6 6 3 7 4 6 2 7 2 6 5 2 7 3 3 4 7 4 4 7 3 7 4 6 5 4 6 6 7 3 7 4 3
7 7 5 3 7 6 2 5 2 7 4 4 7 5 7 5 4 4 3 7 3 5 4 2 4 4 2 5 4 2 6 5 4 3 2 3 6 2 3 5 7 2 7 4 2 7 7 3 7 4 3 5 2 5 3 4 2 6 4 5 2 3 3 6 3 3 7 4 7 4 2 2 4 6 6 5 5 6 0 2 3 5 7 2 2 6 6 3 2 5 7 3 5 7 3 3 6 4 3 3 3 5 5 5 5 3 5 6 5 5 3 3 3 2 6 6 2 7 7 7 2 5 5 2 4 6 6 2 6 3 3 3 7 5 4 3 3 6 2 5 6 4 4 5 4 2 2 2 4 7
6 6 3 7 6 7 6 2 6 6 3 6 6 3 4 3 5 7 3 3 7 4 4 4 5 2 7 7 7 3 3 2 7 4 3 4 5 3 5 0 7 7 7 5 6 4 2 3 3 7 5 3 5 5 6 2 3 5 7 2 3 5 6 4 4 2 7 5 5 2 2 4 4 7 5 4 6 5 2 3 7 5 2 2 3 6 7 4 6 5 5 4 2 7 3 7 4 7 7 7 2 7 4 7 4 2 6 5 6 7 2 5 3 3 2 7 4 3 6 2 6 7 6 6 6 4 4 5 7 2 2 7 3 7 6 4 3 2 6 5 5 2 5 7 3 7 4 4 4 3
5 4 6 7 7 7 4 2 6 5 4 2 6 6 2 3 4 7 5 2 3 4 7 5 2 7 3 4 7 7 2 3 3 6 3 4 5 7 6 3 7 3 6 3 5 4 7 7 4 3 5 7 2 7 5 4 4 7 6 6 5 5 3 5 3 4 4 3 7 2 2 4 6 6 3 5 2 7 3 3 4 6 3 7 4 2 4 5 3 2 6 2 5 5 4 7 4 2 2 6 2 7 2 7 4 3 4 2 6 2 5 6 7 5 5 5 6 4 6 5 5 6 4 6 6 7 6 5 6 5 3 2 6 6 5 4 3 3 2 4 3 3 4 5 6 3 7 7 2 3
5 2 4 7 6 7 2 3 5 6 7 3 4 6 7 3 4 4 6 5 4 7 3 4 2 3 5 6 4 7 7 4 4 6 3 7 2 2 4 5 6 6 2 3 4 4 2 6 6 3 3 7 6 6 5 5 2 3 3 3 2 6 4 3 3 3 5 4 3 5 3 7 6 3 5 3 3 4 4 6 4 4 5 5 7 5 2 2 3 5 4 4 5 2 5 2 6 5 5 7 5 3 5 5 3 2 2 6 5 2 7 3 6 7 4 6 7 5 6 3 4 6 6 6 7 7 3 3 6 7 6 3 2 4 3 3 4 6 2 7 6 6 2 6 7 3 5 5 5 7
2 3 3 7 6 6 7 7 3 2 7 4 5 4 5 4 5 3 3 4 7 2 2 2 6 5 6 7 5 4 5 7 2 5 3 6 2 6 7 4 6 6 4 3 6 3 3 5 7 7 4 4 5 4 7 6 5 7 7 3 7 3 4 3 4 7 6 3 2 2 6 7 3 7 6 6 2 2 6 6 3 6 2 4 7 4 7 7 6 3 5 5 5 4 6 3 2 2 2 2 5 4 7 2 5 7 7 3 3 4 5 3 5 6 3 7 2 4 4 5 6 6 2 4 6 5 3 6 3 3 7 6 3 4 7 5 5 7 4 7 6 4 3 3 4 6 7 6 2 6
7 6 6 2 7 5 4 5 5 7 2 5 5 5 3 2 6 5 5 5 6 6 7 4 2 3 2 2 7 5 7 7 3 2 4 7 3 2 6 2 2 3 6 6 3 3 3 4 3 3 5 2 4 4 5 7 2 2 5 2 6 3 4 4 3 4 5 5 7 7 5 2 7 3 3 3 2 4 7 2 4 6 7 6 4 2 7 2 4 5 5 7 6 4 3 6 6 6 3 7 6 2 6 2 4 6 3 2 3 6 5 2 6 2 3 3 5 2 7 5 6 4 4 6 5 2 7 6 6 6 4 5 5 7 4 4 4 6 7 7 7 2 2 6 3 5 2 3 6 3
7 7 6 7 6 4 7 3 5 3 4 3 5 0 4 4 4 7 4 6 7 4 5 5 6 6 4 3 2 7 5 7 3 2 5 7 3 3 4 7 5 5 5 2 4 6 3 2 6 7 6 6 6 7 3 4 7 6 3 6 2 6 3 7 6 2 4 4 7 7 2 4 5 6 4 7 4 3 2 6 6 7 7 4 5 7 3 7 6 7 5 6 3 3 3 3 6 3 2 4 6 2 3 2 4 5 7 7 7 6 5 7 4 2 7 2 5 7 6 4 6 4 6 2 7 2 4 6 2 2 4 4 7 2 5 7 2 4 5 5 3 7 4 6 6 2 6 3 2 7
2 6 4 6 7 3 3 3 5 7 6 3 4 6 5 1 5 4 4 3 7 4 5 4 6 5 7 7 7 3 4 4 5 2 7 4 3 6 2 3 4 4 2 2 4 5 6 2 4 5 3 2 4 2 6 4 2 3 4 3 7 6 7 4 7 6 7 6 2 3 4 2 5 6 3 3 4 5 2 5 5 3 6 5 6 7 5 2 2 5 5 5 5 4 4 4 3 2 3 2 4 3 6 4 6 6 5 4 2 7 7 5 5 5 7 7 4 3 4 4 3 4 7 6 4 5 6 2 3 4 5 6 4 5 5 3 6 7 5 3 4 3 2 3 2 5 2 4 4 7
3 5 7 2 5 2 5 4 7 2 6 5 2 2 3 6 7 2 3 7 5 7 2 2 6 7 7 6 6 2 4 7 3 5 3 5 2 6 7 7 3 2 3 4 3 6 4 6 7 6 3 4 2 2 5 7 0 6 4 7 4 4 3 4 4 7 2 6 2 5 6 5 6 7 3 7 3 4 2 4 7 2 2 4 5 3 7 7 6 2 2 4 7 6 6 5 4 6 6 3 4 7 3 3 7 6 5 2 3 2 3 4 2 4 3 2 3 2 3 7 4 6 2 5 3 6 3 6 3 6 7 5 2 3 7 7 3 7 2 7 7 4 5 6 6 6 2 2 2 5
0 5 4 4 4 7 3 3 4 5 7 3 4 2 5 2 5 2 5 4 7 3 4 2 4 2 5 7 5 3 4 5 5 3 5 7 5 7 7 4 2 3 4 4 7 5 3 6 6 5 3 5 6 5 7 6 2 6 4 3 3 5 4 6 3 7 5 5 4 6 7 6 4 2 5 6 6 6 2 5 3 2 6 7 3 2 5 7 6 5 2 6 2 7 4 3 6 2 6 4 7 6 2 3 5 4 4 2 4 2 2 7 2 4 6 6 7 2 4 5 3 3 4 2 2 4 4 5 7 2 3 6 6 2 2 4 4 4 5 2 7 2 3 2 4 2 3 4 4 2
2 3 2 6 4 7 3 7 7 3 2 3 4 3 7 5 3 4 2 7 2 2 3 3 4 6 5 5 5 7 5 7 7 3 2 4 6 5 3 6 5 2 5 2 7 7 7 7 7 5 4 5 2 4 2 5 5 1 7 4 4 2 7 7 2 2 3 3 2 6 7 3 4 6 5 2 7 3 5 3 7 4 4 7 4 6 4 5 6 2 2 6 3 5 3 2 3 2 7 3 5 2 6 3 3 3 7 6 5 4 4 5 2 5 4 2 4 4 6 5 2 3 6 7 7 2 4 2 7 7 2 4 7 7 6 7 4 2 4 6 2 2 6 6 6 2 5 2 3 6
5 3 5 7 2 6 4 3 7 7 5 5 6 5 5 5 2 7 7 3 2 4 7 2 6 5 4 7 3 3 7 7 3 7 4 3 6 2 5 7 3 5 6 5 4 7 7 5 6 7 7 2 5 6 7 2 7 7 7 3 7 2 6 5 2 3 2 5 7 4 3 3 3 5 4 5 6 3 2 2 7 4 6 6 4 7 3 7 7 4 5 7 5 5 3 3 4 4 3 7 5 7 3 6 6 3 3 5 4 2 5 4 6 5 6 4 6 5 4 6 6 2 6 3 5 4 7 2 5 2 7 3 5 2 6 2 7 7 4 2 4 6 5 6 4 6 3 6 3 3
4 2 2 3 2 6 4 6 7 4 3 3 5 4 5 3 6 6 3 4 6 5 5 4 2 5 2 5 4 5 5 2 2 6 4 3 4 7 5 2 7 3 3 6 4 5 0 4 6 6 7 2 6 6 2 6 3 5 6 2 6 5 6 7 5 3 5 2 7 2 5 5 6 3 2 2 4 5 3 2 4 3 5 5 2 7 2 2 2 6 5 4 6 7 6 7 3 3 5 5 6 3 4 4 2 3 6 5 5 7 7 6 7 4 2 6 3 4 7 3 4 5 5 5 7 5 5 6 5 3 3 3 6 3 7 2 6 5 3 3 6 5 2 7 7 7 5 6 7 3
7 5 3 6 3 4 7 3 3 2 6 3 5 5 6 2 3 4 6 0 5 2 2 3 4 7 3 4 5 4 2 5 7 4 7 4 2 2 4 6 7 5 7 4 4 2 7 7 7 3 4 2 4 6 3 7 5 3 3 6 6 6 5 3 5 2 3 2 2 4 4 6 3 7 3 7 3 3 2 6 2 4 5 4 4 6 4 6 4 2 5 2 4 6 7 2 7 5 5 3 3 4 5 6 4 3 3 2 2 2 2 7 6 3 3 2 3 5 3 4 7 3 2 3 4 7 3 3 6 6 2 6 3 6 6 3 2 5 7 5 7 6 5 5 4 2 3 5 7 4
7 2 3 6 3 4 7 5 1 3 2 5 7 5 6 3 4 6 5 4 6 7 4 4 2 6 4 7 4 3 4 5 5 3 7 7 4 6 6 7 6 7 6 7 2 7 6 6 4 4 6 4 7 3 7 4 7 4 6 3 3 7 2 3 4 4 3 3 5 4 7 5 7 6 3 4 3 6 5 2 4 5 2 6 6 5 3 2 4 4 7 3 3 3 6 6 3 5 7 7 6 7 2 2 5 6 5 7 2 7 6 3 7 3 2 5 5 4 3 6 2 2 7 5 4 5 6 6 7 5 2 6 2 4 6 6 3 5 5 7 2 6 5 4 7 3 4 6 2 2
6 7 4 5 2 5 7 7 5 5 2 6 3 4 2 3 4 6 3 5 7 5 6 6 4 6 7 7 6 7 2 2 7 6 5 6 5 7 7 5 4 5 5 6 2 7 7 4 6 3 6 2 2 0 3 3 3 7 3 5 7 6 5 4 2 3 7 2 2 2 7 7 6 5 4 7 6 3 7 5 3 6 5 6 2 6 4 7 4 5 3 2 7 5 7 7 5 5 6 4 4 3 4 6 5 5 6 7 5 5 4 3 5 4 7 5 2 7 6 3 6 2 6 7 7 5 5 4 2 6 6 3 4 6 6 2 3 6 3 4 6 7 6 6 2 7 5 7 7 5
6 6 3 2 3 7 2 2 3 6 2 2 5 6 6 2 2 4 6 3 3 7 6 7 4 4 2 6 4 5 3 2 4 4 7 7 7 3 2 7 6 6 4 3 2 7 7 3 7 2 5 7 7 4 3 5 3 5 4 2 7 7 3 7 2 3 3 7 7 7 7 3 4 5 5 4 6 3 3 7 3 3 6 5 4 5 2 4 6 2 2 3 2 3 5 4 3 7 6 4 5 5 6 5 5 3 3 2 6 7 3 5 6 7 3 3 7 5 6 3 3 4 4 7 6 2 4 3 6 4 3 2 3 6 4 3 6 7 2 5 2 2 2 7 2 5 2 4 7 3
