200
17 1551
19 2097
20 1611
11 460
7 1031
12 2239
15 460
9 460
17 1865
20 1142
2 472
3 460
15 1912
11 698
6 1740
4 2136
17 1934
4 460
14 2064
6 2226
2 465
2 1898
3 2448
10 1880
18 1851
18 1235
18 737
5 952
14 1345
13 1534
9 463
2 2307
14 2106
5 561
11 1192
18 460
13 2297
3 980
8 465
13 1398
15 463
3 2007
9 1447
9 465
19 875
12 463
20 1492
18 531
14 1069
13 1768
12 2374
15 2312
1 1277
9 1094
13 1892
14 1280
9 2218
4 1463
14 1726
1 468
8 951
19 588
12 635
14 1632
18 460
16 460
10 460
7 1945
9 1569
9 703
2 500
6 463
14 1454
20 2407
3 1650
9 1831
3 2333
17 1324
12 463
20 465
11 465
13 1562
17 1018
3 1278
17 1970
20 1052
1 463
18 460
17 1588
20 2189
18 1111
7 460
17 2127
20 1161
19 2445
6 497
8 465
12 465
18 920
15 465
11 1216
7 460
11 1420
5 1368
11 482
15 1408
12 1642
13 2051
13 1259
6 1025
20 1989
8 2075
13 1438
4 2134
9 1473
1 2095
5 2267
10 1184
18 2208
3 1802
5 1200
15 1249
13 2351
10 2035
4 2007
2 465
19 460
11 465
1 465
6 687
10 1121
6 2342
5 463
20 2260
20 771
7 495
5 807
17 937
13 512
9 564
9 1074
1 563
11 784
12 1957
16 1680
14 1783
13 1666
15 721
20 834
1 944
20 1521
17 465
13 1300
6 1871
13 460
3 1906
16 908
9 2004
8 460
3 466
4 2027
13 1756
14 806
6 998
12 1379
16 2388
17 1792
11 2017
6 463
20 851
7 2276
18 659
20 1358
4 2380
17 1717
19 460
9 1166
17 463
11 2172
19 610
4 864
14 1311
6 888
15 749
6 460
19 2328
16 623
17 2158
19 1822
4 463
16 993
10 2421
16 463
16 552
12 973
2 1015
19 1701
17 672
17 460
7 1498
3 6 6 3 4 2 6 6 2 7 4 7 3 6 5 7 4 2 3 7 7 3 4 6 4 6 4 2 5 3 7 2 7 6 6 3 7 6 4 7 2 6 2 5 7 6 2 3 7 7 3 6 3 6 4 3 3 5 7 4 6 6 5 2 4 4 7 6 2 2 5 6 6 4 2 4 7 3 3 6 7 3 2 3 7 2 2 5 2 3 3 4 5 3 4 7 7 6 5 5 2 4 7 7 6 5 7 5 3 6 3 5 4 4 3 2 6 7 5 7 7 6 7 3 3 4 5 4 5 5 2 5 6 3 6 2 4 2 5 3 4 7 6 4 3 6 7 4 3 2 3 3 2 2 4 6 4 7 6 2 5 6 7 2 4 6 5 2 6 4 2 2 5 2 2 6 7 7 6 2 5 3 4 7 4 6 4 5 5 5 4 6 4 3 7 5 4 2 7 5
4 5 7 4 6 3 2 5 6 2 3 3 6 2 7 5 5 2 5 2 5 7 6 2 6 7 7 6 4 3 2 6 2 3 2 2 2 3 4 7 7 7 3 2 5 5 7 4 3 5 5 6 7 3 5 2 6 2 3 2 6 5 2 6 5 7 6 2 7 5 2 7 6 4 5 2 7 3 4 5 6 7 5 3 6 2 5 3 2 6 4 5 4 5 6 2 3 6 6 6 2 2 7 7 5 5 3 3 7 2 7 2 3 6 4 3 6 7 3 4 2 6 5 2 2 5 2 7 3 5 3 5 7 4 4 5 2 4 3 7 5 2 3 2 2 7 7 7 7 5 4 7 4 6 3 5 2 2 2 6 3 5 5 3 7 6 3 6 7 4 2 3 4 6 3 7 6 7 6 4 3 4 2 7 6 2 5 6 4 5 3 6 3 2 3 7 2 2 2 6
5 5 5 3 4 3 6 2 3 6 4 5 5 2 5 3 3 5 3 5 3 4 4 3 2 3 2 7 4 3 7 6 3 5 6 7 6 5 2 4 7 2 4 6 3 2 7 6 7 7 2 5 6 7 5 7 2 2 4 3 4 6 5 0 6 4 2 5 2 7 5 6 5 6 2 5 5 3 2 2 5 7 5 7 2 6 2 6 6 5 6 4 2 4 6 7 2 4 7 3 4 4 2 2 3 5 2 3 2 7 2 5 4 4 7 5 4 3 3 3 6 5 6 7 6 6 3 7 6 7 3 7 2 4 4 3 2 5 7 7 4 3 3 2 5 6 6 5 6 5 5 2 2 4 3 6 4 6 7 7 5 7 4 4 7 6 5 4 2 7 6 7 3 3 4 6 3 2 3 4 7 6 5 5 3 5 5 5 3 4 5 2 4 7 6 6 7 7 5 2
4 6 6 7 2 2 2 5 6 3 4 6 3 5 5 2 3 7 6 5 3 6 2 3 2 2 6 6 2 2 6 3 3 2 4 4 7 7 5 4 4 5 3 4 4 6 5 7 4 2 7 7 6 3 5 3 6 3 6 2 3 2 4 7 7 5 4 7 5 3 6 6 2 3 6 6 4 5 4 4 3 3 4 5 2 5 6 4 4 6 5 2 7 7 3 2 2 2 5 7 5 5 7 3 2 4 2 6 7 7 4 7 2 4 7 2 6 6 4 6 5 6 7 5 4 5 5 6 4 3 4 6 3 3 7 3 6 3 7 2 2 6 2 2 7 5 7 4 3 5 2 1 6 7 3 6 5 7 5 5 2 7 4 4 6 4 2 7 5 5 7 7 2 7 4 7 3 5 2 3 2 4 6 3 3 4 7 6 3 2 3 3 3 7 2 5 3 5 3 5
2 4 2 6 7 2 2 5 5 3 6 6 3 5 7 5 4 6 2 4 4 7 7 6 6 4 2 3 3 3 3 4 7 7 5 5 3 3 7 4 6 7 2 3 3 3 4 7 7 7 6 3 3 2 7 7 4 6 5 2 3 7 6 4 4 5 3 3 5 2 5 3 2 5 4 5 3 6 7 6 6 2 4 7 2 0 5 5 6 7 7 4 5 6 5 3 7 2 2 5 7 7 6 3 4 7 6 3 7 3 2 5 2 3 7 5 5 7 6 7 3 6 5 2 3 5 6 2 3 7 7 4 3 7 4 2 5 7 4 2 7 7 6 7 6 2 6 6 6 4 3 7 4 7 4 6 2 6 4 7 6 6 3 7 3 6 3 4 7 7 4 5 3 4 4 6 2 2 2 3 5 2 7 6 3 5 7 5 3 3 4 3 2 4 3 2 2 6 7 7
4 4 5 3 7 3 4 3 2 5 2 2 5 6 6 7 6 2 6 2 7 7 7 2 7 5 5 5 7 4 6 5 3 7 2 5 7 5 3 5 2 6 2 6 2 6 2 7 3 4 7 2 6 6 6 6 5 3 2 6 3 4 2 6 2 4 2 6 4 7 3 6 3 3 2 2 6 6 2 7 7 3 6 3 5 5 7 4 3 5 7 2 6 2 5 4 3 3 5 5 4 5 7 2 7 4 6 6 5 6 5 5 2 2 5 4 2 3 2 3 7 7 4 6 4 7 2 4 2 3 2 5 7 3 7 2 6 7 4 6 3 7 4 3 4 2 3 2 2 2 4 6 7 5 4 5 2 6 5 6 3 3 6 7 6 7 3 3 6 4 6 4 4 2 5 6 3 5 7 6 4 7 7 6 5 2 3 7 4 7 2 3 2 6 5 7 6 2 5 6
5 7 5 3 4 5 6 5 4 7 6 1 5 6 6 5 3 7 7 5 6 6 6 5 2 6 7 2 3 6 3 2 3 3 6 4 4 5 7 7 7 4 7 6 3 5 7 7 2 6 7 3 4 5 5 3 6 6 5 6 6 5 2 5 7 3 2 6 2 4 7 4 7 5 2 6 3 5 4 7 6 7 3 6 2 4 5 3 4 3 7 5 4 4 7 3 7 2 4 4 6 2 2 3 2 5 3 2 7 6 6 6 6 2 4 2 7 3 6 7 3 4 7 2 3 4 2 2 2 2 5 2 2 7 6 6 4 2 2 2 7 5 2 3 5 2 4 7 4 5 3 7 4 5 7 7 3 5 7 7 4 4 6 5 4 4 7 2 7 7 3 3 2 5 5 7 6 2 7 2 2 6 6 5 6 3 3 3 3 6 7 6 4 4 7 6 2 3 4 5
5 5 5 7 2 5 7 7 7 3 6 5 5 4 4 6 4 7 6 5 0 6 5 6 2 7 6 2 5 2 3 4 5 3 2 3 6 2 6 7 7 5 4 4 3 7 6 4 7 4 4 4 5 4 6 3 5 4 6 6 6 3 2 6 3 7 5 7 7 5 5 2 5 7 7 7 5 4 7 5 4 3 5 2 4 7 6 2 5 4 3 7 7 5 3 6 3 4 2 5 3 4 4 7 3 5 3 2 5 2 6 7 6 7 2 2 3 2 2 5 4 4 3 6 7 7 5 5 2 5 4 3 5 5 2 5 3 5 2 5 6 2 6 3 3 6 2 4 3 2 2 2 3 7 2 4 7 5 7 2 6 3 5 4 6 2 5 5 6 6 7 6 6 4 5 3 5 7 2 2 2 5 4 6 5 3 2 7 4 2 3 6 7 7 2 5 6 6 2 3
6 6 5 7 6 5 7 3 4 3 6 3 4 5 3 5 3 7 3 3 3 6 5 2 3 2 6 3 2 7 2 7 2 6 7 2 4 7 7 3 4 4 4 5 4 5 6 3 6 2 4 2 3 3 2 6 4 6 4 2 2 4 6 2 6 4 6 5 4 6 6 6 7 2 5 3 5 5 5 5 3 4 2 4 6 2 2 3 4 2 3 3 2 5 7 5 5 3 5 7 2 7 4 3 6 7 7 7 4 5 6 4 6 5 3 5 6 3 2 2 6 2 2 6 4 4 5 2 5 7 7 2 4 6 2 7 4 3 4 4 5 3 6 2 4 7 5 7 5 6 6 2 6 0 2 5 3 4 7 4 7 6 4 5 3 6 7 4 2 7 7 4 2 4 2 4 2 4 3 6 3 4 5 4 4 5 3 6 4 2 3 3 5 3 6 3 7 4 6 6
6 6 4 6 6 7 2 3 4 4 5 4 7 4 4 4 5 6 5 7 6 7 4 5 6 3 2 7 6 6 4 5 5 6 3 4 2 2 7 5 2 5 6 5 6 2 6 4 2 6 7 5 3 4 6 4 5 2 2 4 6 7 5 5 5 4 6 3 6 2 6 2 4 5 3 2 3 6 3 7 5 6 3 5 5 3 5 6 7 5 6 6 5 1 2 2 7 5 2 4 5 4 5 6 4 5 6 3 2 7 7 5 2 4 7 3 7 3 2 2 4 4 6 6 7 7 4 4 7 4 7 5 2 6 6 2 3 4 5 6 3 2 7 7 6 5 5 2 4 2 4 2 5 4 7 5 5 7 3 4 5 3 3 6 4 2 3 5 2 2 2 3 7 3 3 7 5 3 3 5 3 2 6 6 3 5 3 3 3 3 2 6 7 5 3 6 5 6 4 7
3 5 7 3 2 6 3 6 6 7 7 4 5 3 5 5 2 4 2 4 6 7 4 5 2 5 3 5 5 7 4 2 7 7 5 3 5 7 3 4 3 5 2 6 5 4 5 2 7 4 2 2 5 3 4 2 4 4 5 7 5 4 3 7 7 3 2 4 4 4 7 7 2 2 3 4 3 3 6 3 7 5 4 3 3 6 2 2 4 6 6 7 7 5 4 4 2 7 4 3 7 7 3 3 0 3 2 2 4 6 6 3 2 6 5 6 3 5 5 4 6 2 4 6 5 2 6 2 5 7 6 4 7 7 3 3 3 5 7 7 4 5 5 3 4 6 5 6 3 3 2 2 7 6 3 5 5 2 2 5 3 3 7 3 3 5 7 3 4 4 2 4 3 7 7 5 7 6 4 2 6 4 7 4 3 6 4 2 5 5 7 4 2 4 6 6 5 2 3 4
2 7 3 3 6 3 6 2 4 5 7 4 6 7 2 5 7 7 7 4 5 4 2 2 7 7 5 5 5 3 4 3 7 2 4 3 2 5 2 5 5 5 6 2 7 5 5 5 3 4 2 5 6 2 5 4 4 2 7 6 4 5 7 3 6 0 7 3 5 5 2 6 5 5 5 4 6 4 4 6 7 3 6 6 4 6 3 6 2 4 6 2 4 6 6 5 3 7 7 4 7 7 3 7 3 5 3 2 5 5 6 3 4 7 4 4 3 5 7 5 5 4 4 6 5 6 6 7 5 6 7 7 7 6 5 5 6 2 6 4 5 5 6 7 6 6 2 3 5 2 4 2 7 2 5 2 5 6 6 2 3 4 7 5 7 5 2 5 5 3 2 4 2 4 7 6 2 7 2 2 2 2 2 5 6 2 7 3 3 5 5 5 3 7 7 5 3 7 7 3
3 6 6 5 5 3 6 7 7 3 4 2 4 3 5 3 0 6 5 7 6 2 5 4 4 2 2 4 4 4 2 5 4 2 6 3 2 2 3 2 4 3 6 4 6 5 7 7 3 2 6 4 4 4 6 3 6 2 3 6 7 7 3 5 4 5 5 4 4 2 7 5 4 2 2 2 6 2 5 4 7 7 5 3 6 3 7 3 3 7 3 5 6 2 6 4 6 4 3 3 4 6 2 3 4 2 5 2 5 3 6 2 7 7 5 7 2 6 7 2 4 5 3 5 7 7 2 5 4 5 2 2 7 6 7 5 4 5 3 5 4 5 7 5 2 3 7 5 2 5 2 4 4 2 4 2 2 6 4 6 6 7 6 2 7 5 4 2 5 6 7 6 7 4 7 2 5 7 4 6 6 2 2 6 2 7 4 3 2 3 3 5 4 7 2 2 5 2 4 2
4 2 4 5 5 4 7 2 3 6 7 3 4 5 7 7 7 2 7 7 3 2 3 2 5 5 3 4 5 6 2 6 6 3 4 7 4 2 4 2 4 4 4 6 6 7 5 7 7 2 2 5 2 2 7 4 7 2 5 6 5 2 7 5 4 7 2 5 6 0 2 2 5 6 4 4 3 4 4 6 6 3 5 3 5 4 4 7 2 6 6 5 6 3 2 5 6 2 2 3 4 5 5 7 2 7 7 2 3 4 2 7 3 5 5 4 6 6 3 5 2 6 7 2 3 5 3 6 6 7 7 3 5 7 2 3 6 3 5 3 7 7 7 5 3 6 2 2 3 3 4 7 4 5 2 4 2 2 6 5 4 2 4 5 2 2 7 2 6 6 7 7 4 4 4 7 6 6 2 6 6 3 5 4 4 2 2 2 3 7 2 4 7 6 2 7 4 5 7 5
5 7 7 4 7 3 4 4 2 2 7 2 6 7 4 3 4 7 6 3 4 5 7 7 2 4 2 2 3 4 2 6 3 4 6 6 2 2 3 6 3 7 5 3 7 5 4 3 7 6 2 5 5 4 6 3 4 7 7 2 3 4 7 4 4 5 3 2 3 5 3 6 6 4 2 5 4 2 7 5 4 7 5 4 2 7 5 5 6 7 5 2 3 7 5 5 7 2 2 2 5 6 3 3 4 5 4 4 5 6 4 4 3 5 6 3 2 5 3 2 3 7 2 3 6 7 7 2 6 2 4 6 5 4 5 3 6 3 3 5 2 4 2 5 4 6 3 5 5 4 3 5 5 6 7 3 4 5 6 6 7 2 7 7 6 3 7 6 4 2 4 4 5 4 6 5 4 6 5 4 3 2 5 2 4 6 4 4 3 7 6 3 6 7 3 6 3 7 4 6
6 4 7 6 2 3 4 5 5 4 4 2 2 5 5 6 3 3 6 3 6 6 6 4 5 7 2 4 2 2 7 6 2 3 4 7 6 4 5 4 2 4 3 2 5 4 6 7 3 2 5 5 3 2 2 2 3 5 7 6 5 6 6 3 4 7 4 4 5 6 7 5 3 4 2 5 4 6 2 7 3 7 2 6 4 7 4 3 5 5 5 6 5 2 5 7 5 2 6 4 4 7 3 7 6 2 2 3 4 3 7 3 3 2 5 4 7 5 3 6 6 3 5 5 5 6 2 2 6 5 5 3 5 6 3 2 2 3 7 6 7 6 3 2 5 7 7 7 6 5 7 4 5 6 4 7 5 4 7 2 3 4 2 3 6 3 7 6 2 5 4 7 6 4 5 4 7 5 6 5 7 5 2 4 3 6 5 0 4 3 2 3 2 7 4 7 4 3 6 2
4 7 3 4 5 7 5 3 2 2 2 3 6 4 3 5 2 6 7 6 3 3 7 6 2 2 7 6 5 2 5 6 6 7 3 2 4 2 7 7 3 6 2 2 6 6 5 4 6 5 6 4 6 6 5 5 7 5 7 6 6 3 5 7 5 4 2 0 5 4 4 4 4 2 3 5 4 6 6 7 5 6 7 4 4 2 2 4 6 6 6 2 2 7 7 7 2 3 6 7 4 7 3 5 4 2 7 4 2 2 3 3 6 7 6 4 6 3 6 6 2 2 3 7 2 7 4 3 4 3 5 7 5 5 6 6 3 2 5 7 2 2 2 3 6 3 5 3 3 2 6 2 4 7 3 3 7 4 5 3 4 6 3 4 4 7 2 6 5 6 6 6 6 7 7 2 5 3 5 7 4 3 2 4 3 6 4 3 5 6 2 5 3 5 5 2 6 6 7 2
2 2 4 7 2 6 2 5 4 6 3 2 6 4 2 3 2 7 5 4 7 2 2 7 6 7 5 5 6 3 3 3 7 7 2 2 4 4 3 3 7 6 4 3 7 5 4 5 2 4 5 5 3 4 6 6 5 6 6 5 3 7 6 4 4 4 7 2 2 5 7 7 6 3 3 5 4 7 7 7 3 2 4 6 7 3 7 3 5 6 6 4 7 6 2 2 6 7 5 7 2 7 2 4 4 5 4 5 3 4 3 6 5 4 4 5 6 6 5 7 2 3 5 3 7 6 2 5 2 2 3 2 7 3 6 7 7 3 5 6 7 7 7 7 6 7 5 7 2 7 7 7 3 7 0 6 2 5 3 6 3 3 7 4 5 2 6 6 4 5 7 3 2 6 5 6 7 7 4 6 2 7 7 4 4 4 2 5 6 4 7 6 2 2 5 3 3 4 2 4
5 3 2 4 3 5 6 4 4 7 2 7 3 6 2 6 7 4 6 5 5 4 3 3 5 2 2 7 7 7 2 7 5 6 6 4 2 4 2 3 7 5 2 7 7 3 3 6 7 5 3 6 4 4 5 3 4 7 3 5 3 7 2 6 4 5 3 2 6 3 2 4 7 6 4 7 3 5 3 6 2 5 7 2 6 3 5 6 4 7 7 7 4 6 7 2 7 4 2 6 7 6 3 4 4 5 7 6 2 6 6 0 3 3 5 4 6 3 5 4 2 6 6 2 3 3 2 4 5 6 5 3 5 6 7 4 7 6 5 2 7 3 7 2 7 7 3 5 3 5 3 6 3 2 5 2 7 5 5 2 4 7 7 2 5 2 2 2 7 2 2 2 6 5 5 5 5 4 3 4 7 7 6 7 6 4 5 6 5 2 7 4 3 2 7 4 2 3 2 7
5 4 6 4 6 1 4 2 6 7 2 5 3 6 5 6 7 5 4 5 2 5 3 3 6 7 2 7 4 7 4 6 2 3 4 5 6 5 7 5 3 3 5 2 4 7 7 2 3 5 2 4 6 4 3 3 2 2 7 4 5 6 6 2 5 4 4 5 2 5 4 7 6 4 3 4 3 7 2 4 5 7 7 7 6 3 5 4 6 4 7 4 3 6 5 5 7 6 5 6 7 5 4 6 3 5 3 7 4 6 3 2 5 6 7 6 7 3 2 4 7 4 2 2 5 7 6 4 4 3 4 4 4 6 7 7 7 2 7 7 6 7 7 2 5 3 5 5 2 4 5 3 6 6 7 4 6 5 5 7 2 2 2 3 5 4 6 5 2 6 4 2 4 5 7 3 7 7 3 7 4 2 4 5 6 6 7 7 5 6 2 5 4 2 2 6 2 5 4 3
3 3 7 2 2 6 7 4 6 6 2 3 3 5 4 3 2 4 2 2 2 5 3 5 4 3 5 6 5 6 3 7 5 4 3 7 4 2 6 2 5 3 2 5 7 4 3 3 3 2 4 2 4 7 7 5 5 7 7 5 5 5 6 3 2 4 6 7 5 6 4 4 4 4 3 6 6 2 2 3 5 6 4 4 3 3 2 7 5 2 2 4 6 7 5 4 6 3 6 3 3 4 4 2 3 2 7 4 5 3 6 7 5 2 2 5 6 2 3 2 4 4 4 4 7 3 7 0 7 6 4 7 5 7 3 7 7 2 2 5 3 7 5 6 2 6 5 4 4 7 7 7 3 4 7 3 7 2 6 4 6 5 5 6 6 3 3 6 7 3 7 2 7 7 2 4 6 7 6 4 7 5 4 5 4 2 2 3 3 7 6 5 3 3 7 7 6 3 3 6
4 6 7 6 5 7 4 7 6 6 2 5 6 4 2 5 7 2 3 7 4 7 3 3 4 6 2 6 5 3 3 4 7 7 6 6 4 2 6 2 2 3 5 6 3 6 7 6 2 6 6 4 4 3 5 2 3 3 3 2 7 7 4 5 6 7 6 3 2 3 6 2 6 2 3 5 3 6 4 3 7 3 3 4 3 7 5 7 3 2 7 2 7 7 3 6 4 7 7 2 2 2 5 5 5 4 4 2 2 4 4 6 6 2 5 7 2 3 3 6 7 2 7 2 2 4 3 6 5 4 6 6 6 2 2 7 3 5 6 3 5 5 4 6 5 2 6 3 6 7 6 3 5 6 3 2 5 7 6 6 4 4 5 6 6 5 3 5 3 4 4 6 4 6 5 6 3 3 2 4 4 6 5 4 3 6 4 6 4 6 4 6 7 4 2 6 7 5 3 5
4 5 7 2 2 3 5 5 2 6 5 4 6 5 5 7 7 6 3 7 2 6 5 4 4 6 4 4 6 3 5 2 5 3 5 5 4 7 4 7 7 3 3 2 3 4 6 6 2 3 2 4 4 4 2 4 5 6 7 5 7 6 7 6 4 3 7 4 4 4 5 7 3 5 6 5 7 7 5 6 7 2 7 6 7 4 2 2 7 2 7 4 4 7 4 7 6 5 6 5 6 2 4 6 6 2 7 7 3 2 7 5 7 3 4 3 7 3 6 6 2 6 6 5 3 5 3 2 7 4 6 5 3 6 2 3 5 6 3 7 5 5 6 3 3 5 5 2 7 6 6 2 6 7 7 6 3 6 7 7 2 3 5 3 5 6 3 6 5 2 5 5 6 4 6 4 5 4 2 6 6 6 7 6 5 2 7 6 2 7 5 3 5 2 3 6 4 7 3 6
5 2 4 3 7 6 6 3 3 3 2 7 7 4 7 2 6 7 2 2 7 6 4 5 4 6 2 3 7 3 6 4 5 7 3 4 4 5 4 6 4 4 3 7 5 2 5 7 3 6 2 6 6 3 0 7 6 6 7 2 5 3 3 4 5 4 6 2 5 6 7 4 6 7 6 5 4 5 7 3 2 5 4 3 4 2 3 7 5 2 5 2 5 5 7 7 5 6 4 2 6 5 6 6 4 6 7 3 3 3 3 7 6 7 4 5 3 5 6 7 7 7 6 6 7 5 4 6 3 5 6 7 2 3 7 6 6 7 2 7 7 4 7 3 2 4 2 6 3 5 2 3 6 3 6 5 3 3 5 6 3 7 3 7 4 4 3 3 2 5 7 2 7 3 4 2 6 2 7 6 2 7 3 3 5 6 6 4 3 7 3 4 2 4 4 2 6 4 4 6
6 6 3 3 7 5 3 3 0 5 7 6 3 7 7 6 2 7 5 6 7 5 7 6 4 7 4 7 2 2 5 5 4 6 5 3 7 6 4 5 2 7 6 2 5 2 7 3 6 2 3 5 7 6 6 4 2 2 5 7 4 2 5 2 4 4 4 3 2 4 2 5 4 7 4 6 6 4 5 4 7 2 4 4 3 7 5 3 4 4 3 4 4 4 3 3 2 5 7 4 7 3 4 6 4 5 2 4 2 7 3 4 5 7 6 4 2 4 5 6 3 7 7 3 5 7 3 6 2 2 3 5 4 5 4 7 6 6 3 6 5 4 7 7 6 2 3 6 4 6 5 6 4 2 4 4 3 2 7 5 4 2 5 4 3 4 7 3 7 6 3 7 5 3 5 7 6 3 3 5 3 6 7 2 2 2 6 6 5 4 4 4 4 3 3 3 5 6 4 3
5 5 5 5 6 3 3 7 2 5 3 6 6 6 7 7 5 7 5 4 2 3 6 5 4 7 3 5 7 2 5 7 4 2 5 3 4 7 5 6 2 4 7 6 7 4 2 6 2 3 2 2 6 2 6 5 3 6 3 3 5 5 3 4 5 5 7 7 2 5 5 2 2 5 6 6 2 3 7 3 7 5 7 3 7 7 6 3 2 7 7 3 6 3 4 6 7 4 6 5 2 4 4 5 4 5 6 4 5 3 4 5 5 3 7 4 5 6 7 4 3 1 2 5 6 3 4 2 7 5 3 5 4 3 2 6 6 7 5 4 7 6 7 4 5 3 7 5 3 6 2 3 7 6 6 5 2 6 4 6 7 7 3 3 6 7 6 5 2 5 7 7 6 5 2 2 4 3 7 7 3 5 5 5 6 2 3 3 5 2 7 3 3 3 7 7 2 6 3 2
6 6 5 6 4 2 2 4 3 7 5 2 3 2 6 5 7 6 6 7 7 3 5 6 4 4 6 3 4 7 5 5 3 7 4 7 3 2 5 7 2 4 6 6 4 3 3 3 7 6 6 7 6 7 4 7 6 3 2 7 5 2 7 7 7 4 5 2 2 3 4 6 5 4 2 5 4 4 3 3 3 6 3 5 6 4 5 2 5 5 4 4 4 4 7 7 2 6 3 3 3 4 3 2 7 7 4 2 6 5 2 4 2 5 7 3 4 4 2 7 3 4 5 6 6 2 5 2 7 6 5 5 7 3 3 4 2 2 2 4 6 2 2 3 2 2 2 2 2 4 4 7 2 5 6 7 7 6 5 6 6 5 7 6 7 2 4 7 3 4 6 7 4 4 3 6 6 4 5 3 7 6 3 0 5 5 4 7 6 3 6 5 2 5 2 5 7 7 6 2
4 4 2 4 3 6 6 4 5 7 2 5 5 7 6 3 2 3 3 3 6 6 6 6 2 4 7 5 6 7 4 2 2 6 5 2 5 5 3 2 4 5 7 7 6 5 4 6 3 3 2 7 5 7 6 2 3 2 7 2 7 6 5 7 4 2 5 3 4 2 2 5 6 5 5 4 6 3 5 5 2 6 6 6 2 7 3 6 6 7 3 2 3 4 7 3 2 5 2 6 5 3 6 3 6 6 4 2 4 5 6 3 7 2 4 5 4 4 5 3 2 3 4 2 4 7 2 4 6 6 5 6 2 7 5 2 6 5 5 3 5 3 6 3 2 3 4 2 7 5 3 5 4 2 4 7 3 2 7 5 2 4 6 2 4 5 3 2 7 6 6 6 5 6 3 7 4 3 3 7 4 6 6 7 5 7 4 3 4 4 2 7 2 3 0 3 3 7 4 2
4 4 2 7 3 7 2 7 5 6 4 3 4 3 7 6 3 7 2 7 4 7 5 2 3 5 7 5 4 7 6 7 5 7 7 3 3 2 6 6 7 6 4 7 5 5 4 5 2 3 5 7 5 2 5 6 4 3 5 2 6 7 5 4 6 5 4 6 7 3 7 3 4 2 5 6 4 6 6 5 5 6 5 3 6 6 2 5 4 4 6 6 6 2 4 3 6 4 3 4 7 5 2 6 6 2 5 2 7 4 4 2 6 2 4 2 7 4 5 5 4 4 3 7 2 2 4 2 6 7 5 4 5 6 2 3 4 4 6 3 3 4 5 5 4 2 4 5 5 5 4 3 7 5 3 6 2 5 3 7 2 3 6 2 4 6 3 2 2 7 7 3 1 4 4 4 4 3 6 7 3 4 5 5 7 2 5 2 2 4 7 3 7 4 7 6 6 6 5 7
0 2 3 3 7 7 4 6 6 6 2 4 6 6 4 3 5 2 2 3 4 7 4 3 2 4 6 2 5 7 7 4 3 7 2 6 4 2 3 7 6 6 3 2 3 3 3 3 4 5 2 2 6 6 7 3 3 4 3 5 7 4 2 7 6 4 7 3 4 7 6 7 3 7 4 4 5 5 6 6 4 2 7 5 6 6 5 3 2 6 7 3 7 7 3 6 5 2 4 7 5 4 5 5 5 4 2 2 4 3 6 4 5 4 6 2 2 2 7 6 7 3 2 5 4 5 7 6 3 7 5 5 7 3 2 3 5 4 5 6 5 5 3 5 5 4 7 7 6 3 5 3 4 3 3 7 7 7 3 4 4 5 5 3 6 3 4 6 6 4 4 2 3 3 5 7 5 4 7 3 4 3 3 4 7 3 6 7 2 7 5 3 3 5 6 3 6 3 7 4
4 3 6 6 4 5 3 3 4 3 3 5 4 4 6 7 7 4 6 5 7 2 6 2 3 3 3 3 6 5 3 7 4 3 2 3 3 7 6 4 4 3 4 2 4 5 2 7 3 4 3 5 2 3 4 7 3 7 5 3 2 3 6 5 7 4 4 4 2 2 7 3 3 6 2 3 2 2 5 6 6 5 7 7 5 2 2 7 6 5 4 2 3 6 6 3 7 6 7 3 6 4 6 4 5 6 5 7 3 6 7 5 4 5 7 5 6 3 3 4 4 3 6 2 3 4 7 5 0 4 2 7 7 6 6 5 7 3 3 6 2 5 7 3 3 2 7 2 4 3 5 3 5 2 4 2 5 5 5 7 2 2 2 6 2 6 4 6 3 5 5 3 5 3 4 4 4 2 6 2 6 2 2 5 2 6 4 7 3 5 4 3 7 2 4 5 6 5 5 3
7 6 5 6 4 2 7 7 6 2 3 6 3 5 2 6 5 6 4 2 3 5 3 3 7 3 5 4 4 6 6 3 7 5 6 6 6 3 6 5 3 4 3 4 7 6 6 6 6 4 3 5 6 7 7 6 5 2 5 3 6 3 4 2 3 2 5 4 4 4 2 4 3 6 7 4 5 2 5 3 6 4 6 2 4 2 3 5 7 6 7 5 6 7 7 5 5 4 4 7 5 5 4 7 2 7 5 5 2 6 7 2 4 2 6 2 3 2 2 6 2 3 3 5 7 2 2 2 7 2 5 3 2 4 7 6 4 7 4 5 5 4 6 5 3 6 3 3 7 4 3 2 3 7 7 2 6 2 7 3 5 5 3 4 3 6 6 3 3 3 4 6 3 2 2 7 5 5 2 5 6 3 5 2 2 0 6 4 6 3 7 7 6 7 7 6 2 6 5 5
6 2 7 2 5 6 3 4 7 3 3 2 4 6 7 7 5 3 7 2 6 5 2 5 6 5 3 4 2 2 6 6 4 7 4 2 6 2 7 2 2 7 5 2 6 2 3 3 4 7 4 3 5 2 7 4 7 2 3 6 7 2 2 5 2 2 3 4 6 5 5 6 6 3 3 7 3 4 3 5 6 4 5 3 2 4 6 4 2 7 7 5 1 7 2 3 7 7 4 4 6 5 2 2 4 2 5 6 4 2 7 7 7 6 7 5 4 6 2 5 3 2 2 4 7 5 5 5 3 7 3 7 6 2 6 2 5 4 7 2 6 5 2 5 6 3 5 3 2 5 4 6 2 3 5 3 2 6 5 2 7 3 3 5 2 6 4 7 5 3 6 2 7 7 6 6 3 5 7 5 2 3 3 3 6 4 3 4 2 2 2 4 3 2 6 4 6 3 6 7
2 6 7 7 7 3 7 6 7 4 3 7 2 7 5 2 5 4 4 4 5 4 6 7 6 3 6 4 6 2 5 5 7 3 2 5 4 2 7 5 4 4 6 6 4 6 7 7 3 4 5 3 2 6 6 7 7 7 3 4 3 5 7 3 5 6 2 2 4 4 2 3 5 4 5 5 6 7 6 7 2 5 6 5 5 2 3 7 4 4 7 5 5 7 2 7 6 5 3 4 6 3 3 4 3 7 2 7 2 7 5 3 3 2 4 7 2 6 2 6 4 6 6 6 3 3 4 2 6 5 7 5 7 2 4 2 5 6 3 0 7 5 4 6 7 2 7 7 4 6 5 2 2 5 4 6 2 6 2 4 4 7 6 3 5 3 4 5 4 2 6 5 6 5 3 2 4 6 7 4 5 3 7 7 7 7 3 7 4 6 4 2 2 3 2 6 3 3 4 3
7 4 3 2 4 7 4 7 3 3 7 5 6 2 6 2 2 2 5 5 6 5 4 7 7 4 6 7 5 5 5 5 2 2 2 5 3 2 3 2 3 7 7 7 6 2 3 7 5 4 2 4 2 7 4 6 5 5 3 3 2 3 7 4 6 6 2 3 2 6 6 3 2 2 5 6 3 5 5 5 4 2 4 4 5 7 4 5 7 5 4 7 3 5 3 6 2 5 7 5 4 4 2 5 4 7 7 4 3 5 4 2 3 2 5 6 2 2 3 4 1 3 3 5 3 2 4 3 3 4 4 6 3 4 4 6 6 2 5 4 5 4 4 4 4 6 2 6 5 2 2 4 6 2 6 4 2 3 2 2 3 5 7 5 5 4 3 3 7 7 2 6 4 2 2 7 4 4 3 6 3 2 5 5 4 2 4 7 7 4 2 4 6 6 3 2 6 2 6 4
2 2 7 3 6 3 4 7 2 3 7 3 7 2 7 5 7 4 2 2 3 4 3 4 4 5 6 2 3 5 4 3 3 5 4 3 4 5 6 3 4 6 6 6 3 5 2 5 4 7 2 6 3 6 7 7 6 2 7 4 4 5 4 5 3 7 2 6 7 2 2 2 5 5 3 4 4 3 1 7 3 4 3 7 6 2 7 3 7 2 7 4 5 3 6 2 6 7 3 7 6 6 3 6 3 2 6 5 3 7 7 5 6 4 7 6 6 4 6 4 4 5 2 7 3 6 6 2 3 3 5 5 6 5 2 3 6 3 3 2 3 4 2 5 7 4 6 7 5 3 7 5 4 3 3 4 4 6 3 7 2 5 5 2 3 4 4 6 4 5 2 4 6 7 7 5 2 7 5 5 3 4 4 3 6 4 7 6 5 4 7 2 7 2 7 4 7 6 7 3
4 3 2 7 2 2 2 5 3 7 6 3 5 2 2 6 3 3 4 3 5 6 4 4 3 3 7 4 4 2 5 2 7 4 5 5 4 2 3 5 2 4 4 7 3 6 5 5 7 7 5 0 2 2 7 5 7 4 6 4 7 4 2 5 3 5 4 6 5 4 5 3 6 7 2 3 6 7 4 7 5 4 2 5 6 4 2 6 5 4 4 5 5 6 7 6 5 4 7 3 6 2 2 2 6 3 2 6 5 6 5 3 3 7 3 3 2 6 6 4 6 7 7 7 5 3 4 2 6 7 7 4 4 4 4 7 5 4 6 7 2 7 4 2 6 2 3 2 4 7 7 4 3 2 6 3 6 3 4 2 5 6 6 4 3 4 4 4 6 3 5 5 6 2 6 6 3 3 2 6 6 6 7 7 6 5 5 2 6 6 4 4 2 2 7 7 3 5 7 7
4 5 5 3 6 7 2 3 5 7 7 2 3 5 6 7 6 7 6 3 4 4 7 6 5 2 5 7 2 3 7 3 4 7 4 2 7 6 7 5 4 2 5 7 3 5 4 4 5 2 7 2 3 2 5 3 7 3 7 5 3 7 6 2 2 2 7 4 2 2 4 5 5 4 6 7 2 4 7 7 5 6 4 5 3 6 4 6 3 7 7 6 2 2 3 7 7 6 2 7 4 4 4 3 5 6 4 3 2 5 3 4 6 5 4 6 4 5 6 7 4 7 6 2 2 4 3 5 3 2 4 6 2 3 7 7 6 6 6 4 5 5 5 4 4 7 5 4 7 2 2 7 6 4 6 2 3 6 3 4 3 7 7 2 5 4 4 7 7 4 5 5 3 7 2 5 3 6 5 5 2 3 4 3 6 6 4 4 7 5 0 7 5 3 5 7 5 7 3 5
7 5 6 2 7 4 7 4 2 7 6 2 4 6 2 5 3 5 5 2 4 3 6 6 4 4 6 4 7 4 3 4 3 3 6 3 7 6 7 7 7 3 6 5 3 6 6 4 3 5 7 7 3 7 2 3 4 5 2 2 4 5 2 5 5 4 5 3 5 7 5 7 6 4 7 6 6 2 4 6 6 3 5 4 6 2 7 3 6 4 5 6 5 3 3 6 0 5 5 3 5 6 6 5 3 3 6 6 4 6 3 4 7 6 2 6 4 6 7 6 4 3 4 2 6 5 2 4 5 2 5 5 6 6 3 7 7 7 6 2 4 2 5 5 2 6 2 7 4 3 2 2 5 5 2 7 2 3 6 2 4 7 7 3 2 5 3 4 6 7 6 4 3 3 3 5 7 4 3 7 5 5 3 4 2 4 3 5 3 6 5 6 5 3 6 2 5 2 4 4
3 4 2 5 6 4 2 3 7 3 6 2 7 4 4 7 2 6 7 3 6 3 7 4 6 4 2 7 3 7 7 6 5 7 6 4 4 2 5 2 3 6 3 5 7 7 6 3 3 7 2 3 5 6 6 4 6 2 3 5 5 4 2 4 2 5 2 2 7 3 4 2 3 3 2 3 3 7 6 3 4 3 6 7 6 7 4 7 5 3 2 2 2 3 4 2 2 4 7 5 3 5 7 5 7 1 3 7 3 3 5 6 4 4 7 3 4 5 6 2 4 4 7 2 4 3 3 6 5 6 3 3 6 5 6 4 6 3 2 4 3 6 7 7 6 4 6 6 3 7 6 4 7 2 4 6 6 6 7 3 7 3 7 5 2 3 5 2 6 4 7 3 7 7 4 5 5 7 2 7 5 6 7 7 4 2 4 2 7 4 5 7 5 3 4 5 5 5 6 2
7 6 7 4 6 7 4 7 7 6 5 7 5 2 7 6 5 1 7 6 5 4 4 6 5 3 7 7 6 5 3 5 7 4 6 5 5 5 4 3 6 2 7 4 7 6 3 6 5 2 7 4 3 3 5 7 3 5 2 5 2 3 2 7 4 7 2 5 6 4 3 7 7 7 3 5 7 4 6 2 6 3 6 6 2 3 2 3 5 2 6 7 4 3 6 6 4 4 4 2 2 7 2 2 3 2 7 4 2 7 7 6 3 3 7 3 6 5 3 6 5 5 4 6 7 2 7 7 3 7 7 7 2 3 4 4 3 7 3 5 7 4 3 2 4 2 3 7 2 3 6 3 6 2 6 6 2 3 3 3 2 4 2 3 4 6 6 7 7 5 7 5 3 4 2 5 6 3 5 4 7 4 7 2 3 3 5 6 4 6 4 6 4 3 6 2 2 3 7 2
4 2 3 6 5 6 6 2 7 2 4 3 4 7 6 2 3 3 4 4 6 4 4 3 6 4 3 7 6 2 5 3 2 3 2 6 5 2 5 6 4 2 3 4 7 3 6 5 7 4 7 7 6 5 6 6 2 6 7 6 4 2 6 7 4 7 3 5 7 6 7 3 5 3 3 5 3 3 2 7 2 4 3 2 5 2 5 2 2 7 2 2 7 3 4 6 7 2 2 7 2 2 2 4 3 2 3 5 5 3 3 6 4 6 5 6 7 3 2 5 6 5 6 3 5 6 7 4 2 3 2 5 4 3 4 3 3 7 5 4 7 6 6 6 4 7 6 3 7 6 4 6 3 7 6 6 4 6 2 7 5 5 2 3 6 6 7 2 6 2 3 2 5 3 7 4 2 7 5 2 7 3 4 3 3 5 7 6 7 2 2 2 7 2 6 3 3 3 2 7
2 4 6 6 2 4 3 7 6 2 6 6 3 4 2 5 3 6 6 4 7 7 5 4 4 2 4 7 6 5 7 2 5 7 7 7 2 7 6 4 6 6 6 7 3 5 5 5 4 5 5 6 7 6 5 7 2 4 4 7 6 5 2 2 6 2 6 3 5 6 7 6 0 2 4 6 6 7 6 4 4 7 7 6 5 3 3 5 2 4 6 6 3 7 2 4 3 6 5 6 5 6 3 7 6 7 5 4 6 7 3 3 5 4 4 3 5 2 3 5 2 7 2 2 4 4 3 6 5 3 2 3 7 6 7 4 4 7 2 3 3 4 3 6 6 3 3 7 5 2 7 2 6 3 2 5 7 5 4 6 5 4 2 5 5 5 6 5 5 2 3 5 7 3 2 6 3 7 6 6 7 2 7 4 6 4 4 5 4 2 6 3 3 3 4 5 3 3 2 5
5 4 7 6 6 6 4 5 7 6 5 6 3 5 4 2 4 3 7 2 6 5 6 4 7 4 4 6 3 4 5 2 7 2 2 7 2 7 6 5 4 7 6 7 5 4 4 3 6 2 4 3 4 3 4 5 4 4 7 3 2 2 6 4 5 7 2 5 6 5 6 6 5 6 5 2 7 3 7 7 3 2 3 3 2 3 4 4 2 3 2 4 4 2 5 7 5 2 7 4 3 2 2 2 7 6 6 2 4 3 3 6 3 4 3 5 7 2 4 7 3 2 7 5 2 3 4 6 2 4 7 5 3 2 7 2 5 4 2 4 7 5 4 6 5 5 6 3 4 5 4 6 7 3 6 5 2 6 4 4 7 2 4 5 2 7 3 2 6 4 3 5 4 6 5 5 6 6 5 6 5 3 6 2 3 6 3 2 7 3 5 5 7 3 3 6 3 2 6 2
7 7 6 4 4 3 2 5 7 3 5 7 7 7 5 2 7 4 4 6 6 3 4 4 6 6 3 5 7 2 2 7 5 2 2 6 3 2 3 5 6 6 4 2 3 2 4 6 7 7 3 4 4 2 4 4 6 2 3 3 4 6 3 3 6 7 4 7 6 3 4 2 7 7 7 7 7 5 3 5 7 6 2 4 5 5 2 7 2 7 7 4 6 6 7 6 4 4 3 5 6 6 7 6 7 3 6 5 5 3 4 6 7 7 5 2 2 2 6 2 3 4 2 3 6 6 4 4 7 6 5 4 3 4 3 2 3 2 2 2 4 3 6 2 2 2 3 5 4 5 3 5 6 5 4 2 2 3 7 2 4 6 6 6 5 4 3 2 7 3 5 2 7 5 2 4 3 2 3 5 7 4 0 5 6 6 6 3 3 3 6 4 7 3 5 5 6 2 6 5
4 3 2 0 4 2 2 2 2 4 3 5 3 4 3 5 2 4 4 5 7 5 4 4 7 4 7 7 5 4 2 4 3 3 6 4 2 7 4 3 6 3 7 5 2 5 5 7 2 2 3 5 7 4 5 6 7 4 3 3 3 4 6 5 3 3 4 7 6 2 3 6 7 7 5 4 6 6 6 3 5 4 3 2 3 7 5 4 2 2 7 7 6 7 4 3 7 2 3 2 2 6 4 5 4 6 6 4 6 3 4 5 4 6 3 4 6 3 4 6 6 3 7 6 7 7 7 5 2 2 3 6 3 4 3 7 5 5 5 3 5 2 7 3 2 7 2 3 7 3 4 4 2 4 2 7 5 3 3 7 7 5 5 7 5 4 2 7 4 6 5 4 4 6 2 3 3 4 2 3 5 4 7 4 3 2 5 3 3 6 2 4 2 6 4 5 2 4 2 7
2 4 3 7 3 2 5 7 7 6 6 3 4 5 2 7 7 2 3 7 2 7 6 7 5 7 2 7 3 3 2 2 5 5 6 3 3 2 5 6 6 2 4 7 3 5 6 5 7 2 3 2 4 4 5 7 7 7 4 6 4 3 6 3 2 4 2 2 4 2 5 3 6 3 3 7 3 7 6 5 5 7 2 6 4 2 6 6 6 7 5 2 6 6 4 2 5 2 5 2 5 6 7 2 4 3 4 7 6 7 2 7 7 6 5 4 4 6 5 4 3 2 2 2 7 2 6 4 3 6 3 5 7 3 2 5 3 4 2 2 7 4 5 4 6 3 6 4 2 7 5 3 3 5 6 3 7 2 7 3 7 7 2 5 4 7 2 4 2 6 5 3 3 2 2 3 3 2 5 6 5 7 2 2 3 2 3 7 3 2 4 7 4 5 4 4 3 6 3 0
7 4 5 3 5 6 5 4 2 7 2 4 3 7 2 4 2 4 3 5 3 7 3 6 6 3 2 6 5 2 2 4 7 7 5 6 3 7 2 7 2 4 3 3 2 2 7 3 3 4 4 6 2 4 4 6 5 4 6 4 2 7 6 2 3 2 3 6 5 4 6 6 5 7 2 4 4 6 2 4 5 6 6 4 6 3 5 3 2 6 7 3 2 3 2 2 7 2 6 2 3 2 2 7 3 5 7 4 5 3 5 4 2 3 7 2 6 2 5 7 4 4 5 5 5 2 2 5 5 4 5 6 2 6 4 3 6 5 3 3 5 3 2 6 3 4 7 7 7 7 4 6 3 6 2 4 5 5 4 2 7 2 7 3 7 2 2 7 6 6 3 7 6 6 6 4 5 3 2 7 4 2 6 4 5 3 5 7 6 7 2 4 6 0 5 5 6 3 6 4
5 3 5 6 2 2 4 7 6 2 7 2 2 6 2 4 6 5 6 7 4 4 4 2 3 5 2 3 5 7 6 2 2 2 6 4 5 2 3 6 5 7 4 6 7 4 2 6 7 4 5 5 7 3 6 7 7 2 4 4 4 7 2 2 2 6 6 7 5 4 7 2 7 6 2 4 3 3 6 6 2 5 6 5 5 2 6 2 2 4 5 3 6 7 6 6 5 5 6 2 6 4 6 6 4 2 2 7 5 6 3 2 7 6 6 2 7 5 6 3 6 7 7 5 5 4 6 4 5 7 3 5 7 6 6 3 7 7 2 6 2 7 2 3 6 4 6 6 3 5 6 6 5 7 3 6 7 7 6 4 5 4 7 5 4 4 6 2 6 6 2 2 7 6 3 4 3 3 6 3 7 2 3 4 2 3 2 5 4 2 5 3 7 3 6 5 5 7 3 7
4 4 7 3 7 4 5 2 5 3 4 4 4 2 4 7 6 7 6 4 3 5 3 6 3 6 2 4 4 5 7 4 5 2 4 4 5 7 6 2 4 4 3 5 6 6 6 5 2 2 7 6 3 2 5 6 4 4 4 5 5 6 7 3 6 6 3 7 7 7 5 6 2 5 5 5 6 4 2 4 5 5 5 2 4 4 7 3 6 5 6 3 3 5 2 2 6 6 2 3 5 6 5 4 5 6 6 2 3 6 4 6 5 4 6 3 2 4 7 7 5 2 4 2 3 6 5 2 7 3 2 5 5 5 2 2 3 2 6 7 7 7 6 2 5 0 7 7 2 5 4 3 7 2 6 5 2 5 4 3 3 4 5 7 4 4 3 6 7 6 5 5 3 4 4 4 7 7 5 2 6 3 6 2 3 7 7 6 2 7 7 3 3 4 5 3 4 2 3 6
6 7 2 4 7 4 3 3 5 7 7 2 7 7 3 5 5 3 4 5 5 4 6 4 6 3 6 5 4 7 5 6 7 3 3 2 3 7 4 7 6 5 3 2 6 4 4 4 5 3 3 2 5 5 6 7 4 3 2 5 6 5 5 7 6 7 6 2 7 2 3 2 4 2 7 4 4 5 6 2 6 2 6 2 2 2 2 6 4 3 5 5 4 2 7 3 6 4 5 2 2 6 7 2 2 4 7 3 5 4 7 7 4 6 5 4 5 2 2 2 7 7 6 3 7 5 5 5 7 7 4 5 4 5 5 3 6 4 3 2 6 4 4 6 7 7 5 3 3 3 2 5 5 3 2 7 6 6 4 2 5 7 2 2 2 6 4 6 6 3 6 6 5 3 4 6 5 2 3 3 4 3 6 4 5 4 3 7 2 2 7 6 3 7 2 6 3 3 2 6
4 5 3 5 6 2 2 5 5 3 5 4 3 2 7 5 6 5 4 5 4 6 6 7 3 2 4 7 4 4 6 0 4 7 2 6 4 5 7 4 7 3 6 4 6 7 3 6 4 4 5 5 4 4 3 2 5 6 5 2 4 4 6 7 6 3 2 2 6 4 5 2 2 2 4 6 4 3 6 4 2 7 5 5 4 2 7 4 2 3 6 2 2 6 4 2 2 3 4 6 4 3 2 3 3 4 5 2 4 3 2 2 3 5 7 2 4 3 6 2 5 7 6 6 6 2 5 2 3 6 5 6 6 5 7 7 4 2 7 5 7 6 7 5 3 7 3 2 3 5 7 5 4 4 2 7 4 4 3 3 3 6 3 2 2 6 5 5 3 7 3 6 5 5 4 7 2 6 5 2 2 6 2 6 4 4 2 7 2 7 7 7 4 7 5 6 5 7 6 2
2 6 3 6 4 4 4 4 2 3 4 3 2 4 5 3 5 7 3 5 4 5 2 7 5 2 6 7 4 5 4 7 2 6 7 4 7 2 3 4 6 2 3 5 4 3 6 7 4 7 5 6 6 5 6 7 6 4 2 2 4 2 2 5 2 5 6 7 5 3 6 4 7 3 5 4 3 2 2 2 3 4 5 0 2 5 5 5 7 4 3 6 2 3 2 7 5 3 2 2 4 7 3 2 6 7 6 7 5 5 3 6 7 4 4 2 6 6 3 6 2 6 6 4 5 7 3 6 5 4 2 3 4 3 5 3 3 6 2 6 7 3 6 4 3 2 6 7 3 5 7 2 5 2 5 4 2 6 6 2 3 7 7 2 7 6 7 4 2 7 7 4 3 7 6 4 5 6 5 2 2 6 6 6 5 2 3 3 7 2 2 5 3 6 7 5 3 7 2 5
3 2 7 3 5 7 7 5 5 5 6 6 7 6 6 4 2 6 3 5 4 7 5 4 6 3 3 2 6 4 7 4 5 6 3 7 3 6 5 6 6 6 2 6 6 6 5 6 3 4 3 6 5 3 4 2 2 3 7 2 3 2 2 2 6 3 7 6 3 4 6 5 7 7 7 7 6 5 2 3 5 6 4 4 7 3 5 3 4 5 0 5 2 2 7 5 6 5 6 5 4 5 6 7 4 2 7 2 7 3 2 2 2 5 3 5 4 4 3 5 5 7 4 7 2 3 6 7 6 6 7 5 2 2 4 4 5 7 7 4 5 5 3 7 6 2 4 3 3 6 2 3 4 6 2 4 5 7 5 6 6 4 2 5 5 4 2 5 2 6 7 2 6 3 3 4 2 6 5 4 4 3 6 6 5 3 3 3 5 5 7 6 2 6 2 4 5 7 4 7
3 7 2 4 5 7 4 4 3 6 3 6 3 3 7 5 5 2 6 7 7 0 4 4 2 3 3 6 7 6 6 5 5 3 5 7 4 3 7 7 3 7 3 5 3 4 3 6 6 3 4 5 2 4 2 2 6 3 6 3 2 6 6 7 3 4 3 4 7 6 3 5 2 3 6 7 3 2 2 3 3 6 3 3 3 5 3 6 7 6 6 3 7 6 4 3 2 7 4 4 4 5 7 3 4 4 2 3 4 6 5 5 2 6 7 5 2 7 7 3 4 4 6 6 6 6 7 4 5 7 7 3 3 4 4 2 6 3 5 2 6 4 4 6 2 5 6 6 2 5 2 5 5 3 5 7 4 2 2 2 6 3 3 5 5 6 2 7 7 5 2 5 4 4 5 6 4 2 4 7 5 3 7 5 5 7 5 2 7 4 3 7 6 4 7 2 5 5 7 4
5 6 2 4 3 2 2 2 2 5 7 4 7 4 7 3 3 7 2 2 5 4 5 6 5 2 4 4 2 7 6 3 7 6 5 6 6 6 6 4 7 3 2 2 3 6 4 7 4 2 5 6 1 4 3 5 2 5 5 3 4 5 4 6 4 4 6 5 3 4 6 6 7 5 3 7 2 4 5 4 4 2 2 6 6 5 6 5 5 6 5 4 4 5 7 7 4 6 7 3 3 7 7 6 7 5 3 2 2 3 3 4 4 4 5 2 6 5 7 3 6 7 3 5 3 4 6 6 2 5 3 7 5 4 6 6 5 2 5 7 7 6 5 6 5 5 2 6 2 5 4 7 2 7 6 4 6 4 2 2 7 5 4 2 3 2 2 5 3 5 2 4 5 6 4 4 3 4 2 5 6 7 3 7 7 6 2 4 5 4 2 6 6 3 6 7 4 4 2 7
6 2 6 7 4 3 2 3 3 2 5 5 4 6 5 3 4 4 3 0 2 6 4 6 3 2 7 7 2 3 3 2 7 7 5 2 3 7 7 6 5 2 6 7 6 6 2 5 3 7 4 4 6 3 7 2 4 5 2 4 5 7 5 4 2 6 7 2 4 6 4 2 6 6 4 5 3 7 2 5 2 4 6 6 2 4 4 3 3 6 2 4 5 2 3 2 3 6 3 6 2 3 6 3 3 2 7 7 7 7 3 7 7 5 6 2 5 4 7 6 7 2 5 6 6 4 2 6 7 6 4 2 3 2 3 4 3 7 3 3 7 3 2 6 2 7 3 2 4 4 5 6 6 3 6 4 4 5 3 6 4 3 6 3 7 5 5 5 2 7 4 6 5 3 3 4 2 6 2 7 6 5 2 3 4 2 3 2 5 6 7 2 5 7 7 6 6 2 2 7
7 6 2 4 4 5 5 6 3 3 5 7 7 3 5 4 2 7 2 3 4 5 7 4 2 5 6 6 7 7 7 3 4 2 5 7 4 7 4 2 4 3 5 2 5 2 6 5 3 2 3 4 5 3 4 5 5 5 7 2 2 4 7 3 6 3 5 3 6 3 2 2 4 4 3 2 6 3 6 2 4 3 7 3 3 5 5 4 7 5 5 4 6 4 3 3 4 2 7 3 5 7 4 6 6 7 2 6 6 6 6 2 5 4 0 6 2 2 6 7 2 3 3 7 4 4 2 7 5 5 4 2 3 6 5 6 5 7 2 2 5 4 5 5 7 2 5 4 4 4 3 5 2 6 6 5 3 2 3 7 2 6 4 2 3 7 7 3 4 3 2 7 2 5 2 4 4 3 4 7 5 2 5 5 2 4 7 6 7 4 2 5 6 2 4 4 2 3 3 2
6 6 5 3 7 3 3 4 2 5 5 5 5 2 2 4 5 3 5 3 4 5 7 2 7 7 5 7 6 7 2 4 6 7 4 2 5 5 2 2 3 6 3 4 7 3 7 6 5 5 4 4 6 2 5 3 3 7 5 5 2 5 5 2 6 6 7 5 7 7 5 7 3 5 5 7 6 4 7 7 3 7 7 5 6 7 3 7 6 7 7 6 5 2 2 3 3 7 4 2 4 3 7 2 6 5 4 5 6 7 7 2 2 5 2 3 4 5 7 4 6 3 6 6 6 7 4 2 5 2 5 6 4 4 3 3 4 2 2 4 6 7 7 3 7 5 7 6 6 5 4 2 3 6 6 6 7 5 3 7 6 2 4 6 3 7 5 7 6 6 5 7 5 7 7 3 7 7 7 6 2 7 7 4 7 7 2 5 7 4 7 2 4 6 6 6 4 6 2 2
4 7 5 7 4 2 2 2 2 3 0 6 3 4 6 6 5 3 6 7 2 7 7 4 4 7 6 7 4 4 6 5 7 2 5 6 4 2 3 4 3 5 3 5 5 6 2 4 7 5 6 3 2 2 3 6 5 3 5 6 4 2 4 2 4 3 6 5 5 7 4 6 6 2 2 2 5 6 3 3 2 7 5 3 5 3 6 5 5 4 6 7 2 7 6 2 4 7 2 5 6 2 6 4 2 3 6 6 5 5 5 4 3 5 5 2 6 2 6 2 7 5 5 6 2 4 4 3 2 5 2 7 4 5 7 3 3 5 7 3 3 7 5 6 7 2 7 5 6 6 2 7 4 7 6 7 6 4 6 7 4 6 5 7 3 3 3 7 3 3 3 2 2 4 7 2 6 7 7 5 5 4 2 4 3 6 4 2 5 6 6 7 2 4 3 4 2 6 4 7
4 3 3 3 2 2 5 6 3 2 4 2 5 3 2 4 3 4 5 6 5 3 4 6 4 6 7 1 6 2 5 6 7 3 6 4 3 6 5 4 4 7 3 6 5 7 3 6 2 5 5 5 4 7 5 4 2 5 2 5 3 2 7 5 7 7 6 6 2 4 3 2 3 7 3 7 4 2 6 6 5 5 6 6 5 5 4 6 4 5 2 3 7 2 3 2 5 3 3 6 3 5 3 2 3 7 5 5 5 2 3 4 2 7 3 6 2 3 5 7 3 3 2 7 2 5 2 3 7 5 3 5 2 2 2 2 6 7 5 5 4 5 3 4 3 4 3 5 6 6 2 7 7 4 2 4 6 6 2 6 2 3 7 4 3 3 5 3 4 4 6 5 4 2 5 4 6 3 4 3 4 2 3 4 7 7 2 6 3 3 2 2 4 7 7 3 7 6 3 4
2 2 4 3 2 4 4 7 7 4 7 2 7 3 2 3 4 6 4 6 5 5 3 3 5 6 6 6 2 4 3 2 3 7 2 3 7 6 3 7 3 4 3 7 6 3 5 7 2 6 2 6 5 7 4 7 5 7 2 3 4 4 7 3 4 4 3 7 5 3 4 3 3 7 7 4 5 6 2 7 5 6 7 5 4 7 4 3 4 4 3 5 7 7 2 3 5 6 2 7 2 5 4 3 4 6 3 3 3 7 6 3 7 2 6 5 6 6 6 3 6 5 3 5 2 6 6 6 5 3 6 6 2 2 4 5 6 3 5 2 7 3 7 6 7 7 2 4 7 3 3 5 2 3 3 2 5 2 5 5 6 3 4 3 4 4 7 3 5 7 7 4 3 3 7 2 3 6 3 2 4 5 5 5 5 7 5 7 2 2 3 4 7 4 7 5 2 4 5 3
7 6 2 5 4 4 7 3 6 4 4 2 7 5 3 6 3 2 7 3 3 5 6 7 2 6 5 3 4 6 7 5 4 5 3 4 4 2 2 7 2 6 2 5 4 2 2 6 7 3 2 5 3 6 6 4 3 4 4 4 4 2 6 3 2 3 6 4 5 2 2 4 4 4 2 3 4 6 7 2 4 7 4 2 3 3 2 4 5 3 3 7 5 7 3 4 4 6 3 2 7 3 7 6 3 2 6 7 2 6 7 4 4 4 5 2 5 3 6 4 7 5 2 5 4 2 5 3 4 5 7 7 6 3 4 4 3 6 7 3 7 2 7 5 4 5 5 2 4 5 4 7 2 3 3 5 3 3 5 5 5 2 6 4 6 7 2 7 3 2 2 0 6 5 3 6 7 2 5 2 3 6 3 2 2 5 4 3 5 3 7 2 5 6 3 6 5 7 4 6
5 5 6 5 6 3 3 7 5 7 2 6 7 4 2 3 4 7 6 3 2 7 3 3 2 4 2 2 7 2 7 4 7 6 5 4 4 7 6 3 7 3 6 2 6 4 5 3 6 7 4 5 3 5 2 3 3 7 2 5 2 6 7 7 5 4 7 6 4 3 2 3 6 5 4 2 5 3 7 7 6 4 5 3 3 2 7 2 4 7 3 5 6 5 3 3 3 3 4 6 4 3 4 5 6 5 2 7 6 2 5 2 6 7 4 6 5 6 5 7 7 2 7 6 4 7 2 3 7 4 6 5 5 6 5 3 7 5 4 6 5 4 3 7 6 7 7 4 3 3 7 6 7 6 3 5 5 3 7 5 7 7 6 7 6 5 5 2 4 4 3 2 3 3 6 7 3 7 6 3 7 6 4 5 5 4 2 3 6 6 3 5 2 6 6 6 4 5 3 5
7 6 2 3 7 5 3 7 3 3 5 2 3 4 7 7 5 5 7 2 5 6 4 6 3 2 2 3 7 2 4 2 2 7 6 4 7 3 4 2 3 6 3 7 3 5 2 6 4 5 5 3 5 4 3 4 7 6 7 3 7 4 7 6 7 2 3 2 4 5 3 5 5 3 2 7 3 3 7 4 4 2 5 7 6 4 6 7 2 2 7 6 3 3 4 7 7 5 3 2 7 6 4 7 2 5 5 5 4 6 6 3 2 7 7 4 4 3 2 5 5 6 6 7 6 5 3 7 3 7 7 4 7 6 4 5 6 2 4 6 2 7 7 3 4 7 5 7 4 2 7 7 2 5 2 5 4 3 5 6 6 6 7 7 6 5 4 2 3 7 4 6 3 6 5 2 2 0 3 2 6 2 6 6 4 2 7 4 3 4 6 6 6 2 5 7 4 4 2 5
7 7 4 6 3 4 7 7 5 2 5 4 6 7 7 5 5 5 7 5 6 5 6 4 3 4 4 6 3 5 7 7 6 6 4 3 2 6 2 4 1 3 6 5 6 3 7 4 6 4 6 7 4 5 5 2 2 6 3 4 6 5 2 3 4 6 3 5 6 4 5 6 7 3 2 6 4 2 7 4 5 5 5 6 4 7 2 5 4 7 3 6 3 4 4 7 5 7 3 4 3 5 3 5 6 5 3 6 4 3 4 3 3 2 3 4 2 5 5 7 5 3 7 2 6 5 3 2 3 7 2 4 6 6 2 6 5 6 2 4 6 4 2 5 5 7 6 6 2 2 3 2 6 2 2 6 5 4 2 4 3 5 4 6 4 5 7 5 5 5 3 2 3 3 2 7 2 5 7 7 2 7 2 4 7 4 2 6 6 6 6 5 7 2 6 6 2 7 2 6
6 5 4 2 6 6 3 5 2 2 5 4 4 5 7 4 7 5 4 4 4 6 5 2 5 7 6 2 6 4 5 7 7 2 4 5 3 3 6 4 4 3 4 5 4 0 5 5 5 6 5 3 2 2 6 7 3 5 7 3 2 6 7 2 5 4 6 2 2 5 7 2 6 5 7 6 2 5 5 7 5 3 5 5 2 7 4 4 6 2 3 4 4 4 5 6 6 5 7 7 7 4 6 5 5 6 6 3 2 3 7 7 2 2 7 2 4 2 4 7 7 2 4 4 7 3 4 5 2 2 5 7 5 3 5 4 3 5 7 3 7 5 6 4 3 4 5 6 4 5 7 4 3 3 7 4 3 3 5 4 7 5 7 2 2 7 3 4 6 5 3 7 4 3 6 3 5 5 3 6 6 3 2 7 3 7 3 7 7 2 2 5 2 3 7 4 6 6 6 5
4 5 7 2 3 5 6 4 2 5 3 7 5 5 5 2 4 5 4 2 2 2 5 2 6 3 7 7 7 3 5 5 5 6 2 5 3 2 4 3 4 2 7 2 5 3 6 2 2 6 4 7 2 3 2 7 4 7 3 3 4 2 4 5 3 3 3 3 7 7 3 7 4 6 2 7 3 6 5 7 4 3 5 6 3 7 7 2 7 6 4 4 5 3 2 3 2 7 5 6 3 5 6 7 3 6 6 6 4 5 6 7 5 4 2 2 7 6 3 7 7 7 4 2 2 2 5 7 6 3 4 2 6 2 6 2 4 4 5 6 3 5 5 3 7 3 7 7 6 7 6 7 7 3 4 3 7 4 4 2 6 2 3 5 5 6 2 5 6 7 3 6 5 7 7 3 5 4 7 3 3 7 6 4 6 7 6 4 3 4 7 7 2 3 5 6 3 7 3 7
3 2 2 6 2 3 2 7 6 4 3 2 5 4 3 4 7 4 3 2 4 6 4 3 4 4 6 5 6 5 4 7 7 7 3 7 6 5 2 5 2 4 7 6 4 4 6 7 5 3 7 2 7 3 3 5 2 5 2 3 2 3 2 4 4 4 5 4 4 2 3 4 2 5 7 2 7 3 6 5 6 2 4 2 4 7 5 6 0 5 7 7 7 3 4 4 3 6 2 4 5 2 4 5 3 5 2 4 6 3 2 3 3 4 3 4 5 7 5 5 4 3 4 4 2 2 7 6 3 4 6 2 2 6 6 4 4 4 6 2 7 2 5 3 4 6 6 6 2 3 5 6 4 2 2 5 2 7 6 2 4 2 6 5 5 7 4 6 3 3 5 2 2 7 7 4 6 6 6 4 7 5 7 6 3 3 6 7 2 4 6 4 2 7 3 2 2 7 5 6
7 6 7 2 7 7 6 5 3 4 4 4 6 4 3 2 5 5 4 4 5 3 3 6 3 4 5 2 3 6 7 6 5 2 3 3 3 7 3 6 6 4 2 3 7 4 3 6 7 2 4 3 2 6 2 6 4 3 4 4 6 6 3 2 3 7 6 4 7 2 3 5 6 2 4 2 6 3 7 4 3 3 5 2 2 4 7 5 3 4 4 6 5 4 5 5 2 5 2 4 7 2 3 4 4 6 6 4 3 7 3 5 4 5 5 7 2 2 3 5 5 7 3 4 5 2 3 6 3 4 5 5 7 4 4 5 5 7 4 2 5 7 2 5 5 5 4 0 5 4 5 2 6 7 4 4 3 6 3 4 5 2 2 6 4 7 6 5 7 4 7 7 6 6 6 3 7 4 6 5 5 2 7 4 6 7 7 5 6 5 6 6 6 4 5 5 3 6 3 7
4 6 3 3 3 6 5 3 2 4 7 4 7 6 3 4 7 3 7 2 6 3 7 2 5 4 4 6 6 6 3 5 7 7 3 5 3 6 4 6 4 7 6 3 2 2 3 3 4 2 6 4 3 4 6 7 3 6 6 5 3 6 3 6 6 3 3 4 2 6 6 2 5 6 5 7 2 5 3 4 5 3 3 3 5 5 7 2 6 3 6 3 6 5 7 5 5 3 4 6 3 2 5 3 3 6 2 5 7 4 6 5 7 2 3 4 4 4 3 6 5 7 5 4 6 4 3 5 5 3 3 7 2 7 7 3 3 5 0 2 4 7 3 2 2 3 4 6 6 3 4 5 7 3 4 4 2 3 7 2 5 2 5 2 3 2 7 7 3 2 5 2 4 3 4 3 5 6 4 4 5 4 4 4 5 2 3 2 6 2 5 7 2 5 2 6 4 2 5 4
3 5 2 7 3 7 5 7 7 3 4 3 6 2 2 3 5 6 4 7 7 4 2 6 7 2 5 6 2 7 7 3 2 7 6 6 4 5 4 2 5 2 6 3 5 7 2 3 4 6 7 5 5 5 5 7 5 5 7 5 5 5 6 6 3 6 5 5 2 7 2 5 7 5 3 6 4 5 6 7 3 3 7 7 5 3 5 6 4 2 7 2 5 5 7 6 7 4 3 7 6 2 7 5 3 6 3 5 5 3 7 3 3 2 2 6 5 6 2 7 3 5 5 3 2 3 5 7 4 2 4 2 4 7 3 4 5 3 7 3 3 5 4 5 6 3 3 3 6 2 7 3 3 5 6 2 7 6 7 3 3 3 6 3 3 6 5 7 7 3 3 6 3 7 3 2 4 6 4 6 4 7 6 4 0 6 6 6 5 6 2 4 7 3 4 3 3 7 4 2
7 2 3 6 7 4 3 7 6 2 6 6 3 7 6 7 3 4 7 7 6 7 5 3 2 2 6 6 7 5 4 7 7 6 7 2 2 3 3 4 3 7 4 2 7 2 5 4 5 6 2 5 2 2 2 4 3 0 4 5 7 5 4 3 3 6 7 7 7 5 3 4 3 6 3 6 2 4 6 6 6 7 3 3 4 4 6 4 3 3 5 3 2 6 2 3 4 6 3 3 3 5 5 2 3 3 2 3 4 5 6 2 5 5 7 5 7 4 3 4 6 4 6 3 2 3 7 7 5 5 2 7 3 6 7 6 6 5 5 5 5 7 5 3 2 6 3 7 4 6 3 7 4 5 7 4 6 2 7 6 4 3 7 4 3 7 7 5 2 4 4 4 6 5 3 5 3 2 4 5 2 7 3 5 7 4 7 7 5 2 4 3 2 2 2 6 2 6 3 2
5 6 2 3 5 2 2 6 3 6 7 2 4 2 2 4 2 5 3 3 7 7 3 3 6 7 2 7 3 2 6 2 5 4 3 3 2 6 3 5 5 7 5 6 7 7 6 3 4 4 2 4 6 4 5 3 7 3 4 7 5 5 7 7 2 7 2 2 2 2 2 5 3 7 3 7 7 4 7 6 6 6 3 2 2 6 2 4 4 7 5 5 3 4 7 5 6 5 7 4 4 3 6 7 2 7 4 3 4 6 4 3 7 2 3 7 5 5 5 3 5 7 6 6 3 3 2 6 7 7 2 6 2 3 2 7 5 4 7 3 6 3 3 5 3 7 5 5 4 6 3 2 5 3 7 7 2 6 2 7 4 6 6 3 6 6 4 3 7 4 4 4 4 3 2 7 5 5 6 7 6 3 3 7 3 2 4 5 4 7 4 3 7 2 6 4 7 4 3 3
2 6 5 3 4 6 7 3 2 2 3 3 7 2 6 7 4 4 3 6 7 6 7 5 5 6 2 6 4 4 7 6 4 6 2 4 7 3 2 6 3 6 4 2 3 4 7 7 4 5 5 4 4 7 5 2 4 2 3 5 7 6 3 4 7 4 3 4 7 3 6 5 5 4 6 5 7 2 5 3 5 6 3 4 2 3 6 5 5 3 7 7 7 5 5 4 6 7 2 7 4 5 6 6 5 4 2 6 6 3 7 2 5 2 5 6 4 2 3 4 2 6 4 6 3 7 7 2 3 4 5 5 4 7 7 4 4 5 7 4 7 6 3 4 3 5 3 2 4 2 7 3 5 3 3 7 4 3 4 2 2 3 2 3 6 4 6 4 5 5 3 7 7 4 6 4 4 3 5 6 2 5 2 5 4 6 5 4 6 3 2 3 5 3 7 2 6 7 4 4
2 7 6 3 6 2 6 7 5 2 7 6 4 6 7 6 7 3 3 2 6 6 7 4 0 3 2 3 7 5 5 6 2 2 3 2 4 2 6 3 2 4 6 4 7 2 6 3 2 6 7 5 6 5 6 2 6 3 7 4 7 7 2 6 6 6 5 2 4 2 3 5 4 3 2 4 4 2 4 5 3 6 7 5 6 3 4 6 6 2 7 3 3 6 2 2 5 4 7 6 4 6 7 7 2 6 6 3 3 3 3 7 5 4 6 7 3 6 3 7 3 3 3 5 3 5 5 6 7 7 5 7 4 6 6 7 6 4 4 3 4 2 6 3 2 4 5 2 2 2 5 4 6 2 2 7 5 6 6 5 3 6 4 4 7 2 5 6 3 6 2 5 3 5 3 6 7 3 5 5 7 7 3 3 5 7 3 4 6 2 3 3 3 3 7 5 3 4 3 7
3 2 3 3 5 7 3 3 5 4 2 5 6 2 4 4 6 3 6 7 2 2 4 4 3 5 4 5 2 2 2 6 2 5 2 5 6 7 4 4 3 2 5 6 5 2 6 4 3 2 4 7 4 5 3 2 2 4 6 3 5 5 4 5 2 7 6 4 2 2 4 4 2 7 5 7 6 3 6 7 3 4 5 5 5 3 2 4 3 4 3 7 3 4 3 3 6 4 4 3 4 3 4 7 6 4 4 5 3 4 6 5 3 5 6 2 3 2 7 6 6 7 7 5 5 7 5 5 2 3 5 1 7 4 7 3 4 6 5 7 5 5 4 3 5 2 7 4 5 4 3 5 7 4 4 5 6 5 3 4 4 2 5 5 3 7 3 5 3 5 2 3 5 5 4 5 5 6 3 6 7 4 3 6 4 5 6 2 6 2 2 2 5 7 4 3 7 3 5 7
4 2 3 7 5 7 3 5 3 4 6 3 4 7 5 7 3 2 2 6 6 5 6 2 2 2 5 3 1 3 7 3 3 5 6 4 7 7 4 6 4 5 5 7 5 2 6 7 2 2 2 7 5 7 5 6 3 3 6 3 2 6 3 6 5 7 3 7 5 7 2 4 4 7 6 5 7 3 7 3 2 6 6 5 4 3 6 2 7 7 6 4 7 2 4 6 2 6 3 7 2 5 7 7 5 5 6 2 7 2 5 5 6 4 5 2 4 6 4 7 5 7 3 4 3 7 6 2 3 6 2 5 2 7 5 6 2 5 3 5 4 2 7 7 6 3 6 2 3 4 6 4 4 7 6 7 4 2 7 3 3 7 2 3 6 7 5 2 6 2 6 4 3 6 5 3 2 2 2 2 3 4 3 7 5 3 6 5 5 4 7 5 7 7 6 4 7 3 5 7
5 4 6 4 7 4 4 4 3 6 2 2 4 4 6 2 3 6 4 3 2 4 7 7 4 2 4 5 3 7 4 3 4 6 5 7 3 3 7 4 2 4 4 4 3 2 7 2 7 5 3 4 6 6 6 2 7 7 4 7 2 7 6 3 3 7 6 4 3 2 7 2 5 3 2 3 5 6 6 3 4 6 6 4 5 7 4 3 3 3 6 7 6 2 4 4 3 3 2 4 6 5 3 4 6 5 2 7 5 6 3 5 2 3 2 2 2 4 4 4 5 3 3 7 5 7 7 6 6 6 4 6 3 3 2 2 6 6 2 4 3 2 4 5 7 7 7 7 3 2 2 4 7 4 2 2 6 3 3 7 3 4 3 2 2 2 5 4 6 7 3 5 7 2 4 2 5 4 7 5 4 5 2 2 6 6 2 7 2 0 7 7 6 4 4 5 6 4 5 6
7 2 2 3 3 3 4 5 6 2 5 6 4 3 2 3 5 7 6 2 4 4 6 5 7 6 3 4 6 4 6 6 4 4 3 2 5 2 5 2 3 7 6 7 5 5 4 3 7 5 6 5 6 3 5 3 4 3 6 5 2 7 6 4 6 5 5 4 5 3 4 6 2 4 3 5 7 2 4 5 7 3 7 2 3 2 7 6 4 4 5 7 6 7 5 5 2 3 5 3 4 5 6 5 7 2 7 7 7 5 5 2 7 5 4 6 4 6 4 2 6 3 4 4 6 5 2 3 7 4 6 5 3 6 7 3 6 2 3 6 3 4 2 5 3 5 6 2 3 7 2 2 3 6 2 2 5 6 3 5 7 5 5 4 3 2 7 4 7 4 3 5 7 2 6 4 6 4 4 5 2 7 5 7 6 6 4 3 4 3 7 4 5 4 7 5 6 7 5 3
3 2 7 6 6 6 6 4 2 5 7 3 6 7 2 7 3 6 3 6 5 2 7 4 7 6 6 3 6 2 4 7 4 4 4 6 7 7 3 5 3 7 6 3 7 7 4 6 6 5 5 7 2 2 3 4 5 5 3 7 3 2 4 5 2 5 2 3 6 4 5 2 5 3 3 2 4 7 2 4 4 3 3 3 3 4 4 2 7 3 6 6 2 3 5 4 3 5 7 6 7 6 7 3 2 7 4 2 5 4 4 4 2 7 2 2 4 7 3 6 4 2 6 7 6 2 7 6 2 7 6 4 6 3 6 2 4 7 7 3 5 4 3 6 7 5 6 6 4 4 6 7 3 6 3 6 6 4 6 0 6 7 3 4 5 3 3 7 7 7 7 5 6 2 5 3 3 3 5 7 5 5 2 5 6 6 3 5 6 4 6 3 5 2 5 5 4 7 4 5
6 5 6 3 3 3 6 4 5 6 5 2 5 5 5 6 3 5 5 7 2 5 6 5 3 2 3 5 4 5 4 2 3 4 4 5 4 4 2 2 2 5 6 2 7 5 5 2 6 6 4 3 5 2 4 6 6 7 3 5 7 6 7 6 2 5 2 3 0 2 2 5 5 6 4 7 2 4 7 6 3 7 7 5 7 3 2 6 6 6 4 7 7 6 2 5 5 5 5 4 7 6 2 6 3 2 7 6 3 6 2 2 2 7 5 7 2 4 2 7 5 2 2 7 6 3 2 6 2 7 4 2 7 3 7 5 7 5 2 4 6 2 2 5 2 4 5 6 2 7 2 7 3 6 5 4 4 3 7 7 5 7 5 5 2 5 6 4 4 3 2 6 4 3 5 4 2 2 5 7 3 5 5 6 6 5 6 4 3 6 5 4 3 5 2 4 6 3 7 5
5 6 6 4 5 4 5 3 3 6 5 3 6 2 4 7 3 4 5 5 3 5 2 2 5 2 7 5 5 2 3 5 3 4 7 5 4 5 5 7 5 4 2 3 3 4 7 3 4 4 7 5 4 3 7 7 5 4 2 3 7 4 6 3 3 7 6 2 4 7 7 4 6 3 3 2 4 4 6 5 3 6 5 2 4 5 6 2 2 4 3 2 2 2 7 3 2 6 4 2 2 6 7 7 4 6 3 2 2 5 3 4 4 2 6 3 2 6 5 5 6 6 4 2 4 4 5 5 7 2 3 6 3 6 4 4 2 4 6 4 5 4 3 5 2 6 7 6 7 3 7 7 2 5 5 4 6 4 5 2 6 6 3 4 5 2 6 6 2 2 4 4 3 6 6 5 5 5 7 4 5 7 7 5 7 6 4 5 2 7 6 2 6 4 3 0 7 6 6 2
6 4 5 5 3 2 6 5 6 2 6 7 7 2 4 2 4 4 2 2 3 3 7 2 2 3 6 5 6 6 3 4 5 4 4 5 3 5 2 3 7 7 4 2 5 2 6 7 4 3 4 7 2 2 2 5 7 4 2 2 6 5 7 4 6 5 2 3 7 5 3 2 2 7 4 6 4 4 7 6 6 4 6 4 3 6 2 6 4 5 6 5 3 5 4 7 5 7 7 7 6 5 3 4 6 5 5 4 3 7 7 6 5 5 7 7 3 5 6 6 2 3 3 4 4 6 4 2 6 5 6 7 6 2 3 4 5 2 6 3 4 5 5 3 4 7 7 3 7 7 4 6 0 5 4 4 3 2 6 5 2 5 7 4 5 6 5 7 4 6 2 6 5 2 2 4 5 4 6 2 5 2 2 7 3 2 5 3 6 4 3 4 3 7 4 5 2 5 4 7
4 5 6 4 5 6 7 7 3 4 5 6 6 3 5 5 5 6 6 4 6 5 3 5 7 7 3 4 2 4 7 4 3 3 7 7 7 7 4 2 6 7 5 6 5 6 7 2 6 4 6 6 3 7 2 7 4 6 7 6 4 4 4 6 6 4 3 3 6 2 2 2 6 4 2 3 3 5 7 4 5 5 5 6 7 6 5 4 6 3 2 6 3 4 5 3 2 3 5 3 2 6 2 5 2 7 2 3 4 6 0 5 3 6 7 2 7 3 3 7 6 7 3 7 7 4 4 4 5 3 4 6 7 5 6 7 7 4 3 5 2 3 4 4 4 2 6 6 4 5 2 4 5 4 5 5 3 4 7 5 5 3 3 3 2 6 7 6 2 5 3 5 6 5 3 5 5 7 4 7 6 4 2 2 5 2 2 6 2 7 3 5 5 7 7 7 4 4 7 4
5 4 5 3 5 5 3 2 6 4 6 4 4 5 2 7 3 7 4 7 6 3 7 5 3 5 2 5 7 5 5 2 6 3 4 6 6 3 3 3 7 2 3 6 2 2 6 4 1 3 2 7 6 2 2 3 2 2 4 6 5 4 5 3 2 7 6 3 2 7 7 3 4 7 6 5 5 5 7 4 4 6 4 5 4 4 4 2 5 5 3 7 5 5 4 2 4 6 7 5 6 7 7 5 4 6 4 5 2 4 4 6 3 4 2 6 5 5 7 2 4 6 4 7 6 6 3 4 5 2 5 3 2 7 7 4 4 3 4 2 2 4 6 7 4 5 2 2 4 6 2 3 5 4 6 7 2 3 3 4 4 2 6 7 2 7 4 7 4 5 6 5 7 2 4 2 3 7 2 3 2 4 4 4 5 4 7 2 2 6 4 4 3 3 3 5 6 5 7 3
7 4 7 2 2 6 2 2 6 4 6 4 3 7 4 7 6 6 3 4 5 4 3 7 6 6 2 2 6 5 2 5 7 4 2 5 4 4 4 4 4 2 5 5 7 2 3 3 7 3 2 2 6 7 2 3 6 5 5 3 7 7 4 7 4 2 5 7 5 3 6 2 7 6 2 4 7 4 5 7 0 4 4 3 5 4 6 6 6 6 6 5 5 2 7 7 3 6 2 5 2 7 5 3 3 5 3 3 6 3 2 5 7 6 7 7 3 3 4 4 4 4 3 7 3 2 3 6 5 6 3 2 5 6 6 7 6 3 6 7 4 2 6 7 4 6 5 7 2 5 4 2 6 4 2 3 6 6 3 4 2 4 4 3 7 2 7 2 4 4 7 2 3 7 3 5 4 3 7 7 5 6 3 5 5 2 7 5 3 3 5 4 3 5 5 2 5 6 5 2
7 4 7 4 7 7 2 2 3 7 7 5 3 4 5 2 7 7 5 4 3 2 3 3 6 4 5 3 3 3 2 6 6 7 5 3 2 7 2 2 2 2 7 4 6 6 5 4 6 3 5 3 3 6 4 5 6 3 4 2 5 4 5 5 4 4 4 5 6 6 6 7 6 3 6 4 3 5 7 7 3 3 5 7 7 6 6 4 7 5 4 2 3 7 5 4 3 5 3 5 3 6 5 3 7 3 6 6 3 4 3 2 7 5 7 5 4 2 6 7 4 5 4 7 6 5 7 6 3 2 5 3 5 2 3 7 6 3 6 7 7 6 6 4 2 2 5 5 2 2 6 5 6 7 2 2 2 4 2 4 5 3 2 2 3 4 5 2 5 3 5 4 3 7 2 1 7 2 5 6 4 3 2 3 4 3 4 3 6 3 4 5 3 5 3 2 4 5 6 6
3 3 3 6 2 4 6 6 3 7 4 5 4 5 5 4 6 6 5 5 2 4 5 3 5 7 5 4 2 5 7 5 4 3 4 7 2 7 4 2 2 4 3 5 4 6 3 2 3 6 4 5 3 4 6 3 2 4 3 4 5 6 6 2 6 4 7 2 7 7 2 7 2 3 3 6 7 5 3 5 4 7 4 3 6 4 6 5 7 6 6 6 6 2 2 3 7 4 2 3 7 3 5 3 2 5 5 2 4 2 2 7 7 3 4 5 4 7 6 2 5 5 5 7 6 4 2 4 3 6 4 7 7 2 4 3 2 5 7 5 6 3 5 7 2 3 4 2 3 7 6 2 7 4 6 5 3 3 6 3 3 6 3 3 6 4 5 2 7 5 4 6 4 4 4 5 7 3 6 3 6 4 3 5 3 6 4 7 5 5 2 3 5 3 7 5 4 7 2 4
4 5 7 5 7 3 7 2 5 2 3 7 2 6 4 4 4 4 2 4 3 7 6 2 5 3 5 3 3 7 3 5 7 5 6 3 4 3 2 7 4 6 3 4 6 7 3 5 2 2 6 3 4 5 5 2 7 3 7 7 7 5 3 3 2 2 6 2 7 2 4 3 2 5 6 2 2 5 5 2 4 5 2 5 2 6 4 2 3 6 3 2 4 3 5 2 4 7 5 2 6 3 4 4 4 5 7 3 3 4 2 7 7 5 6 4 3 6 3 2 5 3 6 2 7 4 2 5 7 2 7 3 7 4 7 4 5 5 3 5 5 5 6 3 4 6 7 6 6 7 7 5 5 6 5 5 4 6 3 7 7 7 2 3 4 7 6 2 2 3 6 3 7 5 2 2 7 2 4 6 6 7 6 3 2 6 4 7 5 6 2 3 2 6 7 7 7 6 2 2
2 3 3 2 6 5 5 2 5 3 4 6 4 2 7 6 3 6 6 5 7 3 5 7 5 2 7 4 4 2 2 3 3 3 7 5 2 7 2 4 5 3 2 4 2 6 2 6 6 2 5 6 2 5 6 2 2 4 4 2 7 4 3 4 6 7 6 2 4 3 4 2 3 5 7 4 3 2 3 6 3 6 6 7 7 5 3 4 6 2 4 2 2 7 5 7 5 2 6 6 4 7 3 7 6 3 5 3 7 7 5 5 6 4 4 2 7 6 6 3 2 2 5 7 4 6 3 7 4 6 2 2 3 7 3 7 7 2 2 5 4 3 4 7 4 5 5 2 5 7 2 7 5 4 4 4 2 7 6 4 5 5 5 3 6 4 3 7 7 2 7 5 2 4 6 6 7 2 2 6 2 7 7 7 5 7 6 6 4 3 4 6 6 3 7 3 2 7 3 6
7 5 5 3 6 7 2 4 6 4 4 3 4 3 7 5 3 5 7 3 3 6 3 4 2 7 7 4 5 6 6 7 2 6 6 4 7 7 0 6 4 2 4 3 6 5 2 6 3 2 5 4 2 2 6 4 3 2 7 2 4 2 3 7 2 6 2 7 5 2 2 7 3 7 6 4 7 3 2 3 7 7 3 3 4 6 4 4 6 2 7 6 4 6 6 5 4 2 4 4 4 6 4 3 7 5 6 7 7 6 4 5 6 2 2 2 6 6 3 2 5 4 7 7 5 3 4 6 2 3 3 6 7 4 5 2 7 3 4 3 4 3 7 2 6 5 4 4 7 5 4 4 4 5 3 7 6 4 7 3 5 5 5 4 2 3 6 3 6 6 2 7 7 5 5 3 7 3 4 6 2 4 6 2 5 6 5 7 3 4 3 7 4 6 5 5 4 4 4 4
3 3 3 4 6 2 7 7 3 5 3 7 4 3 7 7 5 3 4 4 7 2 6 2 5 4 4 5 7 2 5 3 6 6 7 7 6 7 7 4 3 2 7 4 2 5 3 4 4 2 3 7 5 7 2 3 7 6 2 6 3 5 2 6 6 4 3 7 4 7 3 2 4 5 2 4 4 7 5 6 4 2 5 2 3 4 5 5 2 7 3 5 2 2 6 5 6 2 5 3 2 7 3 6 6 3 4 2 4 6 3 4 2 0 6 2 6 4 7 5 4 4 7 5 4 2 7 2 2 3 3 2 2 3 3 4 6 7 6 3 2 5 3 7 6 7 7 6 7 5 5 4 6 3 6 6 4 6 3 3 5 7 4 2 5 4 5 4 3 4 4 4 6 2 7 6 7 2 7 3 2 4 3 7 5 6 3 3 6 4 3 7 5 5 6 5 2 7 6 7
6 6 4 7 2 5 4 3 4 7 4 2 3 4 2 6 6 2 2 5 6 3 3 4 7 4 4 5 5 3 2 3 5 3 6 2 6 2 7 3 2 6 6 6 2 7 6 7 2 3 4 6 5 4 6 2 2 5 3 6 6 7 5 7 7 2 7 6 4 4 5 3 3 2 4 4 2 4 4 5 4 5 6 4 5 4 3 2 7 4 3 3 5 5 2 4 2 6 3 4 5 7 5 7 5 6 2 6 5 4 5 5 4 3 2 3 5 2 5 2 2 5 2 6 7 4 6 4 4 7 2 6 4 5 4 7 7 3 3 7 7 2 6 5 2 7 3 5 3 4 6 5 4 7 7 2 2 5 6 4 4 7 2 6 4 2 6 7 7 3 5 6 6 7 6 5 1 2 5 2 7 3 3 7 2 4 2 5 3 2 7 2 6 2 7 6 7 2 6 4
7 7 2 2 7 6 5 7 3 5 2 3 2 2 6 3 3 3 5 5 3 7 1 4 3 2 2 2 4 4 6 3 5 2 6 4 6 2 4 3 3 6 6 2 4 5 5 6 5 3 6 7 6 4 7 5 5 4 2 5 7 7 4 3 7 6 2 3 4 3 5 4 3 6 5 6 7 6 4 3 3 6 4 2 2 3 4 5 7 7 2 6 5 4 4 3 5 4 6 6 4 7 5 5 5 4 3 6 3 6 4 3 5 4 3 7 6 7 2 2 3 2 3 7 6 4 4 2 4 3 3 6 6 3 2 4 5 7 2 5 2 2 6 4 6 6 3 6 6 6 7 5 4 6 4 3 2 6 5 3 3 7 6 4 7 7 4 2 3 7 2 2 6 3 5 5 6 5 6 4 3 6 7 3 7 4 7 4 4 4 7 4 5 5 3 3 7 7 7 7
7 3 7 7 7 3 4 4 2 7 7 4 2 6 6 2 6 4 7 3 7 7 6 6 3 3 4 2 6 6 3 7 2 7 4 7 7 2 3 5 7 7 6 3 4 5 6 3 6 5 2 7 3 5 7 4 5 6 3 7 7 6 6 3 2 4 6 5 7 3 0 7 7 3 4 3 6 4 7 6 4 7 4 7 4 5 7 4 5 2 5 3 5 6 2 6 4 5 6 7 4 2 3 5 5 4 5 5 5 2 7 6 2 5 5 5 6 4 5 5 5 3 3 2 5 4 6 7 5 4 6 4 3 6 6 6 6 5 5 6 3 7 5 3 6 4 7 5 2 6 3 4 4 3 4 7 3 4 3 6 4 2 4 7 6 5 5 7 4 3 3 3 6 6 7 7 4 6 5 2 7 6 4 3 4 2 5 5 3 2 4 7 6 2 6 4 7 2 2 7
6 3 7 6 2 4 7 3 3 4 4 4 2 3 6 6 6 2 3 2 3 4 3 6 3 6 5 4 2 6 3 2 3 3 6 6 5 3 5 6 7 7 3 4 7 2 5 5 6 2 4 5 5 4 3 4 3 5 3 3 5 2 3 6 2 7 3 7 4 7 7 5 4 2 3 5 7 7 7 3 3 6 7 6 5 4 7 7 2 3 5 2 5 4 6 7 2 2 3 5 7 3 3 5 5 4 6 7 2 2 5 6 6 6 4 6 2 7 3 2 4 7 7 5 6 0 4 7 4 2 2 4 2 4 5 5 6 2 3 4 3 7 3 3 3 2 4 6 2 3 5 6 5 3 7 6 2 2 2 4 2 7 6 6 3 2 7 4 4 7 6 6 4 7 6 4 3 3 6 6 6 6 5 2 3 5 7 5 7 2 7 3 3 2 7 2 5 6 3 3
6 2 4 5 4 6 5 2 6 4 4 7 2 5 7 7 4 2 7 5 6 7 2 5 3 2 3 6 7 2 6 6 6 3 3 5 3 7 4 3 5 5 3 3 7 7 7 3 5 7 2 5 4 4 3 2 6 3 3 5 7 5 6 6 2 5 5 2 6 4 7 4 2 2 4 5 4 5 3 4 7 5 7 7 7 2 7 5 4 4 3 0 2 4 2 5 7 5 4 5 2 7 4 6 4 2 2 4 6 3 5 2 3 5 3 3 3 2 3 3 3 7 2 3 3 7 3 2 2 6 2 3 2 4 4 3 5 3 2 3 5 4 2 2 5 5 7 2 2 7 7 2 2 5 7 3 2 4 7 6 3 5 3 7 4 6 5 6 5 4 4 4 4 3 4 2 7 2 4 3 6 2 7 6 2 6 7 2 3 4 7 5 4 2 6 6 5 7 4 7
6 3 2 6 6 7 6 2 3 5 6 6 7 5 7 4 2 2 5 4 4 2 7 4 3 6 4 4 6 5 5 2 2 4 2 5 4 5 5 3 3 4 6 5 3 2 3 6 5 5 5 7 3 5 7 5 3 6 2 3 3 6 7 7 5 4 5 3 7 6 4 3 7 4 3 4 3 3 3 6 5 5 4 4 6 7 7 4 6 3 7 4 3 6 6 6 7 6 6 5 5 6 2 4 5 3 4 4 2 6 6 2 5 5 3 4 3 5 3 2 7 2 4 6 6 6 7 7 3 3 2 2 5 2 4 7 3 3 6 5 4 2 6 2 5 5 4 2 2 7 7 4 7 6 6 7 3 6 4 5 7 5 4 4 5 5 5 5 6 5 2 7 2 6 2 2 4 3 5 5 4 3 7 5 6 6 6 6 5 7 2 2 4 5 4 2 2 6 5 5
2 6 7 2 2 5 4 7 5 5 4 2 3 6 2 7 6 7 5 5 4 4 5 2 7 6 7 2 2 6 2 4 5 5 7 4 4 4 4 2 5 4 2 5 2 6 5 3 4 7 4 2 5 5 2 7 3 5 5 5 7 3 3 2 7 2 5 3 7 3 6 5 2 5 2 6 6 3 5 0 3 7 4 7 2 6 6 5 6 6 5 6 5 2 5 6 6 7 3 6 3 5 4 7 5 5 3 2 6 3 6 4 5 3 5 3 2 5 5 4 2 6 2 5 2 6 7 2 4 7 7 3 7 4 5 4 6 6 2 3 3 3 4 6 3 5 2 6 5 4 6 4 6 2 2 3 2 6 5 7 6 3 6 5 6 6 3 2 3 5 2 5 3 4 7 4 6 7 6 5 2 4 5 6 5 6 4 3 3 3 3 6 5 4 5 4 2 3 4 2
3 2 4 7 6 4 4 6 2 2 7 2 3 5 7 6 7 3 7 2 2 6 6 5 3 0 5 3 3 5 6 6 7 2 3 4 7 7 3 6 5 3 3 4 7 7 3 4 2 5 5 5 7 7 7 7 2 6 5 3 3 4 4 2 5 4 2 7 3 6 2 7 3 5 2 2 5 3 5 6 5 2 7 4 7 7 6 6 2 3 7 3 3 5 7 4 4 5 4 6 7 5 6 3 5 6 7 7 7 2 6 2 3 5 4 2 2 4 2 3 5 3 6 5 2 7 5 6 6 3 2 3 5 2 7 5 7 4 5 3 4 6 6 3 3 6 4 3 5 6 4 3 7 4 2 4 4 2 5 6 4 6 3 3 4 2 4 7 2 3 6 7 4 4 2 7 5 2 7 2 6 4 5 3 4 3 5 5 5 7 3 6 5 7 5 7 5 4 2 4
7 4 2 3 6 7 7 4 3 7 2 7 2 2 3 2 4 5 7 6 4 4 5 3 3 7 5 4 7 6 6 7 4 2 4 5 3 5 2 5 3 2 4 5 5 4 3 3 7 4 2 3 4 7 6 3 2 7 6 2 3 5 6 5 6 5 4 5 4 2 6 3 6 2 4 3 2 5 3 3 5 3 3 2 2 3 5 4 4 6 2 7 4 4 7 2 2 7 7 3 6 5 5 2 5 4 3 2 3 7 5 7 2 3 6 4 5 6 6 2 4 7 4 5 5 3 4 6 2 3 2 2 6 4 4 7 5 2 3 5 4 7 5 4 2 2 2 2 2 7 6 5 5 3 4 7 2 7 3 3 5 6 5 5 5 7 7 5 5 4 5 7 2 4 4 7 4 3 5 4 2 3 4 4 7 2 3 4 3 4 3 2 6 4 4 2 3 3 3 3
6 7 2 6 5 7 2 7 6 7 6 2 4 5 3 2 2 6 6 2 6 7 3 5 3 6 6 6 7 3 2 7 4 6 2 4 4 6 2 2 6 7 7 3 2 7 6 5 6 2 2 5 5 5 2 2 7 6 3 6 6 2 6 5 4 3 6 4 3 7 6 2 5 5 6 7 7 6 6 5 6 3 4 6 5 6 3 4 5 5 4 6 2 3 6 2 3 6 3 4 5 4 2 5 6 4 5 4 5 2 4 6 0 4 2 4 7 3 2 6 4 2 7 2 4 6 6 5 3 5 7 7 6 6 5 2 3 5 5 6 7 5 2 5 2 3 4 6 2 4 3 3 4 6 6 2 3 4 4 5 5 7 3 2 2 5 6 5 2 4 5 2 6 2 7 6 7 5 7 5 2 4 5 5 7 3 2 7 5 4 7 7 5 3 7 5 7 3 7 3
6 6 3 5 2 3 5 7 7 3 7 7 4 4 6 4 3 3 5 7 5 3 3 7 5 6 2 7 3 5 4 2 2 6 4 6 6 7 5 2 6 6 5 5 6 6 2 2 5 2 4 4 6 2 7 6 2 2 5 2 6 2 2 3 5 4 7 5 3 2 6 6 6 2 3 2 6 3 2 7 6 2 7 7 4 4 2 2 5 4 7 4 2 3 7 6 4 6 2 7 6 6 6 3 4 5 3 7 2 7 4 3 2 3 7 3 4 3 7 6 4 5 7 2 6 2 6 6 2 7 2 2 7 4 7 5 2 5 3 6 2 3 3 5 3 2 2 7 3 6 7 3 2 3 7 3 5 3 2 7 2 2 3 3 0 2 3 2 3 6 6 2 3 5 2 3 4 6 4 5 6 4 5 3 3 4 5 7 6 5 3 5 4 6 5 4 2 4 7 5
3 5 2 2 2 2 3 5 7 7 2 2 3 7 5 7 3 7 5 5 3 2 2 2 4 5 6 4 6 4 6 7 5 3 2 7 3 2 6 6 7 3 6 6 2 6 2 6 3 5 3 7 4 5 2 2 4 3 4 5 5 2 5 7 5 3 6 2 4 3 6 2 7 5 3 2 6 5 4 6 6 2 4 4 2 3 6 7 5 2 6 7 6 6 4 3 3 7 6 6 6 2 6 2 6 4 3 5 7 6 5 7 5 6 7 2 3 7 3 7 4 4 3 7 5 4 4 2 7 3 4 2 2 5 3 3 5 5 3 6 5 4 2 4 5 4 2 3 5 4 6 3 6 5 4 3 4 7 2 3 2 6 4 4 6 7 3 5 5 6 6 4 2 5 3 6 2 2 3 3 4 6 4 7 3 6 5 5 7 6 5 7 2 3 7 4 5 4 3 5
7 3 2 5 5 5 5 4 2 6 3 6 4 4 4 2 4 5 7 4 7 4 6 7 3 7 5 4 2 2 2 5 4 4 5 4 6 2 5 6 3 7 4 2 7 7 4 5 4 2 4 5 7 4 6 4 2 6 2 6 2 6 6 6 6 6 7 4 3 5 5 4 4 5 6 4 2 3 5 5 3 5 5 6 4 7 2 5 6 3 6 7 7 3 6 4 2 5 6 6 5 7 0 4 4 4 3 2 7 2 5 2 6 6 2 6 5 3 2 6 4 7 3 4 4 3 2 4 3 6 7 6 6 6 5 2 6 4 2 3 6 3 4 4 7 5 7 4 2 4 6 3 7 4 7 2 7 2 4 3 4 4 3 3 6 2 6 5 6 4 3 4 7 2 2 5 5 3 5 5 2 7 3 7 3 3 2 5 6 2 7 6 3 4 7 3 2 6 4 7
6 5 3 6 5 3 2 2 2 3 5 6 4 5 7 6 7 4 2 5 6 3 5 4 6 6 3 5 6 4 2 7 2 3 7 5 5 4 3 6 6 6 2 5 3 6 2 4 5 3 5 5 7 4 5 6 5 6 3 7 6 7 4 4 7 6 4 6 3 4 3 2 2 4 0 3 5 3 4 5 7 5 7 4 7 3 6 4 7 3 5 4 6 6 2 4 7 5 7 5 7 2 3 6 4 6 7 3 4 4 4 7 6 3 7 5 6 7 3 2 5 4 4 4 3 6 7 5 5 6 7 7 3 2 6 4 2 2 5 3 2 6 2 2 4 7 7 2 2 2 5 7 2 5 2 6 4 7 5 2 4 3 5 6 3 2 2 6 6 6 7 7 3 5 4 2 6 7 3 2 6 6 3 4 6 5 5 6 6 4 7 5 7 5 3 6 2 3 3 5
4 3 7 3 4 5 3 5 4 3 2 7 5 2 3 4 2 4 0 4 3 4 7 3 5 5 4 6 7 4 5 3 2 3 7 3 5 7 6 4 2 7 4 4 5 6 6 7 5 6 7 7 3 7 3 2 4 4 7 6 6 4 5 7 2 7 4 4 7 6 7 4 6 2 5 4 3 2 6 2 2 3 5 5 2 7 4 2 6 2 4 6 2 4 3 5 2 3 2 2 2 5 3 7 2 3 6 5 3 3 5 3 5 6 4 2 5 3 4 6 7 7 6 6 5 3 3 7 2 6 6 2 7 7 7 5 5 5 2 4 6 3 4 3 4 3 4 3 7 2 7 7 4 4 2 7 4 4 2 3 5 3 7 7 4 7 6 3 6 2 4 7 2 5 5 3 7 6 3 4 7 4 4 2 4 5 3 6 7 2 2 5 7 5 5 2 5 7 4 4
7 7 6 4 3 3 3 2 4 2 5 6 6 7 6 6 5 6 3 3 3 6 2 5 2 3 6 6 5 4 5 2 6 7 4 2 3 4 7 4 4 3 3 3 7 7 2 7 2 3 5 5 6 2 3 0 6 6 2 3 5 4 4 2 3 4 2 4 4 2 2 5 4 5 3 6 5 6 4 7 3 2 7 7 5 2 6 7 4 7 3 6 5 7 6 7 4 4 6 7 2 6 7 7 5 3 7 6 6 7 2 6 6 2 5 7 6 2 6 5 2 5 2 2 3 2 7 5 4 5 5 3 6 7 4 4 7 6 4 5 3 4 2 4 3 3 3 5 4 3 5 2 7 6 5 7 5 7 3 7 3 6 2 6 3 7 6 4 3 5 7 3 5 4 7 7 5 5 6 7 6 7 5 3 7 2 6 6 6 7 5 5 6 4 7 6 7 6 5 3
5 7 6 5 0 7 7 6 3 3 3 2 4 5 5 7 4 2 6 5 7 7 4 4 2 6 5 4 2 4 2 3 2 5 7 5 4 7 6 4 4 7 5 4 4 2 7 5 7 5 7 2 7 5 4 5 2 2 4 6 3 6 2 6 2 3 2 2 7 4 4 6 2 6 6 7 3 7 7 4 3 7 4 4 6 7 4 2 5 6 2 5 3 6 2 6 4 5 7 3 5 4 6 2 7 5 4 3 7 2 3 2 4 4 7 6 6 3 2 7 6 5 7 3 3 3 4 3 5 2 2 4 4 7 2 6 6 6 3 7 2 6 7 5 2 4 2 3 7 3 3 2 6 5 2 6 6 6 4 3 4 4 2 3 7 6 4 4 3 4 7 6 6 6 6 5 7 7 4 7 4 2 3 2 3 2 3 2 4 3 6 7 5 6 6 6 5 5 4 5
6 3 5 7 6 6 4 2 5 5 5 4 4 4 3 3 3 5 5 3 6 2 2 2 7 5 2 2 3 5 5 3 4 2 5 3 6 7 2 7 6 6 4 3 4 2 7 2 2 4 3 6 2 3 2 3 7 4 2 5 3 4 6 7 2 7 6 3 5 7 2 2 3 2 6 2 5 4 2 5 2 7 7 7 4 2 4 7 5 3 5 4 4 4 7 5 6 3 7 4 6 6 6 6 6 3 4 5 7 5 7 5 2 7 7 2 6 3 5 4 6 4 2 6 6 4 7 6 5 2 7 5 3 3 7 2 2 2 7 2 4 7 5 4 6 5 5 3 2 3 2 5 5 7 2 3 3 0 3 2 6 7 3 2 5 5 3 7 3 2 3 5 2 5 5 4 5 5 3 6 2 4 7 7 6 3 6 3 6 5 4 5 5 2 4 3 2 7 6 7
5 3 2 6 3 7 6 4 6 4 3 2 7 4 4 2 2 4 4 6 3 3 3 6 4 4 5 2 2 7 7 3 6 3 4 7 6 6 7 5 5 5 6 2 7 7 7 5 7 5 4 7 3 2 6 6 3 4 4 3 4 6 7 6 3 4 2 6 7 7 5 3 4 2 2 4 2 6 2 7 3 3 2 2 5 4 7 4 5 5 5 6 2 2 4 6 4 7 3 4 4 6 7 3 5 2 7 3 3 3 7 7 5 5 2 2 2 3 5 2 2 4 4 6 5 2 3 4 7 2 4 4 4 3 2 3 3 3 4 5 2 5 2 7 4 4 2 6 4 4 4 6 4 6 6 6 6 5 5 5 5 2 5 4 2 5 5 6 4 6 2 7 6 6 6 4 5 5 4 5 7 7 2 3 4 4 3 7 7 6 7 3 2 4 4 7 7 7 4 5
4 5 5 4 6 4 6 5 2 3 7 7 4 2 6 7 5 5 4 4 4 3 7 4 4 3 4 6 7 2 7 4 3 5 4 4 6 4 2 7 5 2 0 5 4 6 5 2 7 7 7 6 2 7 5 4 3 7 5 4 2 2 3 7 5 5 4 4 7 2 2 2 4 6 4 2 7 5 3 5 3 6 5 6 3 7 3 4 2 6 7 2 2 7 5 3 7 2 2 5 6 2 4 5 4 5 4 2 5 2 5 7 3 4 2 3 7 7 2 2 7 2 7 3 7 5 3 6 4 4 7 2 6 5 3 7 5 6 7 7 5 2 7 5 2 2 4 6 6 4 6 4 2 6 4 2 6 3 6 4 3 2 3 4 7 3 6 3 6 7 3 6 6 6 2 2 5 6 3 6 5 5 4 7 5 2 2 3 3 3 6 4 3 3 4 4 4 4 4 2
3 5 3 4 5 6 7 4 4 7 3 7 7 6 3 3 7 2 4 2 3 7 4 5 3 4 7 4 7 7 5 4 4 3 5 2 3 6 4 4 5 5 2 2 5 4 4 7 6 6 6 2 5 3 6 2 3 6 7 4 2 5 5 5 7 2 4 7 5 5 6 7 4 5 6 7 6 6 2 3 3 2 5 2 2 2 6 3 5 6 7 3 3 6 7 5 4 3 6 5 7 4 7 4 5 2 2 7 4 7 6 3 6 2 4 5 7 4 2 7 4 5 3 5 5 5 5 3 5 4 4 7 2 3 5 3 7 2 6 7 3 6 4 2 7 4 4 7 4 4 4 5 4 6 3 2 6 5 4 2 3 2 5 4 2 3 4 7 4 5 3 4 4 3 6 3 7 5 5 5 7 5 6 6 2 3 4 2 7 6 7 7 3 5 5 3 5 2 4 3
2 7 6 3 3 5 5 6 7 2 2 6 6 4 5 3 7 2 4 6 2 6 2 4 4 5 6 2 5 4 5 2 4 2 7 7 7 6 7 5 5 7 2 3 7 7 1 2 2 3 4 5 4 4 2 7 6 2 6 7 3 6 5 3 6 2 4 7 3 4 6 5 3 5 2 6 3 7 3 6 6 4 6 3 4 3 4 3 3 3 4 6 4 4 5 2 7 3 4 7 4 3 2 2 2 6 6 7 4 6 3 4 5 7 7 6 7 7 7 7 2 3 5 5 3 2 5 3 7 4 3 7 3 7 3 3 3 4 6 5 2 4 5 3 3 7 7 5 4 6 3 7 6 7 5 6 6 4 7 4 6 5 6 4 3 2 2 7 6 3 7 5 3 4 4 6 2 2 4 6 7 4 7 3 3 4 6 5 4 4 3 4 4 3 2 7 4 3 5 7
2 7 4 6 2 5 6 3 6 5 7 6 4 3 5 7 2 5 7 7 3 4 6 6 3 7 7 5 2 5 7 5 0 6 6 4 6 7 4 7 2 7 5 7 4 3 7 3 3 2 4 2 5 7 4 6 7 6 3 5 2 5 3 7 7 4 4 7 5 4 5 6 5 7 4 6 7 3 2 4 7 7 2 4 2 2 4 4 6 4 3 5 3 4 3 6 4 4 2 5 3 6 6 2 6 3 2 4 3 6 7 4 3 5 5 7 5 4 3 5 6 6 4 2 3 2 2 7 7 6 7 2 6 2 2 4 3 7 4 2 4 4 5 6 6 2 4 2 4 7 5 5 5 2 2 3 3 3 3 4 3 6 7 6 7 2 7 7 5 4 4 7 2 2 2 2 7 3 7 3 4 5 5 3 4 3 4 4 4 5 7 7 5 2 2 6 6 7 6 5
5 3 3 5 2 4 2 5 2 4 4 6 3 2 6 7 4 2 2 5 2 2 2 2 4 5 2 3 3 5 4 7 3 3 3 5 7 4 6 4 5 7 6 7 5 6 3 7 5 3 7 7 6 4 4 6 4 5 3 4 5 2 4 2 6 3 4 3 7 5 4 2 2 2 4 6 2 4 6 7 4 5 6 4 6 3 5 3 7 6 7 3 3 5 7 6 4 4 5 5 6 7 3 5 4 7 4 4 3 3 5 5 7 6 7 3 7 3 2 2 7 4 2 3 6 5 5 3 7 5 4 6 4 7 4 3 7 6 3 2 2 3 7 3 6 3 3 5 5 6 4 7 4 2 2 3 7 2 5 6 4 3 5 5 3 6 5 5 2 2 1 6 2 7 5 5 7 3 6 4 5 7 4 7 6 6 4 4 5 3 3 2 6 5 7 6 6 3 3 3
7 6 6 3 6 5 6 4 6 7 6 2 6 4 2 7 4 7 5 7 7 4 5 6 6 5 4 3 2 5 6 2 5 2 0 3 3 2 5 5 7 4 4 5 3 6 4 6 2 3 6 2 5 7 3 5 2 4 4 7 3 7 5 3 3 6 6 3 7 3 6 2 7 5 5 3 4 4 2 5 5 4 7 4 5 6 2 6 5 6 2 2 7 7 4 4 2 3 4 3 3 6 3 3 3 6 4 2 3 4 4 7 3 2 6 6 3 3 6 2 4 6 3 7 6 2 3 7 5 2 7 5 5 4 7 7 6 2 4 4 3 4 5 6 4 6 3 2 4 5 3 4 4 3 6 7 4 6 7 2 6 6 6 7 6 3 7 6 2 4 5 6 2 5 4 5 4 7 3 7 4 4 2 3 7 6 7 3 3 7 4 3 3 3 6 7 6 7 6 5
6 6 7 6 5 2 6 4 3 6 7 3 4 5 6 7 4 4 6 3 5 7 2 5 7 7 3 5 2 2 2 3 5 4 2 7 6 5 6 2 2 3 5 2 6 7 5 7 6 2 4 2 5 2 7 4 0 3 6 6 3 4 4 2 2 4 4 3 6 2 2 6 3 7 2 4 2 2 7 5 2 7 3 2 6 6 2 4 5 7 7 3 6 2 5 2 2 5 3 3 5 4 6 4 6 4 3 5 6 3 2 3 7 4 4 3 6 2 7 3 2 5 2 3 7 7 3 4 5 3 2 5 5 7 4 7 5 3 6 7 5 7 5 7 3 3 4 6 7 7 2 3 6 6 5 3 5 7 6 6 2 3 7 5 2 6 3 2 5 7 7 4 4 7 4 2 6 2 7 3 7 2 4 2 3 6 6 6 7 7 4 2 4 5 3 3 2 7 5 6
4 5 4 5 5 7 4 4 2 4 7 4 7 4 5 5 7 6 3 6 5 2 7 2 3 3 6 7 5 6 5 2 4 7 7 4 6 5 2 6 2 2 4 3 4 7 6 4 4 4 6 7 2 3 2 4 2 5 3 5 2 4 2 3 6 4 7 3 5 4 4 6 3 3 6 4 3 2 2 7 2 5 5 7 3 7 4 4 3 4 4 4 5 7 7 3 6 3 4 4 7 5 5 7 2 7 5 5 4 4 6 2 5 4 5 3 5 4 7 5 4 5 7 6 4 6 7 6 7 5 7 2 3 3 6 2 2 7 7 4 4 2 4 2 5 5 6 6 5 5 7 4 6 2 3 7 3 3 5 3 3 7 2 2 3 6 6 6 6 6 7 3 5 2 3 7 3 3 3 5 5 7 6 5 7 2 5 5 2 5 5 6 4 3 4 4 3 3 4 7
7 5 6 7 7 5 4 3 2 3 7 4 4 7 6 3 5 2 2 7 7 4 5 4 6 4 5 3 7 6 6 4 7 3 6 3 3 3 7 7 6 5 6 2 6 7 4 2 5 6 5 6 3 4 7 5 5 7 5 2 3 4 4 7 2 4 4 7 4 4 4 7 2 5 3 4 4 4 7 7 5 5 6 5 5 7 7 3 5 3 2 7 2 7 2 5 6 6 3 5 3 6 6 2 4 7 2 7 6 2 2 5 6 6 6 3 4 2 7 6 5 3 7 6 2 7 3 4 3 2 4 4 2 7 3 7 4 6 3 3 4 7 2 4 7 7 7 2 4 6 7 2 6 4 3 2 5 7 6 5 5 7 3 4 5 6 5 7 5 5 3 2 5 6 2 2 3 3 7 4 4 4 5 6 5 2 7 2 3 5 3 2 2 3 4 5 4 6 7 3
5 6 6 2 6 4 4 5 3 5 7 2 2 2 7 3 2 6 2 6 3 5 5 4 5 4 2 6 6 4 2 5 4 3 6 3 4 6 7 6 3 6 6 2 6 4 2 3 4 6 4 4 4 7 4 6 3 4 2 6 2 3 5 3 6 6 2 5 6 4 6 5 2 3 7 6 3 6 2 3 2 7 2 4 7 7 5 6 5 5 5 4 5 2 6 7 4 3 6 6 3 5 7 3 4 2 5 7 1 6 3 5 6 6 4 4 7 5 2 5 5 6 2 5 2 4 3 3 2 6 6 6 5 6 3 6 2 7 7 4 2 7 4 2 7 4 2 2 3 3 5 6 5 7 4 2 2 5 7 3 2 4 4 2 3 2 5 4 3 3 6 5 4 5 7 3 5 7 2 2 6 5 2 6 3 6 3 2 4 2 6 2 2 6 4 3 6 3 4 4
7 7 4 4 3 4 2 5 7 2 4 7 6 4 3 2 7 7 6 5 5 5 7 5 3 4 7 7 7 2 7 3 4 7 5 5 6 6 6 2 3 7 2 4 6 6 6 3 7 3 1 3 2 6 7 2 2 6 4 6 2 7 3 6 2 6 5 6 7 5 3 7 5 7 5 7 7 3 4 7 5 4 5 5 6 6 7 3 5 4 5 7 2 5 6 4 7 6 5 5 7 4 5 2 7 4 7 4 3 5 3 3 6 3 7 3 4 6 4 4 6 4 7 3 3 7 4 6 6 3 6 7 2 7 6 4 5 4 6 4 2 3 4 4 3 6 6 5 7 3 2 2 7 2 5 2 5 6 5 6 4 6 3 2 2 7 7 2 5 3 7 6 5 6 5 2 2 7 4 3 3 4 3 6 7 4 2 2 5 2 6 6 7 2 4 5 6 7 4 5
4 2 3 4 4 4 6 6 5 2 7 7 5 2 5 5 6 7 3 5 7 2 3 3 5 5 2 5 2 3 6 5 6 2 2 2 6 5 3 4 4 7 2 6 4 6 3 4 5 7 7 3 2 3 5 2 6 5 2 2 5 7 2 5 3 5 2 2 4 4 6 2 5 4 2 7 3 6 6 3 6 5 2 7 2 4 3 3 3 3 2 4 2 3 3 2 4 2 4 5 2 4 5 6 2 2 5 0 6 3 2 2 3 7 2 4 2 3 6 7 5 5 6 4 7 6 4 6 4 7 3 6 3 5 6 5 7 4 5 4 2 3 3 4 5 5 6 5 2 7 2 6 5 5 4 5 5 2 5 6 5 6 4 7 3 6 4 2 2 6 5 2 4 3 6 4 6 5 7 6 7 3 6 6 6 7 7 7 4 2 5 4 5 3 3 4 3 4 5 6
3 7 4 7 3 3 3 6 4 4 3 7 4 5 4 5 3 5 5 3 6 2 5 5 7 7 7 5 6 4 4 4 4 5 6 6 5 3 4 4 7 0 7 6 2 3 4 4 5 6 3 7 4 6 6 4 3 5 2 7 2 6 4 4 5 3 7 6 2 2 7 2 6 2 2 5 3 4 4 2 3 3 3 5 3 7 3 6 7 2 3 2 2 7 5 3 2 7 7 4 4 7 7 6 6 6 3 4 2 2 5 3 7 7 7 4 6 2 3 4 6 3 7 2 7 7 3 5 2 4 3 6 2 2 7 3 4 3 5 6 5 5 2 6 4 6 4 2 2 7 7 6 7 5 5 4 6 5 2 3 7 4 3 4 3 7 5 6 5 6 4 6 3 3 5 4 5 7 4 5 4 3 4 6 7 2 7 2 3 3 7 3 5 3 6 7 3 5 4 5
3 6 2 6 5 3 0 3 4 7 3 5 5 4 3 4 6 4 3 3 2 3 4 4 4 2 6 6 5 3 5 2 2 3 3 7 2 4 2 3 7 7 6 5 5 7 2 2 2 4 3 2 2 4 5 3 4 5 7 7 3 6 4 4 7 7 2 3 5 2 5 5 5 4 6 6 4 5 2 7 2 4 3 5 3 2 4 3 6 7 6 2 3 6 4 5 6 4 5 7 4 4 4 2 4 3 6 4 2 6 3 7 4 4 6 4 2 3 2 2 7 6 7 6 3 2 7 3 2 3 6 6 6 2 5 5 6 6 3 3 7 3 4 4 7 2 7 2 2 2 4 6 4 7 4 4 3 2 5 7 5 7 2 6 4 7 2 5 3 7 2 7 3 7 3 6 2 3 4 7 5 2 2 4 2 4 7 7 2 6 6 6 5 6 3 4 5 6 4 3
2 7 6 4 5 5 3 4 3 3 6 3 6 7 5 3 3 7 2 7 4 5 2 7 4 6 2 4 2 5 3 6 3 5 4 6 7 7 4 2 4 4 2 2 6 6 2 6 6 7 2 6 4 4 6 3 6 6 7 2 4 4 2 5 2 4 3 3 7 4 5 2 7 2 5 4 2 6 2 5 7 5 3 4 4 2 2 5 5 7 3 7 4 5 2 6 3 2 5 3 2 5 3 2 7 3 2 7 5 5 6 6 2 4 5 7 5 3 7 6 4 6 6 6 3 2 7 4 4 5 3 5 4 4 2 4 4 5 5 2 4 2 2 5 2 3 6 7 5 7 5 4 7 3 2 7 3 3 0 2 4 2 5 2 3 5 6 2 7 4 2 4 4 6 5 4 4 5 6 3 2 2 2 7 3 6 7 7 2 7 3 3 2 7 4 2 7 3 5 3
4 5 2 7 6 4 6 3 3 4 2 5 6 5 5 3 5 4 7 2 3 3 7 7 3 4 7 3 4 6 2 7 4 3 6 6 2 4 7 5 2 5 3 4 4 6 3 3 3 4 4 2 2 6 4 2 4 3 3 7 5 4 4 2 6 2 2 7 7 7 3 4 7 6 5 5 2 3 2 5 4 5 2 7 2 6 7 5 4 3 2 2 5 3 3 6 6 3 2 2 7 3 3 2 2 4 3 2 4 6 2 3 5 2 4 7 5 2 4 6 2 6 4 2 2 6 6 5 7 5 4 2 3 3 4 2 6 7 4 7 6 3 5 5 5 5 6 7 4 7 5 5 7 3 2 4 5 2 3 5 4 2 5 6 4 5 5 2 2 6 2 6 5 3 7 2 5 7 4 5 3 3 4 4 4 2 6 2 5 5 7 4 2 6 3 5 2 3 7 4
2 2 2 4 4 5 3 4 7 3 2 7 6 4 4 3 5 6 6 6 6 4 6 2 7 5 2 4 3 2 2 5 4 2 5 2 4 7 5 7 7 6 5 4 2 6 3 5 7 5 2 3 5 7 6 7 5 3 2 2 5 5 7 2 6 5 3 7 7 4 2 7 2 5 2 7 4 7 4 3 4 5 7 4 5 7 3 3 6 6 7 6 3 2 4 6 4 4 3 2 3 3 3 7 5 6 2 3 2 6 5 5 4 5 5 3 2 6 5 2 2 4 6 3 7 2 7 2 6 3 5 4 4 5 3 2 3 7 3 5 5 5 5 2 7 2 3 4 7 6 3 3 3 2 6 4 5 5 3 6 5 6 3 2 2 7 3 5 5 7 6 2 3 5 5 5 2 6 7 7 2 4 2 2 2 3 4 3 4 3 2 5 3 3 7 7 5 4 0 7
6 2 7 5 5 4 7 5 3 6 7 5 6 3 6 6 4 7 4 6 5 2 4 3 7 4 7 2 2 6 5 3 5 6 3 5 5 7 3 6 6 5 5 4 5 6 5 3 7 2 7 2 4 4 6 2 2 7 7 6 3 4 3 4 6 6 7 6 4 2 5 5 6 4 5 2 6 3 6 4 3 2 5 6 2 7 7 5 3 7 7 4 4 4 5 7 7 2 4 2 7 7 6 6 4 7 7 6 2 3 2 5 3 6 5 3 6 2 7 2 6 2 7 6 5 3 7 6 3 2 4 5 5 5 6 2 3 7 4 2 5 3 7 5 2 3 6 4 4 4 5 5 2 2 2 3 4 3 6 6 7 5 4 3 7 6 6 3 2 7 7 3 3 4 2 3 7 5 7 4 3 5 3 5 7 2 6 7 3 7 4 2 2 5 2 3 3 5 6 4
2 3 6 3 6 3 5 5 7 0 4 5 6 5 7 3 3 7 3 2 3 2 5 2 2 5 5 3 4 7 2 2 7 2 3 5 3 7 4 5 2 3 4 3 5 4 6 3 3 6 7 4 4 3 7 7 2 2 3 3 2 7 4 7 4 7 3 7 7 6 3 5 3 4 7 3 2 2 7 3 4 5 5 2 7 3 4 4 6 2 7 7 3 4 3 7 3 4 5 4 3 4 3 6 3 5 4 7 7 4 3 2 5 4 3 7 2 7 7 4 5 7 4 3 3 2 5 4 6 2 7 4 4 3 2 3 2 3 2 7 7 2 5 7 7 4 7 3 2 5 6 6 4 5 5 2 2 3 7 2 2 3 7 2 7 7 4 5 3 4 7 5 7 2 5 5 3 4 4 3 4 7 7 3 4 3 3 4 4 4 2 4 3 3 2 6 4 5 4 2
6 4 2 7 3 2 5 5 3 5 3 6 4 2 6 5 3 4 6 4 5 2 3 6 6 2 3 5 2 7 4 4 3 7 4 5 2 5 6 6 7 3 5 3 5 6 7 2 6 4 5 5 5 2 2 3 3 2 7 5 2 2 6 6 6 7 3 2 3 6 5 4 6 7 2 7 2 4 6 7 6 3 6 3 4 2 6 7 7 4 6 4 3 7 6 3 5 2 7 6 5 7 2 3 6 2 5 5 3 7 2 7 2 2 7 7 5 4 6 3 7 6 3 3 6 3 6 4 6 4 5 7 3 5 7 6 6 4 5 5 2 7 3 2 4 3 3 3 6 7 5 6 2 7 2 5 2 5 2 6 3 3 6 5 3 7 7 5 4 3 2 5 5 5 4 4 7 2 7 7 5 2 5 3 5 5 3 7 4 6 3 7 5 6 5 5 3 2 2 5
6 2 7 7 3 7 4 0 3 4 7 2 2 3 5 6 6 6 3 4 7 5 7 6 4 7 2 4 2 5 4 5 6 3 6 3 2 5 7 3 3 2 6 6 2 5 4 2 5 3 5 4 5 5 5 4 3 3 6 4 3 2 5 6 3 4 2 3 3 5 5 7 3 5 6 2 4 3 6 3 2 7 4 4 3 2 5 7 7 5 6 3 4 2 4 7 4 6 6 4 4 5 6 7 4 4 3 6 6 4 4 4 6 4 6 2 3 4 4 3 3 6 5 2 4 3 4 7 7 2 6 4 6 4 3 2 4 4 5 7 3 5 5 4 5 6 6 5 4 6 5 4 6 4 2 3 3 3 3 5 6 2 6 4 6 3 4 6 3 5 2 4 6 5 6 2 2 7 3 6 4 6 4 5 5 6 4 5 3 2 3 5 2 5 4 6 4 3 7 7
5 2 2 7 5 2 7 3 2 4 6 7 5 5 2 6 2 6 4 5 5 2 6 2 5 6 7 2 4 7 4 2 2 2 6 7 3 2 7 3 4 3 3 7 5 6 4 7 2 5 5 7 2 6 5 2 2 7 5 4 6 5 7 7 7 3 2 5 3 4 6 4 3 5 6 2 4 4 5 5 6 2 6 7 7 2 3 3 5 4 4 6 5 7 2 6 7 2 2 7 6 4 5 5 2 5 3 6 2 7 2 3 5 3 6 7 3 5 7 4 2 3 2 7 4 4 3 4 3 7 4 6 4 2 2 2 4 2 4 7 5 4 3 6 3 6 5 5 3 3 7 4 7 7 7 3 6 5 7 2 2 5 2 2 6 2 3 5 2 7 2 5 7 5 6 2 4 2 2 5 6 6 5 5 5 3 5 6 2 6 2 5 7 6 3 7 7 2 2 5
5 3 5 4 2 6 4 7 5 7 4 5 7 7 4 3 6 7 4 5 7 3 3 7 6 2 5 6 2 7 2 2 2 2 4 3 4 3 3 4 6 4 4 3 3 6 6 3 7 2 2 2 7 5 7 3 6 5 3 2 7 7 5 3 7 2 6 4 7 3 3 3 4 7 2 5 7 6 4 5 5 4 5 6 4 3 6 5 3 2 4 2 7 2 3 6 2 7 5 5 7 7 3 2 2 5 6 2 2 2 7 5 5 2 6 7 5 5 7 3 4 6 3 7 5 7 6 5 5 3 4 4 2 3 2 6 7 6 3 5 4 6 1 2 5 5 3 6 5 6 6 5 5 6 7 6 5 4 7 2 2 3 3 3 4 6 7 7 6 5 5 3 3 2 3 5 2 6 6 4 2 4 5 4 2 4 2 2 7 3 2 7 7 3 4 3 4 4 7 3
5 5 3 5 2 4 5 7 2 4 5 3 6 5 5 6 2 4 7 7 6 7 3 4 7 7 2 5 2 5 4 6 5 2 6 6 2 3 6 3 3 6 7 5 3 4 6 4 4 4 3 4 6 2 4 7 3 2 7 4 2 5 7 5 2 5 6 4 6 2 2 7 3 6 5 2 3 2 7 4 5 4 4 7 6 6 6 6 5 2 5 6 7 6 2 0 3 5 2 6 7 5 7 6 6 7 4 6 5 7 3 4 4 5 5 4 2 2 4 5 2 4 5 7 4 2 4 7 7 6 3 4 7 3 7 6 5 7 5 7 6 2 2 6 4 2 7 4 5 6 5 7 5 3 2 2 3 6 2 6 4 5 6 6 7 2 4 3 7 3 7 6 6 3 7 5 5 2 3 5 6 3 4 2 5 2 4 4 7 5 4 6 6 5 6 7 2 5 4 3
4 6 4 6 7 7 5 6 3 6 7 2 2 6 3 5 3 5 7 6 2 7 7 2 2 3 3 5 5 2 2 3 6 2 4 6 2 4 2 7 4 6 3 2 3 3 5 6 5 6 6 7 7 5 4 2 2 7 3 5 5 6 5 7 3 4 7 2 3 5 7 4 4 7 2 3 3 7 5 7 7 5 7 3 6 2 7 5 4 5 6 2 6 3 4 7 3 3 4 7 5 3 7 4 5 7 4 4 2 4 5 2 7 5 5 4 5 4 7 2 2 3 3 2 5 5 7 5 2 4 3 5 7 2 2 4 2 4 3 7 5 4 2 3 4 6 2 7 2 4 4 3 7 5 2 7 6 4 7 6 6 5 3 7 7 5 7 3 7 6 5 5 7 2 3 6 5 7 5 7 4 3 7 7 7 2 7 5 6 2 4 5 4 3 6 2 6 6 5 7
2 3 2 6 5 3 4 5 5 6 3 5 2 3 7 6 6 5 5 4 6 5 5 5 7 3 5 6 6 2 4 3 4 7 7 3 2 3 3 3 5 2 7 6 4 7 5 3 3 2 7 3 4 3 7 6 2 4 3 6 2 7 5 2 5 7 3 2 5 7 4 3 7 7 3 4 3 5 5 4 6 2 7 7 4 2 4 3 2 5 5 5 4 2 7 3 5 4 5 3 6 6 4 5 5 6 7 6 7 2 7 2 3 7 5 2 7 6 4 4 4 3 7 2 5 4 5 7 5 4 6 5 4 2 2 3 6 2 3 2 6 5 7 4 7 5 4 4 2 0 7 2 7 5 4 4 2 4 3 6 5 3 6 2 7 2 4 6 6 7 5 6 5 7 6 7 7 4 2 2 2 4 4 5 4 5 4 3 6 2 2 5 2 4 4 3 2 6 2 7
2 7 7 6 7 6 6 7 3 7 7 5 3 6 4 5 6 3 6 5 6 3 2 2 5 6 7 7 2 3 3 7 6 5 5 7 7 2 7 4 5 3 3 7 4 2 2 0 3 4 5 7 7 7 3 5 2 4 5 4 4 3 6 4 6 5 4 7 3 5 6 6 5 7 6 5 3 6 4 3 4 2 7 7 5 3 5 4 3 4 7 7 7 4 5 3 5 7 3 4 7 6 3 2 6 6 6 5 3 2 4 3 7 4 6 2 6 3 4 3 4 2 2 7 5 6 5 3 3 3 2 2 3 7 7 5 6 5 4 3 2 4 2 2 7 3 2 2 4 6 6 6 3 4 2 7 5 7 5 4 7 2 5 2 4 3 2 4 4 2 7 4 7 7 4 6 6 2 4 3 2 2 2 3 3 2 7 7 7 6 6 4 6 7 2 6 2 6 3 5
7 5 4 6 5 5 2 3 5 6 7 7 7 6 6 5 3 6 5 5 4 5 3 3 6 7 5 6 7 4 6 5 7 5 6 6 5 7 2 3 7 7 5 5 6 2 6 7 6 4 2 4 6 6 6 2 6 3 3 4 5 7 5 6 7 3 5 5 3 2 5 6 6 2 7 2 7 2 4 4 5 3 2 7 2 2 3 4 2 5 5 4 7 2 3 7 5 4 6 7 7 7 3 4 2 3 5 3 5 6 3 4 4 6 3 4 4 3 6 6 2 4 7 7 3 4 6 2 5 3 2 4 4 4 3 6 5 5 7 6 2 0 6 4 7 6 4 6 3 4 4 7 5 4 5 2 7 6 7 3 4 5 6 3 4 5 3 6 2 7 6 5 5 2 6 5 5 6 7 5 7 2 5 4 4 6 4 2 4 6 2 7 5 2 2 2 6 3 2 6
5 6 3 3 4 7 6 4 2 3 5 6 5 7 2 3 5 2 3 5 3 4 4 3 4 4 2 4 7 3 4 7 4 2 5 4 5 7 4 5 4 2 4 4 2 6 4 6 3 6 4 7 3 2 2 4 3 6 6 3 3 6 5 3 3 7 3 3 3 7 2 4 4 2 2 4 2 2 6 3 4 4 7 2 3 3 2 2 4 3 3 5 5 5 3 6 4 2 6 4 2 3 2 5 7 3 5 4 2 7 2 2 4 6 7 3 6 4 5 6 7 2 3 7 2 3 3 6 6 7 2 5 7 3 2 6 7 4 4 3 2 3 4 7 2 5 5 6 7 6 2 2 7 5 3 6 4 2 6 7 4 7 7 4 2 3 4 4 7 3 3 5 3 7 6 4 7 6 2 3 2 4 5 3 4 3 4 7 5 4 7 5 7 6 2 3 4 6 3 2
6 3 6 3 5 2 2 7 2 7 4 4 6 7 6 5 4 7 4 3 7 3 2 6 6 6 5 4 2 2 5 5 5 4 7 6 4 6 6 7 3 2 5 5 4 2 7 5 6 2 5 3 6 5 3 4 6 7 7 3 5 3 7 7 6 4 3 6 5 3 7 7 4 4 7 4 7 5 3 6 7 3 3 5 4 3 2 6 4 5 4 2 3 2 3 7 3 7 6 6 2 7 5 5 3 6 3 2 6 4 6 2 6 3 6 7 7 6 7 7 4 3 4 7 7 4 2 4 2 5 6 2 5 6 2 2 3 6 4 5 4 6 6 3 4 3 2 5 5 3 7 2 2 7 2 4 5 4 5 6 4 5 6 4 3 7 7 7 6 6 5 3 6 2 3 4 7 3 6 7 4 2 4 5 7 3 3 4 7 2 2 5 5 3 2 3 2 2 5 6
3 3 3 7 2 2 6 3 3 4 4 6 5 2 6 2 6 6 2 7 7 7 7 3 6 2 6 5 2 4 2 3 2 5 4 6 7 5 4 3 2 2 6 2 5 4 3 2 7 4 4 3 6 4 2 2 3 4 4 6 6 5 4 7 4 5 3 7 7 6 4 7 6 5 4 2 2 5 4 5 4 4 7 6 5 6 2 7 5 5 4 4 6 7 6 5 3 7 4 3 2 5 2 5 6 5 2 7 5 3 2 5 3 4 4 2 5 5 4 5 5 7 6 2 6 7 3 7 5 2 7 4 2 5 7 4 7 7 3 4 3 7 5 2 2 4 7 5 2 4 2 3 5 2 4 7 6 4 5 4 3 5 1 2 7 4 6 4 2 4 6 7 4 7 4 7 7 7 3 7 4 6 6 2 6 5 3 5 6 7 4 2 4 3 4 3 3 6 6 3
6 6 4 5 5 7 7 4 4 6 3 2 6 5 5 2 3 7 3 5 2 3 5 6 6 4 6 7 3 4 2 5 2 6 7 5 6 5 7 3 3 5 7 2 3 3 6 5 3 5 5 3 6 3 2 6 6 4 4 2 5 4 4 4 5 3 3 5 5 5 7 5 7 5 3 3 4 2 6 5 4 3 5 5 0 2 2 2 5 6 6 5 6 5 6 4 2 4 6 4 6 6 5 2 3 7 2 7 7 5 2 7 7 4 6 6 3 3 6 6 7 3 3 6 2 4 3 7 5 6 7 4 5 3 2 2 4 6 3 5 5 5 3 7 7 4 6 5 4 7 7 2 6 4 6 7 6 6 6 6 2 4 5 6 6 3 6 2 2 7 2 5 7 3 3 2 4 6 2 3 6 2 5 7 2 3 7 3 5 5 5 2 6 6 7 5 6 5 2 6
4 4 6 6 3 7 4 4 6 2 4 7 4 4 3 2 7 2 4 6 5 3 7 5 3 6 4 4 5 5 4 6 2 5 6 5 5 6 4 7 7 6 6 2 2 5 4 2 3 6 3 6 4 7 6 3 3 5 7 3 6 2 7 7 6 7 7 3 3 7 7 6 4 3 5 5 5 3 5 3 4 5 3 5 6 2 5 4 4 4 2 5 4 5 6 5 3 7 3 4 2 2 6 3 6 3 6 6 5 5 2 5 5 2 2 3 3 7 7 7 4 2 6 2 2 7 7 7 2 3 7 3 2 4 6 7 5 7 6 4 5 2 5 7 4 5 2 7 4 2 4 6 3 4 4 6 2 7 6 4 4 2 3 2 7 7 6 7 5 2 6 7 2 7 5 2 3 6 5 5 4 7 2 7 2 3 7 7 2 2 2 2 5 7 6 5 0 5 4 3
7 5 4 2 6 6 4 4 7 2 3 5 6 2 7 5 4 2 7 2 3 7 7 6 4 4 4 2 3 4 3 7 4 6 7 7 5 2 3 7 5 5 5 2 3 6 7 7 7 2 7 3 4 2 6 3 3 4 6 2 3 4 2 5 3 5 3 7 2 4 5 7 6 4 4 4 4 2 6 2 4 5 7 2 7 3 6 6 6 6 4 7 4 2 4 6 4 4 3 7 3 5 3 3 2 3 5 2 6 7 7 2 4 7 3 4 7 6 5 5 3 3 6 5 3 3 3 5 4 5 5 2 5 4 3 6 4 6 6 3 7 2 4 7 7 6 7 4 6 2 4 4 7 7 5 2 6 3 7 2 7 3 5 5 3 6 0 5 3 3 3 6 5 3 3 7 7 6 4 6 3 7 2 3 4 3 2 4 3 5 2 3 4 6 6 2 3 5 3 4
4 5 4 4 2 3 7 3 7 4 4 4 5 7 3 5 4 5 3 7 5 3 7 5 4 4 6 3 5 6 7 3 6 3 7 3 2 2 3 4 3 5 4 3 3 4 6 4 6 3 4 2 2 7 2 6 3 6 7 5 6 2 4 2 5 3 5 7 5 4 4 2 6 2 4 5 6 7 6 2 6 6 6 7 4 5 3 2 6 3 5 3 5 5 4 2 6 7 6 6 3 6 6 5 4 5 4 3 5 6 2 3 6 7 5 4 5 4 6 4 3 5 5 5 3 6 3 5 7 2 2 4 4 7 6 5 7 2 5 3 6 2 4 7 0 2 4 5 5 3 2 6 6 5 6 2 5 4 2 3 3 2 6 2 4 7 5 4 3 7 3 6 6 2 3 6 3 7 7 6 2 7 2 5 5 6 5 3 5 5 6 4 2 2 5 6 5 2 7 7
7 3 7 4 6 6 2 2 2 4 2 5 2 2 3 2 7 5 7 4 3 3 2 4 4 7 0 2 5 6 7 6 4 3 4 3 4 5 4 6 6 3 2 4 4 6 4 4 7 6 5 2 7 7 4 7 3 6 4 3 2 6 5 3 6 4 5 3 6 6 2 4 7 7 4 2 5 7 4 4 5 2 3 6 5 4 2 6 3 3 6 6 4 7 2 3 4 3 2 5 6 3 5 5 6 6 5 3 3 5 5 6 2 5 4 4 7 5 2 6 4 6 2 4 7 5 6 4 6 6 6 3 7 7 7 3 4 6 2 4 3 5 6 7 7 5 6 7 4 6 3 4 3 3 6 4 2 6 6 4 4 6 7 4 6 4 3 4 3 3 3 2 7 3 4 7 7 5 5 7 4 4 4 2 4 7 5 7 7 5 2 5 6 7 3 7 2 5 3 5
7 5 7 3 4 7 6 5 7 6 2 7 4 7 4 5 4 3 6 7 5 4 2 2 2 4 5 6 7 5 5 5 4 4 6 6 7 2 6 5 2 6 3 5 3 5 7 5 4 3 7 2 6 6 6 3 2 4 6 5 4 2 3 4 7 7 6 3 2 6 3 2 4 2 4 5 2 3 4 3 4 4 6 2 3 7 6 6 6 5 3 7 4 6 6 2 5 7 2 3 3 7 4 2 5 4 7 7 5 3 4 4 2 4 4 4 3 5 7 3 5 7 3 6 6 5 4 2 4 2 2 5 3 5 4 3 6 4 6 6 2 5 7 6 6 5 5 3 4 6 7 3 6 7 6 7 3 2 3 2 3 4 7 7 7 5 4 5 4 1 4 3 5 6 2 7 6 2 4 5 6 3 7 6 5 2 6 2 5 4 4 3 4 3 7 3 6 4 4 2
7 5 7 3 5 2 2 4 4 4 4 4 3 2 3 2 2 4 7 5 4 3 6 2 4 6 3 7 5 4 5 7 7 7 5 7 7 7 6 6 7 7 5 7 5 7 2 3 5 3 2 5 4 6 6 7 6 4 4 7 0 2 4 2 4 4 6 4 7 3 6 2 2 2 5 7 4 2 7 5 2 6 7 3 2 7 6 3 2 7 2 4 7 7 6 2 2 3 2 2 4 3 3 3 4 3 6 7 5 4 4 5 7 4 7 2 5 3 6 3 7 5 4 5 6 2 7 7 5 4 4 6 2 2 6 4 3 2 3 3 4 2 6 3 6 2 4 7 3 6 5 6 5 4 4 3 3 2 6 4 2 7 7 5 3 4 4 6 2 7 7 4 5 4 2 5 3 6 5 3 2 5 4 3 2 5 3 2 5 4 6 2 2 4 4 6 4 2 6 3
3 7 2 5 7 5 5 6 4 2 6 3 7 7 4 2 6 5 2 3 3 7 6 6 6 2 5 4 2 0 6 4 2 5 3 2 7 2 4 2 6 4 7 3 6 2 3 6 4 4 7 2 2 2 7 6 7 5 6 7 3 6 5 4 4 5 5 6 7 7 2 5 2 3 4 4 6 3 4 2 3 3 2 5 6 3 3 5 3 6 2 7 5 5 4 6 6 3 4 7 3 7 7 6 4 5 2 7 5 2 5 7 2 3 5 6 6 7 5 3 3 6 4 3 7 6 7 3 5 2 5 7 6 7 6 2 5 5 5 7 5 3 6 5 4 2 6 6 5 6 2 4 3 6 4 7 3 7 3 6 7 2 5 4 5 3 4 2 3 6 3 5 4 4 6 6 2 3 4 4 7 4 3 3 5 7 3 4 5 3 5 5 5 3 3 6 4 3 6 5
7 3 6 2 4 6 2 6 4 6 2 4 6 7 2 5 5 4 3 4 5 4 3 7 7 6 7 3 3 6 6 2 3 2 6 3 3 3 7 3 2 6 2 6 6 7 7 7 6 5 4 7 6 2 3 7 3 3 4 3 3 4 5 7 6 4 2 4 3 3 4 3 2 7 7 6 5 7 3 4 5 4 4 6 7 7 2 4 3 6 3 7 3 4 4 4 5 2 2 0 2 6 4 3 5 5 4 6 2 7 7 2 6 2 7 5 2 2 6 7 6 6 5 4 7 7 2 3 3 5 3 7 5 7 4 5 5 6 4 7 5 7 5 2 3 7 2 3 7 7 6 3 4 3 7 6 7 6 2 3 7 4 2 2 6 5 4 2 5 2 2 6 2 7 6 5 5 4 3 6 4 5 4 4 6 2 2 6 7 2 5 4 6 5 4 6 4 2 2 2
7 6 3 6 2 6 5 2 3 5 5 2 3 6 4 4 5 6 4 5 5 5 5 6 4 7 3 2 3 4 7 7 7 4 6 5 6 6 7 7 7 3 7 4 6 6 5 7 7 3 3 7 4 3 2 5 5 6 7 3 6 2 2 6 3 2 5 5 4 4 7 7 7 4 3 5 5 4 4 5 5 7 6 4 7 2 3 7 4 5 6 7 5 5 2 3 6 5 5 3 4 5 2 5 4 6 3 5 2 7 3 5 5 5 5 7 3 2 4 5 4 7 4 3 2 5 7 4 2 2 5 6 6 4 6 2 4 2 4 6 7 5 5 3 6 7 7 5 7 3 6 6 7 3 6 5 5 7 7 3 5 3 7 4 7 3 7 3 2 7 3 4 2 6 3 7 2 5 2 6 5 0 6 7 7 5 7 2 2 4 2 4 2 2 7 2 4 3 2 3
6 7 4 4 2 3 5 2 6 6 6 4 3 7 7 4 5 6 6 5 4 2 5 2 4 7 3 5 5 6 4 4 2 3 7 6 3 3 5 2 6 4 2 6 4 3 2 3 5 3 2 4 2 7 6 2 7 7 3 3 4 6 7 2 4 6 2 7 6 2 3 5 7 5 7 5 7 2 2 2 6 7 3 5 2 5 7 2 3 7 7 2 5 6 4 6 7 2 6 4 6 2 6 5 7 4 4 3 6 6 7 3 4 2 7 2 7 6 7 4 3 3 5 3 7 3 4 6 3 2 3 2 5 7 2 4 2 4 7 4 3 2 3 7 7 7 7 6 2 5 2 2 3 5 3 5 6 6 3 3 4 3 6 5 5 2 4 7 7 6 3 6 5 5 5 6 5 6 6 3 7 3 3 2 2 7 2 4 2 6 7 6 6 3 5 7 7 7 7 7
3 5 3 4 7 3 4 5 2 2 5 3 7 3 5 2 2 2 5 3 5 5 2 7 6 5 6 6 6 3 6 2 4 7 5 6 3 2 6 4 4 4 4 4 3 4 6 4 5 3 7 5 2 5 6 4 3 2 4 5 3 5 4 5 7 2 7 4 6 5 5 6 3 4 3 6 3 2 7 2 4 7 5 3 3 6 1 7 7 6 5 6 5 6 3 5 4 3 6 6 2 2 5 6 2 3 2 7 5 6 3 5 5 3 4 3 4 5 7 2 6 6 4 7 4 2 2 5 2 2 7 6 6 2 5 7 6 6 7 3 3 4 4 7 6 3 7 6 5 4 5 4 4 3 2 4 2 7 3 5 3 5 3 6 3 2 4 7 7 5 6 5 7 7 4 7 5 7 6 7 7 3 4 6 7 2 4 3 7 7 6 7 6 2 6 4 4 5 3 7
4 4 2 2 5 2 3 4 3 4 6 6 0 2 6 6 6 7 5 2 6 5 6 3 6 2 5 5 2 6 5 2 7 6 7 5 6 3 6 6 7 4 6 6 5 4 3 6 7 4 5 7 4 5 7 2 3 4 4 5 2 7 5 4 2 6 2 4 5 7 3 5 3 5 7 2 4 5 2 4 5 2 5 7 5 6 2 4 3 3 4 5 4 3 4 6 6 4 3 4 7 5 6 2 4 5 3 4 6 5 7 2 4 3 5 5 5 4 4 3 3 6 7 5 7 6 3 5 5 7 7 7 2 4 6 5 4 2 6 7 4 2 3 6 4 2 2 2 2 2 2 6 6 4 2 7 2 2 7 4 7 6 3 5 3 6 6 3 3 5 6 3 3 4 3 4 2 7 5 5 5 5 3 2 6 6 4 5 7 7 5 2 5 3 6 3 6 2 6 4
4 4 7 4 3 5 5 7 2 2 6 6 6 7 4 3 5 3 6 5 7 7 2 6 4 4 4 7 5 3 5 5 6 7 4 4 5 7 4 2 3 2 6 4 6 4 5 4 3 2 7 3 2 4 3 5 3 3 3 2 6 3 5 4 7 2 6 4 6 5 5 3 5 6 7 2 2 7 5 6 7 4 6 5 6 6 5 3 7 2 3 6 4 2 7 7 2 6 0 7 5 4 2 3 2 4 2 6 2 6 3 5 4 4 5 3 7 7 3 3 6 4 5 3 3 7 2 5 3 2 4 4 6 7 4 5 5 4 7 4 3 4 7 2 6 3 7 4 7 5 7 2 6 2 5 7 6 4 5 5 4 2 3 3 6 3 7 5 3 6 6 4 2 6 7 7 4 4 5 3 2 6 4 7 7 6 7 3 7 7 5 5 6 4 3 2 7 4 7 2
3 4 4 7 6 5 5 5 7 6 4 5 3 2 5 5 6 7 5 3 6 5 7 2 4 6 6 5 7 2 2 2 6 6 4 3 3 3 4 5 3 2 7 4 5 5 5 7 5 3 5 2 7 6 4 3 3 7 4 2 3 7 4 3 7 6 6 6 3 6 7 5 7 6 3 5 7 7 6 5 4 5 5 3 3 3 4 3 4 4 7 7 2 6 7 5 5 6 3 7 4 4 5 4 7 2 3 4 6 6 6 7 4 5 2 4 7 5 2 4 7 5 4 5 0 3 6 5 7 6 7 6 6 5 5 7 6 6 4 4 7 7 7 4 3 3 7 6 2 2 4 2 2 2 2 5 6 7 4 7 5 5 4 3 6 3 5 3 5 3 3 6 7 6 6 6 3 4 5 6 5 6 6 3 3 2 7 6 7 6 2 7 2 2 5 4 5 3 3 7
7 2 5 2 3 3 7 7 4 2 2 7 3 2 4 4 2 7 3 3 5 3 2 4 4 4 5 5 7 6 4 6 2 2 2 5 7 2 3 2 4 7 2 6 5 4 5 4 4 7 4 3 4 2 2 5 6 4 4 4 6 2 7 7 2 5 4 4 7 3 5 5 4 2 5 5 7 5 3 2 3 4 4 4 7 3 7 1 6 7 5 7 7 7 4 6 3 5 3 3 4 5 5 6 6 2 2 7 4 6 3 6 2 4 5 5 7 3 5 7 2 3 2 4 7 6 4 4 6 5 5 5 4 4 5 3 4 2 6 6 7 7 3 4 2 5 3 3 6 7 4 5 7 6 6 6 6 5 7 5 7 7 3 6 2 4 5 7 3 7 2 6 7 7 3 4 6 5 3 7 4 4 7 6 3 3 7 4 6 4 4 6 7 3 2 5 3 6 6 7
7 7 7 6 7 4 7 2 5 2 2 3 6 5 6 4 4 6 7 7 4 3 6 6 7 7 2 2 7 3 2 7 6 3 7 4 3 6 5 2 2 6 2 5 4 7 4 2 5 5 2 7 4 6 7 2 5 2 5 1 7 3 7 6 2 5 5 4 4 5 3 6 6 2 4 4 5 4 5 7 3 2 2 6 2 7 7 4 5 5 5 4 4 2 5 6 6 4 2 7 2 7 3 3 4 4 5 5 6 3 6 7 6 5 6 3 6 6 3 2 4 3 4 6 2 2 4 6 2 3 5 4 3 2 4 7 6 2 7 7 4 5 5 2 5 6 5 6 7 5 4 6 7 7 7 2 4 4 6 6 3 4 3 3 6 2 4 4 2 6 3 6 6 6 3 6 7 6 5 5 2 3 5 7 3 6 3 4 5 7 7 5 2 6 6 4 5 7 7 2
6 3 7 2 3 5 7 4 2 2 6 5 7 3 7 2 6 3 5 5 4 5 4 5 6 7 7 5 5 4 3 6 2 2 3 4 4 2 6 6 4 5 4 2 7 2 3 7 5 4 5 5 6 6 5 4 7 6 2 6 2 2 2 5 6 6 4 6 6 5 3 5 5 5 5 6 5 7 6 3 2 5 2 3 3 4 2 2 3 5 3 3 7 2 4 6 3 6 6 4 2 4 3 2 2 4 3 6 7 2 5 2 5 7 2 2 7 5 5 6 5 2 2 0 4 3 5 2 6 7 4 3 6 6 7 5 4 6 3 2 3 4 6 5 7 6 7 5 5 5 2 6 2 5 3 3 4 5 2 2 2 2 2 3 7 6 5 3 4 5 4 2 5 2 4 4 6 5 6 3 5 5 6 4 5 3 6 6 5 4 3 5 2 2 5 6 3 3 5 6
4 6 5 4 7 2 7 6 6 7 2 5 2 5 4 3 4 6 7 3 7 4 7 5 4 6 7 3 6 3 2 5 7 3 6 6 7 2 3 6 4 7 5 6 5 4 3 2 7 1 6 6 7 5 5 2 2 3 5 3 3 3 5 7 3 2 2 4 5 6 3 4 3 7 2 3 3 4 4 3 3 5 3 4 3 7 4 5 5 3 2 3 2 7 5 3 7 5 2 3 3 4 3 6 6 3 5 6 2 2 5 5 7 7 4 3 7 7 2 7 4 4 3 2 3 2 5 6 6 5 7 4 6 4 7 5 3 6 4 4 2 5 2 5 6 5 3 6 5 2 7 2 7 6 2 2 5 3 3 7 7 2 7 4 7 5 6 4 6 5 7 3 2 7 4 7 4 5 2 4 5 4 2 7 5 7 3 5 6 2 7 4 2 5 6 4 5 4 5 2
5 3 7 6 6 3 7 4 4 6 7 3 2 4 6 3 4 7 4 3 4 7 5 2 5 6 3 7 5 5 4 4 7 5 7 7 2 7 7 2 4 5 4 3 4 6 2 5 7 7 6 4 5 6 5 5 7 6 4 6 4 3 5 6 5 7 7 5 2 6 3 6 3 7 2 3 4 3 7 2 3 3 3 2 4 3 2 5 7 6 6 4 5 6 6 2 7 5 3 2 7 7 4 5 5 2 5 2 3 4 3 5 5 2 4 7 3 2 2 3 3 4 4 6 7 5 4 7 4 2 5 4 7 6 2 6 3 6 4 2 6 3 2 7 5 3 4 4 2 7 2 2 5 5 2 7 5 7 5 2 5 5 6 3 6 6 2 6 3 5 5 2 2 5 2 4 4 5 7 5 7 5 7 5 4 5 4 2 4 6 4 3 2 6 4 5 7 6 2 3
3 7 5 5 5 5 3 3 4 5 3 6 6 5 3 2 2 2 3 7 3 5 2 6 5 6 7 3 7 5 5 5 2 3 7 7 5 3 4 6 6 7 4 4 3 4 3 5 2 3 2 5 5 4 3 5 6 3 6 6 4 6 7 5 3 7 6 4 5 3 3 6 7 4 6 3 5 6 4 6 4 7 0 2 3 3 7 7 2 5 6 4 4 7 5 6 3 4 3 3 6 5 7 5 7 3 6 4 5 6 2 6 6 3 2 6 3 4 6 3 6 2 3 2 2 2 7 3 4 5 3 3 5 5 7 4 2 5 3 5 7 5 3 2 2 5 4 2 5 7 7 4 4 5 7 6 7 5 2 4 3 3 3 3 2 6 3 7 7 7 6 3 3 2 2 5 2 7 2 7 6 7 6 6 3 7 2 7 4 3 2 6 7 2 5 7 7 2 3 6
5 6 2 4 2 6 4 2 3 6 5 3 3 3 2 5 5 5 4 3 4 6 6 4 6 5 2 5 7 6 6 7 6 6 7 5 4 6 5 1 4 5 6 4 6 7 2 7 4 4 4 2 6 3 7 4 4 3 6 4 2 7 3 2 3 6 5 6 4 5 4 7 7 6 7 5 6 3 4 5 2 3 3 3 5 6 3 3 6 4 6 7 3 4 6 3 3 6 2 5 3 3 7 7 6 4 4 3 4 6 5 3 5 3 6 4 6 5 4 7 5 4 5 2 2 6 6 5 5 3 7 7 5 5 5 5 2 2 2 2 7 4 7 6 5 7 4 5 4 7 4 7 2 5 7 4 7 2 3 6 3 5 7 2 4 7 5 3 5 2 7 5 3 3 3 7 7 4 5 2 5 2 6 5 7 4 3 7 7 6 7 4 4 7 4 6 7 3 5 4
6 2 7 3 2 4 6 3 6 3 7 4 7 6 3 3 4 5 6 3 3 4 5 7 5 4 7 5 3 3 2 3 7 2 5 3 3 2 5 2 5 3 2 3 5 5 4 4 4 6 3 2 3 5 5 4 2 7 4 5 4 4 2 7 4 4 6 2 2 6 4 3 3 0 5 2 4 7 4 4 2 3 2 2 4 7 6 2 4 4 4 4 2 7 6 4 3 2 6 7 6 6 2 3 4 6 7 2 3 4 7 5 2 3 4 3 4 7 2 5 2 3 4 3 6 6 7 6 7 2 2 6 4 6 6 2 3 4 6 6 3 3 2 3 2 3 7 3 4 4 5 7 2 2 7 6 5 6 2 7 3 5 4 5 6 2 4 7 4 6 5 6 2 7 2 6 4 4 4 2 2 6 5 7 2 4 6 2 3 2 4 4 2 7 5 2 2 2 4 7
5 3 3 7 5 5 2 5 5 6 3 2 6 3 7 4 7 6 2 4 5 5 3 2 4 7 7 2 6 5 3 7 7 6 2 4 5 4 4 7 6 3 5 4 7 2 2 2 2 2 7 7 6 6 3 7 7 5 5 2 4 6 4 2 7 7 5 5 5 6 5 4 3 5 2 6 6 3 3 4 4 6 4 7 7 2 6 2 2 2 3 4 3 2 2 6 6 5 3 7 7 3 4 4 3 6 4 6 2 6 4 4 2 4 4 2 2 6 6 0 6 3 5 4 7 7 2 5 3 5 5 5 2 2 5 7 4 5 3 3 3 4 2 4 4 2 3 4 3 5 3 2 2 7 6 5 5 3 6 4 6 5 4 3 5 2 6 5 6 7 4 4 5 6 3 7 6 6 3 4 5 2 4 3 5 7 6 2 6 4 6 6 7 3 7 3 6 6 3 6
5 4 7 7 3 7 5 7 6 3 3 2 6 4 6 2 4 6 4 6 4 7 2 5 2 5 7 7 7 3 2 3 5 7 7 4 5 6 6 5 5 4 2 4 2 6 3 4 5 4 7 5 7 2 4 2 4 7 2 2 4 4 3 4 5 2 4 2 2 6 5 5 4 7 6 6 2 6 6 5 2 4 3 6 5 7 7 3 5 7 2 7 2 2 6 7 5 4 6 4 3 4 3 6 5 3 6 5 5 2 2 5 4 4 3 6 3 3 6 2 2 6 6 2 7 4 6 7 2 4 6 2 4 7 6 6 5 4 2 2 5 3 5 4 7 4 6 5 2 3 4 4 2 6 5 7 7 3 5 7 0 5 7 6 6 7 2 4 5 3 5 6 5 5 5 2 5 6 4 3 2 3 4 5 7 5 7 6 7 2 3 6 4 3 7 2 5 7 5 6
6 2 7 3 2 2 2 4 4 2 7 4 7 2 3 4 4 4 7 3 2 3 5 7 3 3 4 3 6 5 4 5 2 6 3 6 5 7 4 4 7 4 5 4 6 2 2 7 4 4 4 6 3 4 7 5 2 7 3 7 2 6 2 7 2 4 3 7 6 5 6 7 6 3 3 4 6 4 4 3 6 4 5 4 6 4 2 5 6 7 7 5 4 6 7 5 2 2 6 6 2 7 5 6 7 5 5 5 3 5 5 6 5 2 7 5 6 3 3 7 7 4 7 2 5 7 5 7 3 2 7 4 4 6 3 5 2 5 6 3 7 5 2 5 4 7 2 4 5 6 5 3 6 4 3 6 2 2 7 4 7 3 3 4 2 6 4 5 7 2 3 4 5 6 4 6 4 5 6 7 3 2 6 5 6 7 2 2 5 4 5 3 2 2 4 5 7 3 5 6
3 3 4 4 7 7 6 4 3 2 4 2 3 6 4 5 2 4 2 2 2 3 7 5 6 6 2 3 3 4 6 6 2 5 7 2 6 3 3 5 6 2 7 6 4 6 2 7 2 7 7 6 4 7 6 7 2 7 2 4 4 4 5 6 2 5 2 7 2 5 6 6 5 5 4 7 6 4 6 5 4 4 7 7 3 6 4 5 2 4 5 6 5 5 4 3 3 4 6 6 5 4 2 6 6 2 3 7 5 4 4 4 2 7 6 7 4 3 4 6 3 4 2 4 2 2 2 6 3 2 2 2 3 2 2 2 7 3 6 6 5 4 4 2 2 5 7 3 5 4 3 2 3 7 7 5 3 2 7 7 6 6 4 2 3 7 2 6 6 7 6 5 2 2 6 7 2 2 3 4 3 6 5 2 6 3 5 3 6 7 3 7 6 5 5 5 7 3 6 2
6 3 5 3 2 2 2 2 5 4 2 2 3 6 2 7 7 6 4 7 2 5 4 7 4 6 4 6 5 5 3 7 7 6 3 2 1 3 2 5 6 2 2 7 5 4 3 6 3 7 5 3 5 3 2 3 7 2 5 4 6 5 6 4 3 4 3 4 4 3 6 6 7 5 3 2 6 3 2 5 6 7 6 4 5 3 7 2 5 3 7 5 4 7 6 6 3 5 3 2 3 2 3 5 3 3 2 7 3 3 4 4 2 4 4 3 4 5 4 5 5 6 6 2 6 5 3 7 2 7 3 4 4 2 2 4 5 6 4 2 5 3 6 6 6 5 4 2 3 3 5 5 2 2 5 4 2 2 6 5 5 3 3 5 3 7 6 3 2 3 3 3 5 5 4 2 7 6 3 6 5 3 2 6 4 3 3 7 2 6 6 6 4 7 3 6 3 5 7 4
7 4 5 2 2 3 7 3 3 7 7 5 4 6 4 3 4 5 5 3 6 2 4 7 4 6 7 7 7 3 4 3 4 6 3 6 3 7 2 3 6 3 2 2 5 4 4 3 2 6 3 3 5 7 5 6 4 4 6 4 5 7 4 4 2 2 4 4 7 7 2 6 2 5 4 5 4 6 2 6 4 2 2 5 5 4 4 3 7 6 6 2 2 3 5 7 6 7 4 5 5 7 3 2 2 3 2 6 2 4 7 5 3 7 7 2 6 3 5 6 2 5 7 6 4 6 6 7 7 3 5 3 3 5 7 7 6 3 3 3 5 7 2 2 6 5 7 2 3 6 6 3 5 5 3 2 6 4 3 7 7 2 7 5 3 2 3 2 7 5 6 5 2 5 5 6 6 7 7 7 7 4 3 3 4 6 7 6 2 2 5 4 2 2 3 5 2 0 3 6
2 7 5 3 7 6 3 7 2 3 4 6 5 4 5 3 6 7 3 7 5 5 3 6 2 4 5 4 6 4 4 7 4 5 6 2 6 3 3 6 5 5 6 6 4 2 3 2 6 2 4 6 7 6 7 7 2 5 3 5 5 7 5 7 3 7 3 6 4 3 4 7 4 3 6 4 2 5 5 6 6 2 5 2 4 6 3 3 3 5 2 4 6 5 3 4 5 4 4 6 5 4 6 2 4 2 4 6 3 7 7 7 4 6 3 2 7 3 4 4 3 4 7 3 4 3 6 5 6 7 2 2 4 7 7 2 2 6 2 2 3 4 2 5 4 5 4 4 5 3 2 7 7 6 2 6 4 4 6 4 6 4 5 2 6 5 7 2 3 5 3 5 3 5 3 4 3 3 4 5 2 3 4 7 6 6 4 4 4 6 5 6 6 4 4 6 7 3 6 2
7 4 6 2 3 7 6 4 3 6 6 5 3 2 3 4 3 4 6 3 4 5 2 5 3 7 5 3 6 2 2 6 7 7 4 6 2 3 3 2 4 4 4 6 2 3 2 4 7 5 3 5 3 3 4 2 2 4 7 7 3 4 7 2 7 4 3 6 3 7 3 6 3 3 6 3 6 7 5 6 3 3 7 7 2 7 7 4 4 6 2 3 4 4 6 6 2 6 2 2 5 2 5 7 7 5 3 4 5 5 6 4 4 5 6 7 2 4 4 7 7 4 6 6 4 5 6 6 5 5 4 2 4 7 4 5 3 7 2 3 2 3 3 7 5 7 5 2 6 6 6 7 5 6 5 7 3 7 3 7 4 7 5 5 2 0 4 4 4 7 6 2 7 5 4 4 6 7 3 4 7 7 7 6 4 7 3 7 4 7 3 3 2 5 6 4 3 4 5 5
6 7 5 6 2 4 7 5 4 3 7 5 5 4 2 3 5 6 6 7 2 6 7 6 4 3 6 3 7 7 3 4 3 7 4 7 4 5 7 7 2 3 7 3 4 5 3 5 7 4 7 6 4 7 7 2 6 6 0 4 3 6 5 7 5 6 7 6 7 3 6 3 7 4 4 6 4 7 7 3 5 7 7 4 7 7 7 2 7 7 6 6 4 5 6 2 7 4 3 5 4 5 6 3 3 2 5 3 3 7 4 7 6 3 2 2 2 4 2 7 5 4 2 4 6 2 6 3 2 6 4 4 6 4 7 4 7 2 4 3 2 3 4 5 5 2 5 3 7 4 7 2 2 3 3 7 5 2 3 2 2 6 5 5 5 7 4 4 5 6 6 6 2 3 5 4 6 7 3 4 6 6 5 4 2 6 6 7 6 7 7 5 4 7 4 2 5 2 7 3
2 3 3 7 3 2 5 7 4 3 6 2 6 7 4 3 6 7 6 3 2 6 7 4 4 3 7 7 4 2 0 6 5 2 4 2 7 3 4 5 5 2 3 3 5 2 2 2 6 2 2 5 7 3 7 7 7 4 2 3 7 2 4 6 5 4 5 7 6 3 6 5 4 5 5 6 6 4 3 6 6 5 2 3 5 6 7 4 5 4 5 5 6 2 4 5 3 5 4 2 5 5 3 5 6 6 4 7 5 2 4 7 5 5 5 3 3 6 7 5 2 4 7 4 6 5 4 3 3 6 3 4 7 3 5 2 5 4 2 2 6 2 2 2 6 6 3 4 4 2 6 3 5 7 4 5 7 3 6 4 5 7 5 3 7 3 3 4 7 5 4 5 6 7 4 2 3 6 5 5 7 3 4 6 5 3 2 2 6 5 3 7 4 6 2 5 7 4 7 3
7 6 5 6 7 6 7 7 6 5 2 3 7 5 2 5 2 5 4 6 6 4 3 7 5 7 3 2 4 7 2 7 2 6 7 4 2 3 6 6 3 3 5 5 7 5 7 2 5 3 5 2 3 2 2 2 6 2 2 4 4 6 4 3 6 7 5 6 3 2 2 4 7 5 6 4 5 3 3 3 6 2 7 2 3 7 5 3 6 4 2 3 3 4 5 6 2 2 4 4 2 6 4 3 6 3 7 6 2 7 5 2 6 7 2 2 2 3 7 3 4 3 4 5 2 2 6 7 6 2 3 5 3 6 6 5 2 3 3 7 3 6 4 4 7 7 5 6 7 2 2 4 7 7 4 5 4 5 6 3 4 5 3 5 2 5 2 2 6 5 3 6 6 3 3 5 2 4 7 7 6 4 3 2 3 2 7 7 6 6 4 2 5 7 2 6 2 5 2 2
7 4 6 3 4 4 2 2 2 3 6 4 3 4 4 4 3 3 4 5 2 7 4 4 2 4 7 6 3 6 2 7 2 5 7 6 2 3 4 2 6 6 6 1 3 2 3 7 2 4 4 7 5 2 7 2 6 6 3 5 4 4 6 7 2 3 4 2 7 4 6 3 4 4 4 7 5 5 4 6 3 7 2 7 5 2 7 2 2 3 5 6 3 3 4 6 4 3 4 7 5 3 5 5 6 7 2 5 4 3 7 6 2 6 5 3 7 2 4 4 5 3 2 4 5 3 6 6 3 5 7 2 5 7 7 6 7 3 3 5 7 7 2 6 3 4 6 4 6 2 3 5 3 6 4 2 2 3 3 7 3 7 7 2 7 2 3 3 7 7 6 2 3 6 4 5 6 2 7 2 2 6 7 5 4 6 3 2 4 6 5 4 5 2 2 2 2 7 5 2
7 3 2 6 2 5 4 6 3 6 5 3 4 6 6 5 4 3 4 2 6 3 4 2 2 6 5 7 7 2 6 3 5 7 5 6 6 5 3 3 7 6 5 7 4 6 2 3 7 2 3 7 2 3 5 5 4 3 6 7 4 5 6 2 6 3 5 6 2 7 4 7 6 6 4 7 2 5 3 5 4 3 4 4 4 7 3 3 4 0 7 2 3 3 4 3 5 3 3 4 6 3 6 7 4 2 3 7 4 4 2 2 5 6 7 2 2 4 2 7 4 4 3 3 3 2 3 7 2 5 7 3 6 6 4 5 3 6 6 3 3 4 6 2 4 4 7 5 6 5 2 4 7 7 3 4 7 4 6 6 6 6 6 5 7 2 6 3 3 2 2 6 7 2 2 2 3 4 6 7 6 3 2 5 5 6 2 5 5 2 4 2 2 7 6 2 6 3 7 4
4 2 4 5 5 5 6 4 7 2 4 2 2 4 4 6 2 5 4 7 4 4 2 2 4 6 2 2 4 7 2 7 7 4 7 5 5 3 3 3 7 3 6 7 5 7 5 3 3 6 4 3 6 5 6 3 3 4 6 2 5 5 2 7 2 3 2 7 6 6 2 4 3 7 4 2 4 2 7 7 6 2 5 3 7 7 6 2 2 4 5 6 5 4 6 6 3 7 4 3 5 6 2 7 2 2 4 7 7 5 7 3 6 7 5 4 7 2 4 2 7 7 6 7 6 3 4 3 3 3 4 6 6 6 7 6 3 6 7 3 7 7 7 7 4 3 2 6 7 7 3 4 5 7 3 3 2 3 4 3 2 7 5 4 6 7 7 5 7 2 5 3 5 3 4 6 2 3 6 3 7 7 2 7 4 7 0 6 6 4 2 5 4 7 7 5 5 4 4 7
2 2 6 6 3 3 3 3 7 2 7 2 3 4 6 3 3 6 4 3 7 5 6 4 6 2 2 5 5 3 7 6 6 2 3 5 7 2 4 5 2 3 7 6 0 7 3 7 5 2 2 4 5 2 6 7 2 5 2 5 7 5 7 3 4 2 7 7 2 7 6 6 4 2 2 5 7 2 5 4 2 5 6 2 7 4 2 5 5 3 4 6 3 4 4 3 3 6 2 4 5 3 5 6 3 5 3 7 6 7 4 4 2 6 7 5 5 6 7 6 4 2 4 2 7 2 5 5 7 2 4 7 7 4 2 3 7 4 6 2 2 3 5 4 6 6 2 4 4 4 7 2 2 6 4 3 2 6 2 7 3 7 7 2 7 4 3 5 3 5 2 5 4 7 6 2 3 7 5 7 4 3 3 7 4 5 5 3 7 3 3 3 3 4 5 5 5 3 3 7
2 6 5 5 5 3 2 6 2 3 5 2 7 5 7 6 5 4 5 5 3 5 3 7 4 2 5 4 6 6 2 4 6 3 7 4 7 6 6 4 6 6 5 4 6 6 2 2 3 5 7 5 2 3 4 4 4 5 5 2 6 7 2 2 6 2 3 2 6 7 3 2 2 2 6 5 6 0 5 7 4 3 4 4 6 6 5 7 4 2 4 5 3 3 6 6 4 6 4 6 4 6 5 5 7 3 4 7 3 7 6 7 4 6 7 4 6 2 5 4 4 4 3 4 7 3 3 6 3 4 2 6 2 6 2 4 2 4 6 7 4 3 6 7 7 7 6 2 4 3 3 6 7 2 2 7 6 5 6 6 5 6 4 6 3 4 2 6 5 2 4 2 4 5 7 7 5 2 7 2 3 6 4 4 5 4 6 7 6 5 7 7 5 2 6 5 5 3 2 5
3 4 5 4 2 4 6 2 6 3 4 2 6 4 6 3 4 2 3 5 7 7 4 7 5 7 2 3 7 6 6 3 7 5 2 4 3 3 2 6 2 4 3 2 5 6 3 6 5 7 7 4 5 5 7 5 6 5 6 7 2 5 2 3 4 5 2 4 4 6 3 2 7 7 7 4 6 6 3 4 4 2 7 6 6 5 5 6 6 6 4 3 6 7 3 2 7 5 7 2 4 3 2 6 4 6 5 7 3 3 6 5 6 7 6 7 4 7 2 2 3 4 7 4 7 4 4 2 6 7 5 2 3 6 2 2 6 5 3 3 6 5 4 3 2 6 4 2 5 7 5 2 6 5 6 7 3 7 3 3 2 7 5 4 5 4 5 3 3 2 2 2 5 6 7 4 7 7 7 6 7 3 4 3 6 3 5 3 6 7 5 4 3 2 7 7 3 2 3 5
3 2 5 6 5 3 4 4 6 3 4 6 6 4 3 2 3 3 4 6 3 7 3 7 3 4 4 7 3 7 6 6 5 5 3 4 6 6 7 2 3 5 2 3 5 3 2 4 4 5 5 3 6 2 4 6 3 3 6 5 7 7 4 5 5 2 4 4 5 4 7 7 7 2 7 3 4 3 5 2 6 3 7 4 6 6 7 6 6 7 3 6 7 7 5 2 5 5 2 5 4 3 3 2 2 5 4 6 5 4 7 5 2 5 3 4 6 4 4 7 6 6 3 3 4 4 7 4 4 6 4 3 5 6 2 5 5 3 2 7 7 5 5 7 5 5 2 4 5 7 4 4 7 7 4 3 3 6 7 6 7 5 4 5 4 7 4 4 3 6 7 2 5 5 2 6 2 5 3 4 2 3 5 6 7 6 3 7 3 3 4 2 3 3 4 6 7 4 7 7
4 5 6 4 6 4 3 3 4 3 7 2 3 4 5 6 2 6 7 4 3 3 2 2 7 7 2 2 5 6 2 2 6 4 2 6 4 7 4 5 2 5 4 2 2 6 4 4 5 6 5 2 7 5 2 4 6 5 4 3 7 7 7 4 7 6 5 4 4 6 6 3 3 4 7 2 5 7 3 2 3 3 3 2 3 5 7 7 3 6 2 3 5 5 5 3 3 4 4 6 6 2 3 6 6 3 5 5 6 7 4 5 6 6 3 4 5 5 4 5 6 7 6 4 7 5 4 7 7 3 5 3 2 7 7 5 4 6 4 3 6 6 4 5 5 3 5 6 4 2 5 2 7 5 5 2 4 5 4 5 3 2 4 2 3 7 6 7 1 6 6 7 3 4 5 3 7 4 5 6 4 6 5 4 4 3 7 6 3 3 3 2 2 3 6 4 7 4 7 7
6 4 3 2 6 7 6 6 2 2 2 3 4 4 3 4 3 6 5 5 3 2 3 6 2 4 2 4 2 6 2 3 6 7 6 3 7 6 7 2 6 5 2 4 2 5 2 5 6 3 3 6 2 3 3 6 5 5 3 4 2 2 2 7 4 2 6 4 4 3 2 3 4 7 3 4 2 4 7 5 4 6 5 7 7 2 2 4 2 2 3 3 5 3 7 6 7 5 4 2 2 7 7 6 5 5 4 5 6 4 5 6 3 6 6 5 3 5 7 4 2 6 7 3 2 2 5 2 2 6 6 5 6 6 3 2 4 6 4 7 5 2 6 2 2 7 5 7 3 4 7 6 4 6 3 5 7 3 6 6 2 7 7 3 2 3 6 7 2 6 7 4 7 3 6 3 3 2 6 5 6 6 4 2 3 3 6 6 5 5 7 2 7 5 3 7 2 6 5 2
2 4 5 6 2 3 2 3 2 6 4 5 4 7 3 5 5 2 3 6 5 3 6 2 5 5 5 4 3 4 4 2 7 5 5 4 2 7 6 6 2 3 2 3 2 5 5 5 2 4 2 7 5 6 3 3 7 6 6 7 6 4 0 5 5 5 4 5 5 5 7 2 5 6 5 3 7 6 3 3 3 5 6 4 6 6 7 6 5 4 4 3 3 6 7 6 3 6 6 7 2 6 5 4 6 5 3 5 2 5 6 2 3 2 7 5 6 3 7 7 5 2 3 7 5 4 4 2 2 7 4 4 3 2 6 5 2 4 2 2 2 5 4 6 7 6 7 2 2 3 6 3 7 5 6 4 2 6 2 2 5 2 5 4 2 2 5 4 4 5 2 3 3 2 6 6 7 2 7 3 6 3 7 4 6 5 5 7 6 6 3 2 7 6 7 4 7 4 4 5
7 2 6 3 6 3 2 6 5 7 7 2 3 2 6 3 5 6 2 6 2 7 4 7 6 6 3 3 5 5 3 5 5 2 5 7 7 6 5 7 3 7 5 3 7 2 5 4 5 3 3 6 6 5 7 7 4 3 5 7 2 2 2 2 7 5 6 3 6 5 6 5 7 2 5 7 5 2 3 4 7 5 7 2 7 5 5 2 6 4 3 2 5 3 2 6 7 5 6 3 6 4 3 4 5 2 5 5 4 4 6 4 4 4 7 3 2 3 5 3 6 6 3 4 5 6 6 5 7 3 3 4 3 6 7 2 2 7 7 7 6 7 2 5 6 3 7 4 7 5 4 4 4 4 6 4 2 4 6 6 2 2 3 7 2 5 2 7 6 7 5 7 4 2 5 2 4 5 2 4 6 5 5 3 4 6 5 5 7 4 6 7 3 4 5 6 3 4 3 7
3 6 2 7 7 3 4 7 7 4 7 4 3 7 6 2 6 6 6 3 7 4 3 4 3 2 3 5 3 6 6 5 2 7 5 3 2 2 7 4 4 6 2 2 7 6 3 2 7 5 4 2 7 4 4 5 7 2 2 4 5 2 5 6 5 4 3 5 4 2 3 3 4 4 7 0 7 3 7 4 3 3 5 7 2 4 2 7 2 4 7 5 4 6 5 5 6 3 4 7 4 3 7 7 7 6 2 2 6 2 6 7 3 3 7 6 3 5 5 7 5 4 7 3 7 7 2 3 2 4 4 5 3 3 2 4 7 3 6 7 7 6 4 4 4 6 5 3 2 3 3 5 4 2 4 5 2 3 6 5 3 3 4 4 4 6 5 4 7 7 2 6 3 3 3 7 6 7 3 7 7 3 3 3 4 7 5 2 6 3 7 5 3 3 2 4 6 5 4 3
7 3 5 7 4 6 7 3 5 5 2 2 4 2 4 4 4 3 5 2 5 6 2 7 6 2 2 4 6 6 6 2 5 7 7 5 7 6 5 6 5 3 5 7 2 6 5 2 2 3 3 6 7 4 4 2 4 2 2 2 5 3 7 5 0 4 7 4 2 6 3 5 4 5 3 6 7 5 3 3 3 6 5 6 5 5 3 7 2 7 3 5 3 4 4 3 3 2 6 6 7 7 3 4 2 6 4 3 3 7 4 5 3 4 2 6 2 4 3 7 7 5 2 5 6 7 2 4 5 2 4 5 2 7 6 4 5 7 7 6 3 4 5 4 2 3 2 4 2 7 5 5 7 6 7 6 5 2 2 7 6 5 3 4 5 6 2 4 2 3 7 3 3 7 2 7 2 4 6 5 3 5 6 7 6 2 3 3 7 7 3 4 7 4 4 2 4 3 5 3
5 7 6 5 5 4 6 7 6 5 2 3 5 5 6 6 7 2 3 3 2 3 7 6 6 4 5 6 4 6 6 6 3 6 6 4 4 4 4 3 7 2 3 4 2 3 3 6 4 6 4 4 6 2 4 4 5 2 5 2 5 3 6 2 2 7 4 5 2 4 6 3 6 6 4 6 6 4 5 7 7 3 6 2 3 4 7 3 7 4 3 4 3 5 5 3 7 4 6 7 4 2 3 6 2 4 7 5 6 6 7 7 4 2 2 7 2 6 6 5 2 5 3 3 5 5 6 6 6 4 6 5 7 5 6 6 2 5 6 7 7 4 3 5 6 5 7 6 2 7 7 3 6 7 6 2 5 4 4 7 7 5 7 3 5 2 3 6 4 6 7 2 2 6 6 3 2 4 6 7 6 3 5 2 6 4 2 3 3 5 7 3 5 7 2 2 4 6 3 6
6 3 3 6 7 7 2 4 2 3 7 3 4 7 3 6 4 3 2 6 7 2 2 2 5 3 2 6 6 6 5 4 6 5 6 5 3 3 3 7 7 2 6 7 4 4 6 5 3 6 2 3 5 3 5 7 5 5 3 2 7 2 7 2 6 2 7 5 3 4 4 4 2 7 3 3 7 4 4 4 7 5 5 6 6 3 5 4 2 6 3 4 4 4 3 4 6 3 7 3 7 3 6 2 2 4 5 2 4 5 5 6 7 5 7 5 7 6 4 2 5 6 7 6 2 4 5 4 2 2 4 5 4 3 6 5 2 6 3 4 6 3 4 4 2 7 3 3 5 5 2 3 7 7 2 3 7 6 2 2 2 2 7 4 5 6 5 6 4 2 6 4 6 5 7 7 6 4 6 4 7 7 4 5 6 6 5 3 7 3 5 7 3 5 2 2 4 5 4 5
6 3 2 7 2 6 4 4 5 6 3 3 2 4 3 2 6 3 5 5 4 5 4 5 2 3 7 5 5 6 7 3 2 6 5 7 5 6 6 4 2 5 2 7 3 3 2 3 3 2 7 2 2 6 3 3 7 4 7 4 3 5 5 7 2 3 4 4 3 3 3 3 2 4 2 2 6 7 6 2 7 2 5 6 3 7 5 4 3 2 7 6 4 3 2 2 7 4 4 6 5 2 2 6 7 7 6 3 7 2 7 3 3 2 2 7 7 7 2 7 4 2 7 7 4 5 4 3 4 3 4 5 3 3 2 5 4 3 6 2 6 6 5 4 3 4 6 2 7 7 4 7 7 5 3 5 6 5 2 6 2 6 3 3 7 3 7 4 2 2 2 5 6 4 7 5 6 5 2 4 3 3 2 2 6 3 4 6 2 6 3 7 6 5 2 4 2 3 3 7
7 7 6 2 2 6 2 2 7 4 7 2 4 3 6 7 3 3 3 3 6 5 4 3 7 2 6 7 4 5 7 2 4 2 5 3 6 4 2 2 3 3 4 7 3 3 4 6 4 7 3 2 6 2 7 6 3 6 7 2 6 2 4 7 5 5 6 6 6 3 2 6 6 2 6 5 2 6 6 2 6 2 7 6 4 5 2 6 7 7 7 7 2 4 5 4 2 4 7 4 6 5 6 5 4 7 5 6 5 6 5 4 4 3 2 2 6 3 7 5 5 4 2 7 3 4 4 4 3 5 2 3 7 4 7 6 5 4 2 6 4 4 4 2 4 4 4 4 2 7 3 5 7 4 7 3 4 6 4 7 4 6 6 3 6 5 5 6 2 6 6 7 6 3 5 4 2 5 2 3 2 3 3 3 4 3 4 6 2 6 4 7 3 3 2 3 2 5 7 6
7 6 3 3 5 4 5 2 6 2 3 2 4 5 2 4 4 6 6 6 2 7 6 4 2 5 5 2 2 7 4 7 3 2 7 2 3 3 7 6 7 6 3 5 2 7 5 7 6 3 7 5 2 4 6 4 4 5 2 2 3 4 7 2 3 5 5 6 7 6 7 4 2 7 5 2 3 4 5 5 2 6 5 3 3 7 7 4 7 5 7 3 2 4 3 3 6 4 5 3 6 3 5 6 5 4 3 6 4 7 5 5 3 7 4 2 6 6 3 3 6 3 6 4 4 5 4 5 6 5 6 6 5 5 4 2 3 2 4 4 7 4 6 6 7 5 4 6 5 3 7 7 7 6 6 6 2 2 5 5 3 5 4 3 2 4 6 4 3 3 7 4 6 7 5 4 7 7 2 4 5 7 6 6 2 5 4 6 6 6 6 4 5 6 2 4 4 7 2 5
2 2 3 4 6 5 5 6 5 6 2 7 5 6 3 3 6 5 6 3 7 3 6 4 7 3 5 5 4 2 2 4 6 6 3 5 4 6 3 4 2 6 5 4 5 7 3 5 4 5 6 7 3 6 5 4 7 2 5 7 5 4 2 5 3 3 3 3 6 5 2 2 3 5 5 7 4 5 7 4 3 2 7 4 2 3 2 6 2 7 3 6 5 2 3 5 4 6 4 3 7 7 5 6 3 2 4 4 5 1 4 7 2 4 5 2 3 5 5 4 2 4 6 7 6 4 4 6 3 7 3 7 5 2 7 2 6 5 3 2 3 2 3 5 6 6 3 2 4 4 2 5 7 3 4 4 3 5 5 7 4 7 4 7 4 6 6 5 7 2 6 3 3 2 7 7 6 3 5 6 6 3 6 5 5 6 5 2 7 6 4 3 6 7 7 6 7 3 3 7
3 2 5 5 4 2 4 5 4 2 3 2 7 2 7 6 3 3 3 7 3 3 4 6 2 5 7 4 2 5 7 5 3 7 4 5 3 4 7 4 7 5 2 2 3 5 7 6 3 3 5 4 3 2 5 6 2 6 4 4 6 2 5 7 7 7 3 2 4 3 3 5 3 7 6 2 4 5 4 6 4 4 6 3 5 2 2 5 5 7 2 5 5 3 2 3 7 3 4 7 3 3 2 6 3 5 7 5 5 3 3 3 3 7 7 2 7 3 3 2 4 3 4 6 6 7 7 7 6 5 3 7 2 5 3 4 7 7 7 7 6 2 7 7 2 6 5 3 7 6 7 3 4 2 5 5 2 3 7 5 3 4 3 2 2 3 7 6 3 7 7 6 5 5 1 6 4 6 5 7 3 5 4 3 3 2 2 2 4 4 7 3 7 4 4 6 2 6 2 4
7 3 2 3 6 2 6 5 6 5 7 7 6 2 2 5 5 7 4 5 4 4 2 4 5 2 6 2 2 5 5 5 6 6 5 7 3 6 5 2 3 4 3 7 7 5 6 7 7 7 7 2 2 7 7 5 5 7 2 3 2 6 4 7 5 2 2 3 3 5 4 4 3 4 5 7 2 3 3 7 3 3 4 6 6 6 7 5 3 7 6 5 4 3 5 5 3 6 3 3 4 6 3 4 4 4 6 6 4 4 7 2 4 3 4 7 3 7 2 4 6 7 3 2 7 6 6 6 3 2 5 6 3 7 5 2 5 3 4 3 7 6 5 3 3 2 4 6 5 2 2 4 4 3 5 4 5 2 3 2 7 6 7 4 7 5 5 6 7 7 2 5 5 7 6 4 6 3 5 5 4 7 3 4 6 7 5 4 2 4 3 4 3 4 5 6 6 2 4 3
2 4 3 4 4 6 2 5 2 2 2 7 7 6 4 5 4 2 4 2 4 6 4 7 7 4 5 7 2 5 5 7 5 6 7 2 2 3 2 4 7 3 6 2 2 6 5 2 7 7 5 3 4 6 3 7 4 2 7 5 5 6 2 6 2 7 6 4 5 2 7 7 6 7 4 4 4 3 4 7 4 3 7 4 2 2 5 2 7 3 3 7 4 7 7 2 2 2 6 4 3 3 4 4 3 7 5 6 3 4 2 5 6 2 6 4 4 6 4 4 2 4 4 3 6 6 2 4 5 7 4 4 3 7 4 4 6 2 6 2 3 7 7 4 6 4 3 4 4 5 3 7 3 3 5 4 2 6 6 2 7 6 7 2 3 6 7 7 2 2 4 7 2 7 6 6 5 3 6 3 3 7 4 3 3 3 3 5 3 3 6 4 6 2 4 4 2 4 6 4
7 7 4 6 3 2 3 7 5 3 2 2 7 2 5 2 6 2 3 5 6 6 7 4 6 4 6 7 7 4 3 2 5 4 4 3 6 4 5 4 5 5 6 3 7 7 5 4 5 2 6 2 6 5 6 3 5 5 6 4 4 7 4 6 5 3 5 5 6 5 5 4 2 2 6 7 7 3 4 4 5 6 5 6 3 6 2 3 2 6 7 4 4 5 6 5 5 4 3 5 2 6 2 5 7 6 3 3 5 6 2 4 4 2 4 3 7 7 2 7 3 5 2 6 4 5 6 2 2 5 7 5 2 5 6 2 7 4 2 4 4 5 4 7 6 5 4 2 2 4 0 7 4 6 4 3 7 5 2 5 5 6 3 6 4 4 7 7 3 2 6 2 4 5 6 6 7 3 6 4 5 3 2 7 4 2 5 3 4 2 5 5 4 6 4 6 7 4 2 3
