100
424 79249
604 49458
710 11449
238 48167
531 71682
364 79234
516 73609
545 79246
643 59894
236 77493
218 72020
194 76255
450 79249
492 50689
573 38793
224 71029
639 15863
338 25229
582 78750
492 78817
460 37888
558 77694
337 50496
345 21568
593 74316
452 69793
575 45484
749 79042
357 44743
569 79241
219 79249
463 48484
516 38086
742 79164
271 77444
545 79242
824 76422
715 73210
184 48246
470 77319
348 79099
394 22984
533 71086
408 73121
777 79244
353 18045
276 77030
663 68297
517 77835
378 74645
730 69209
558 79157
762 13791
527 76484
360 78491
687 79249
368 70733
436 79245
548 43947
446 37373
252 79191
572 48156
800 54555
416 76598
568 73864
550 77909
694 72319
331 46298
589 79249
580 79057
734 20140
733 75944
460 4333
421 79240
347 60219
273 70799
493 65436
269 71534
585 14684
678 76343
464 79219
596 61855
398 78761
582 53796
321 40759
471 79120
757 78336
399 79249
346 62126
498 79241
224 79214
385 78110
561 67284
667 71243
691 74476
551 33913
326 62489
533 75252
400 73410
588 70640
0 356 563 465 569 376 511 527 587 531 489 529 482 455 360 346 539 603 318 455 495 396 447 453 479 514 521 548 481 434 390 529 532 561 581 410 448 546 494 423 446 540 479 312 543 553 534 317 467 453 376 497 415 424 534 456 482 470 441 488 481 565 484 439 470 586 351 390 305 474 442 549 565 399 498 429 591 390 524 510 540 467 269 451 482 533 408 568 477 415 474 572 418 515 579 501 486 434 383 523
457 0 601 300 481 550 388 558 424 484 394 482 523 335 557 371 473 559 423 546 583 463 608 441 459 317 418 574 401 470 371 307 549 605 451 312 470 580 430 306 357 413 520 337 536 462 493 383 512 429 491 372 456 278 423 519 418 488 519 490 406 562 488 567 482 459 461 428 567 560 435 497 392 430 546 410 545 496 386 411 459 485 410 543 397 453 493 566 557 434 419 565 482 481 523 313 475 586 549 537
421 508 0 384 426 385 443 566 152 430 501 395 494 336 559 401 505 554 306 485 482 369 529 488 551 462 447 492 288 593 588 451 614 494 427 475 453 398 607 532 363 607 487 560 435 437 420 395 552 486 525 391 495 575 446 501 462 460 330 443 500 562 570 569 599 495 534 460 507 521 426 573 439 416 523 420 473 529 450 370 391 512 519 419 558 478 412 489 601 561 563 467 452 513 547 499 367 379 508 395
595 519 508 0 455 483 429 487 471 577 581 413 495 429 499 399 533 432 419 466 491 506 547 411 310 542 558 541 466 575 554 504 513 330 469 364 412 364 357 415 555 462 477 539 531 440 471 517 516 298 511 502 511 580 509 304 463 386 538 589 487 574 504 386 592 443 503 563 452 583 443 505 572 527 471 526 452 516 257 558 413 583 490 436 614 494 583 367 603 395 460 461 571 430 524 569 493 487 429 601
535 574 505 516 0 501 195 566 428 375 503 513 586 533 370 471 297 476 518 320 431 569 381 273 464 502 453 398 520 548 452 418 501 433 436 335 615 294 459 441 336 406 557 454 440 527 606 517 596 442 512 525 254 245 529 497 197 595 533 380 475 497 439 481 539 510 506 596 351 400 437 529 563 576 518 352 485 344 439 393 610 497 282 512 459 484 361 265 467 406 371 489 460 362 519 465 381 538 376 543
449 499 540 569 584 0 303 490 397 505 500 282 522 501 577 416 444 543 498 470 565 541 507 387 536 413 539 345 471 433 285 493 214 283 519 507 506 367 465 368 582 511 600 521 507 516 568 497 298 543 587 466 478 528 467 580 573 544 492 516 443 550 523 554 589 593 321 472 484 575 556 494 564 400 485 494 493 507 441 551 360 385 434 389 615 523 491 450 438 462 357 388 593 573 500 568 343 599 377 343
402 363 279 540 595 499 0 399 524 478 497 566 448 547 484 476 434 452 475 476 561 549 370 410 298 468 519 583 453 485 475 323 533 488 423 474 516 347 398 436 567 547 474 463 488 349 511 291 513 361 598 536 438 371 573 435 504 558 442 490 436 551 436 561 579 559 497 478 434 471 326 477 346 352 603 562 540 598 553 458 526 386 456 234 520 575 392 493 393 519 439 520 505 510 471 499 478 378 465 434
310 479 304 520 511 576 382 0 545 515 487 524 558 538 540 530 407 468 578 394 481 547 488 413 329 534 487 501 370 497 544 570 281 434 471 130 550 493 577 458 314 445 445 554 551 504 377 373 499 363 458 489 415 601 490 356 543 292 548 583 478 474 542 297 456 502 491 444 359 412 490 570 287 442 541 520 498 561 468 204 569 494 547 514 409 323 538 505 396 587 609 304 516 439 518 366 522 599 432 516
379 518 600 525 577 454 524 571 0 583 478 363 408 439 584 483 458 419 432 408 567 301 357 548 442 432 446 478 406 570 605 321 325 368 332 565 419 518 529 537 380 574 469 531 465 559 394 541 563 500 451 413 562 442 376 489 495 549 576 591 242 469 528 277 447 544 464 404 386 444 564 483 457 525 424 509 523 587 516 430 580 565 485 550 224 551 349 522 447 550 331 507 538 541 468 535 545 379 370 491
442 487 469 417 531 283 584 416 485 0 594 485 528 540 564 491 370 248 315 519 395 296 418 370 595 407 411 510 400 516 442 478 389 508 507 387 570 528 302 576 528 532 598 595 539 599 527 571 525 324 551 543 433 514 362 559 430 588 513 388 338 530 452 591 590 548 370 472 309 480 181 390 596 529 487 385 520 586 472 435 378 518 504 464 534 551 361 560 494 603 311 498 403 474 504 390 583 550 564 501
569 470 344 519 473 505 539 467 456 347 0 531 577 350 531 439 565 436 422 563 564 528 440 598 467 570 403 325 411 542 547 449 349 543 533 568 388 407 437 439 521 524 459 557 386 426 607 517 396 453 471 507 336 254 502 545 439 587 517 366 543 337 441 529 382 477 473 384 443 474 389 347 517 575 538 559 423 589 434 418 375 483 368 566 285 589 275 541 307 503 535 509 466 534 317 351 567 477 475 448
553 498 572 541 599 575 491 551 515 472 415 0 439 473 500 448 461 361 433 558 446 459 521 441 410 480 302 442 571 580 517 430 592 519 538 543 400 540 550 385 442 353 600 563 526 411 498 578 584 448 584 522 448 530 398 575 537 544 538 506 479 436 462 430 568 577 324 330 390 262 595 404 476 442 504 523 482 526 395 552 516 424 431 472 406 546 487 539 370 421 498 387 290 331 432 411 554 532 514 520
473 367 444 462 545 445 544 476 572 554 264 589 0 552 594 395 475 513 581 570 554 509 485 294 445 466 261 540 507 518 418 522 566 435 569 500 457 468 598 519 471 589 394 378 553 511 607 505 320 434 426 396 514 482 428 562 540 419 408 338 353 551 406 490 556 528 460 486 501 435 474 547 566 453 430 420 441 383 515 568 267 576 581 442 516 397 522 456 608 380 442 564 301 536 532 500 388 323 588 546
603 330 479 221 384 531 414 373 541 561 421 552 383 0 571 554 566 369 456 528 463 403 537 404 434 521 519 152 484 519 550 578 354 532 469 609 557 408 504 484 507 555 463 425 314 598 448 530 442 596 413 507 335 534 373 548 421 371 369 353 464 529 501 496 388 598 360 601 311 403 487 500 397 396 305 544 509 507 495 510 436 582 436 568 415 306 377 515 480 558 480 452 469 454 299 602 406 568 522 528
500 366 594 448 548 356 411 460 289 594 600 574 543 446 0 375 350 402 518 355 522 524 512 521 367 442 317 555 367 391 276 497 485 539 376 526 508 371 514 427 461 361 448 441 543 502 423 424 376 400 534 388 435 375 513 426 582 451 605 424 464 534 532 367 471 573 427 517 450 564 581 539 546 259 457 540 587 596 448 442 477 543 593 558 538 588 496 529 432 514 377 507 442 412 611 425 590 581 535 452
528 532 498 446 381 416 536 540 316 584 563 569 523 441 505 0 173 475 440 402 579 496 523 357 493 540 585 571 551 506 528 517 524 415 389 371 455 383 552 498 563 575 499 398 474 510 450 421 574 545 590 398 294 442 542 522 517 494 513 250 464 547 480 512 334 503 427 501 373 308 587 593 379 537 491 499 448 342 443 495 499 416 470 375 545 405 442 616 548 382 582 599 539 372 454 529 468 511 578 460
567 504 544 482 448 526 568 475 510 279 353 333 514 454 433 442 0 501 397 508 495 559 504 542 473 421 501 520 591 475 535 417 463 510 485 447 564 557 472 517 492 421 516 403 490 574 462 531 431 540 443 441 313 511 498 531 518 430 525 412 279 471 538 470 299 486 536 582 374 384 356 516 478 440 495 467 508 500 491 553 481 495 421 567 451 341 436 448 492 332 532 416 388 439 423 409 543 450 523 410
553 538 437 556 473 536 505 213 590 528 325 474 392 561 454 556 382 0 474 551 377 532 458 510 406 564 469 579 605 449 551 606 487 328 533 442 530 505 566 340 529 556 325 582 357 411 530 497 478 246 523 585 526 601 445 582 451 589 392 365 467 355 594 465 582 303 502 404 412 485 482 525 423 398 568 456 583 581 436 514 416 490 490 506 589 522 521 531 473 432 465 421 528 458 413 312 439 482 303 535
510 497 588 501 387 584 477 542 380 427 565 443 337 566 426 381 602 470 0 419 511 487 304 428 399 554 497 572 596 472 467 438 571 366 378 539 589 522 297 607 434 552 497 514 428 548 518 520 506 404 558 334 376 546 503 453 433 360 577 461 515 541 359 414 443 525 540 560 387 462 491 507 464 552 496 512 294 317 569 514 237 327 307 522 527 509 339 510 251 290 480 485 548 583 438 466 583 540 480 597
347 471 589 498 296 486 596 473 236 576 502 395 452 520 487 602 526 498 414 0 534 497 491 371 350 330 505 577 509 601 400 510 536 466 258 584 527 436 572 489 507 388 399 292 426 489 351 551 552 406 407 526 476 597 481 461 457 508 538 564 357 561 585 260 543 445 430 528 504 360 381 382 270 512 509 492 580 434 441 289 560 530 510 491 258 484 419 403 480 534 427 560 469 526 313 485 490 480 476 540
373 355 458 531 471 323 600 492 416 560 551 361 518 558 575 325 205 487 453 386 0 332 370 541 411 555 446 567 424 518 432 507 568 545 524 518 475 487 525 535 458 518 460 483 513 560 331 529 424 473 551 525 482 564 501 530 514 468 378 471 381 556 198 528 493 505 394 525 480 383 518 554 412 550 409 338 486 475 322 578 565 264 505 507 210 582 404 487 572 443 576 573 602 483 481 546 491 394 483 514
371 345 375 544 579 450 422 605 540 383 529 494 442 389 323 496 473 550 561 398 486 0 590 522 347 581 588 540 389 374 315 488 411 549 556 597 519 497 446 374 538 528 526 450 579 566 601 543 376 588 491 473 533 425 535 419 446 349 434 572 420 454 230 392 592 438 522 492 476 390 503 510 418 523 549 338 446 514 559 556 439 328 504 515 498 508 265 402 508 535 548 293 368 487 523 477 546 301 407 462
402 455 440 420 266 382 418 531 532 524 581 595 410 529 596 578 396 391 574 460 387 560 0 480 460 510 350 433 565 421 567 461 529 385 567 553 442 571 417 344 589 542 517 453 466 419 374 488 453 460 543 554 504 495 568 514 553 589 391 431 285 540 409 413 410 446 352 552 240 432 526 468 523 415 462 549 371 550 370 542 481 537 588 457 485 541 457 437 424 492 577 410 454 581 498 431 474 533 555 366
388 597 513 347 435 464 344 409 563 564 542 471 507 476 602 329 396 386 259 496 464 569 492 0 500 565 471 465 612 571 589 553 527 385 506 501 528 499 494 508 562 555 521 464 504 493 540 512 572 499 572 442 476 563 551 310 545 449 321 451 477 351 425 586 371 340 472 530 448 533 549 449 347 448 448 474 477 414 527 447 481 522 546 545 355 442 437 348 547 376 449 517 488 609 444 482 550 559 208 520
563 492 601 418 493 432 570 504 328 391 521 427 466 521 492 572 471 450 478 450 589 412 414 485 0 594 403 573 591 505 409 567 437 334 397 514 575 516 497 431 470 256 481 423 495 372 423 349 432 441 405 570 433 501 486 514 587 526 312 461 443 442 531 578 521 456 335 566 558 580 538 482 576 414 557 527 492 385 446 442 514 525 461 287 438 366 512 517 547 353 376 581 513 461 480 438 492 515 462 475
374 581 494 458 488 549 596 485 531 445 403 560 485 540 433 411 565 394 513 542 571 615 301 414 371 0 507 381 558 541 578 342 498 413 556 451 481 468 525 519 426 567 439 428 479 490 523 482 552 575 457 539 482 515 568 541 306 595 313 437 343 533 563 438 503 426 528 447 575 605 573 371 294 473 548 483 526 373 452 598 491 597 201 527 495 564 415 374 496 366 517 516 419 446 512 456 444 521 465 532
521 462 556 568 504 381 358 586 360 427 558 489 426 506 576 504 578 481 482 594 477 540 497 442 488 556 0 501 237 334 552 389 560 517 518 518 192 256 474 494 425 420 465 523 547 475 450 572 446 436 445 586 410 515 305 518 580 375 551 391 380 578 550 564 566 509 499 293 415 532 472 518 385 383 575 548 545 530 335 439 582 423 518 515 509 508 320 473 535 575 519 463 423 512 295 538 598 584 586 578
427 501 530 478 465 562 580 498 503 484 455 456 567 351 443 496 570 463 487 556 472 586 427 449 570 488 521 0 468 472 501 556 572 422 585 377 534 465 485 449 329 548 583 437 524 341 459 474 477 579 486 591 313 260 391 310 317 519 596 394 616 401 437 303 526 538 294 599 503 517 448 471 487 533 507 563 452 389 510 195 387 437 451 568 458 554 492 480 374 474 405 569 480 417 504 529 312 493 447 550
460 582 498 550 487 454 462 559 457 529 353 398 351 341 411 423 560 413 506 601 465 479 332 589 453 515 377 452 0 535 520 560 402 380 591 555 495 558 470 401 514 521 418 454 565 475 421 466 445 425 461 560 514 380 517 414 586 574 304 359 482 302 485 430 377 462 437 458 414 500 473 563 316 343 534 451 425 429 483 508 388 563 589 555 530 588 497 590 412 549 475 461 586 472 309 569 445 468 428 489
564 451 481 447 502 471 516 472 491 387 522 580 571 512 573 559 387 404 331 517 184 462 575 494 324 519 526 498 460 0 418 507 505 300 511 261 420 511 419 527 551 451 469 615 351 374 411 550 490 437 411 515 546 480 495 348 561 463 405 467 528 493 530 554 522 583 421 453 593 591 539 571 148 539 512 590 403 564 469 440 447 501 537 582 510 593 445 324 503 577 435 407 320 350 534 518 522 525 480 389
397 551 510 558 391 460 408 490 485 527 497 387 473 506 488 524 506 397 578 551 561 339 459 559 525 481 511 520 374 522 0 427 510 454 476 454 487 470 302 358 443 514 554 476 413 598 564 457 576 383 385 539 342 492 556 471 410 542 562 490 337 509 585 576 558 535 536 460 513 308 492 373 412 518 348 521 449 576 477 458 395 458 557 473 530 513 433 525 454 415 536 484 494 555 359 563 524 508 388 367
549 396 550 484 580 482 559 495 455 515 544 406 521 499 573 517 350 521 441 502 512 468 532 438 566 538 572 413 542 495 541 0 314 354 497 612 501 406 611 427 346 358 480 313 335 512 382 520 403 566 451 600 547 461 436 492 351 392 430 537 553 489 533 516 410 441 501 521 543 393 517 412 498 319 544 582 330 565 460 493 277 348 504 373 478 441 525 481 333 529 423 500 503 469 531 488 576 495 424 525
496 464 531 519 470 520 436 368 360 284 599 541 433 473 523 356 370 421 266 570 470 375 603 464 494 440 542 563 484 483 496 522 0 388 531 440 504 479 256 477 545 471 476 600 524 444 571 586 426 426 337 410 606 512 424 498 568 434 376 556 296 299 536 504 517 348 316 461 446 367 553 512 491 581 315 569 362 576 550 594 362 487 556 482 508 455 413 563 486 566 600 342 462 293 528 502 368 510 458 520
449 511 590 527 498 470 266 275 573 558 492 316 545 584 492 460 424 539 523 479 512 494 297 471 591 544 547 404 442 417 403 600 428 0 385 498 529 171 399 453 504 390 492 525 492 478 610 539 396 483 435 500 465 328 531 477 602 531 480 404 429 391 446 270 439 576 523 468 402 369 513 490 596 502 534 444 389 504 443 518 446 456 475 388 475 270 447 580 398 594 419 421 522 364 443 581 485 499 408 533
467 463 417 583 595 449 397 420 479 547 529 551 596 501 559 540 481 532 514 377 510 499 509 490 436 570 402 487 309 594 324 451 606 542 0 482 533 535 398 285 434 359 489 408 539 596 603 517 445 532 556 540 507 456 431 399 425 570 383 463 311 382 314 499 543 520 512 372 509 206 594 414 511 432 574 520 500 605 416 460 474 501 430 345 395 456 541 405 452 243 541 373 478 547 404 282 405 335 534 487
484 582 319 490 594 525 572 458 533 538 565 256 490 457 484 421 438 473 275 451 408 494 433 568 583 592 582 416 512 437 534 452 414 421 591 0 460 459 470 473 295 562 490 444 524 465 456 553 433 481 482 362 551 512 501 495 389 512 505 493 447 541 444 587 492 510 357 469 521 487 597 576 556 459 340 431 472 344 519 517 294 481 391 566 421 425 368 499 361 446 507 408 541 333 420 494 563 299 492 583
368 483 525 410 543 531 349 416 330 465 363 484 546 369 438 406 539 596 536 458 428 465 593 463 517 474 443 461 572 500 434 381 500 326 402 426 0 569 449 353 587 590 535 508 589 563 323 474 389 448 432 426 572 498 488 549 571 350 588 392 563 354 418 578 539 446 350 575 557 501 529 353 297 549 468 367 536 549 491 562 513 582 248 466 526 481 554 473 236 331 485 479 351 435 568 531 568 491 589 550
468 386 387 580 579 522 526 488 381 476 457 496 326 535 546 364 583 469 549 491 419 363 531 531 549 518 470 527 334 430 341 602 564 587 427 309 519 0 594 409 332 463 365 559 513 614 420 342 475 402 591 470 277 340 408 505 463 475 602 363 469 486 492 506 377 559 538 307 318 479 404 436 393 426 336 379 554 398 509 568 478 509 482 568 288 529 350 582 287 423 561 390 529 438 481 510 308 581 451 519
432 408 410 389 448 281 599 507 534 526 438 490 554 511 423 567 576 478 427 502 461 520 539 567 606 518 498 278 571 571 532 356 498 527 418 515 583 600 0 579 546 505 572 420 429 486 580 294 317 508 454 514 405 418 484 435 516 441 509 509 495 525 415 548 577 507 440 510 496 550 484 468 421 519 566 386 488 275 471 498 537 354 266 346 545 342 503 527 438 514 527 562 435 554 412 355 565 513 382 561
479 502 474 503 351 298 523 566 360 603 511 552 540 549 419 410 537 545 331 554 556 454 341 422 572 481 518 570 521 518 569 504 362 577 515 409 418 552 524 0 478 591 530 555 357 458 559 598 510 351 511 559 459 383 552 492 458 502 577 480 556 314 552 429 386 364 510 550 544 280 495 555 549 579 570 277 376 539 402 400 463 314 450 329 445 462 478 476 521 551 367 318 415 531 461 381 529 520 504 496
494 544 509 589 331 531 558 470 517 514 448 428 580 322 472 339 525 390 506 562 542 518 590 498 407 338 522 396 513 593 469 408 499 310 593 486 507 600 431 429 0 532 516 453 422 529 554 542 465 512 380 465 458 464 494 564 469 417 524 582 501 520 470 516 468 357 293 449 575 278 410 344 379 576 545 588 371 463 480 594 487 578 284 545 523 510 430 476 445 401 376 507 554 605 542 577 410 523 395 489
500 608 566 356 520 474 528 470 450 497 540 526 586 551 571 370 492 564 505 386 589 517 485 521 586 364 561 512 488 467 557 423 556 253 538 576 591 520 506 355 472 0 395 257 410 517 507 544 582 527 542 375 529 346 471 578 304 524 548 435 415 434 465 376 447 587 492 549 430 351 509 461 505 466 589 567 392 331 544 450 380 454 521 521 459 546 469 541 453 596 476 561 478 534 373 443 349 469 302 603
289 401 395 397 482 412 286 350 459 448 409 442 578 571 526 366 391 603 258 264 527 327 521 453 439 549 555 373 535 476 450 482 507 450 502 455 391 261 528 218 567 511 0 564 553 500 415 433 378 525 430 463 442 601 317 585 417 495 519 449 572 455 142 588 559 329 493 513 481 461 489 534 390 547 535 584 459 499 486 563 554 388 578 596 463 460 503 551 538 353 489 493 537 491 479 614 437 521 463 455
587 459 578 376 479 243 555 473 455 232 447 432 596 276 593 607 560 540 534 443 356 531 587 539 485 429 580 357 504 461 432 526 523 418 517 376 465 394 575 500 480 595 463 0 455 418 431 386 378 464 550 347 554 334 444 391 583 558 555 280 288 362 493 525 501 247 556 500 401 553 392 474 490 421 176 503 606 565 498 549 398 522 451 485 450 370 445 592 549 503 522 459 476 282 594 550 520 265 324 561
575 530 481 486 495 508 541 360 475 335 452 551 356 542 461 341 339 386 461 392 434 538 514 280 584 450 556 559 565 550 505 401 578 458 495 493 554 351 540 527 528 471 576 602 0 536 574 254 570 579 535 325 424 526 591 463 362 535 563 581 591 558 509 498 469 495 419 579 479 470 478 365 531 578 457 471 599 522 535 432 540 443 474 439 520 447 518 377 228 595 422 452 447 567 581 570 510 603 359 453
476 583 548 564 403 362 505 462 570 555 551 553 371 392 523 547 364 439 374 499 303 528 397 372 541 430 454 341 528 567 344 607 531 528 555 567 599 349 437 500 507 473 570 612 460 0 543 387 545 442 460 354 498 461 375 378 444 367 469 471 354 554 525 254 310 522 374 447 407 513 405 405 428 219 522 515 304 576 354 585 506 461 466 493 361 482 401 475 539 422 574 408 384 463 422 557 411 557 548 519
452 376 467 607 406 565 371 507 505 531 526 583 504 209 514 342 449 441 467 466 573 422 422 490 469 540 425 536 411 588 563 437 466 423 512 443 271 584 470 294 585 606 479 528 229 476 0 484 591 565 344 298 423 548 532 346 527 527 471 432 458 495 542 380 475 497 567 373 562 540 537 493 553 549 490 458 405 598 570 394 545 522 490 443 385 548 485 557 527 583 521 477 426 232 529 501 525 325 518 473
461 549 601 404 370 410 444 237 440 597 212 515 444 524 468 511 567 407 273 380 522 443 443 448 431 478 363 552 541 420 514 447 464 525 535 428 455 442 423 405 389 561 487 585 506 468 431 0 486 423 184 250 514 549 433 581 525 365 388 447 343 438 497 420 432 497 414 465 517 457 345 375 432 485 96 560 500 412 398 412 381 322 342 543 523 373 331 264 413 489 508 447 224 546 579 404 532 364 535 526
332 598 355 407 363 545 419 509 470 419 552 581 544 468 310 395 560 518 533 435 483 516 497 491 540 579 431 591 464 355 357 558 430 559 543 498 330 476 518 371 364 326 511 448 383 472 519 390 0 299 500 501 517 480 348 386 483 527 574 475 485 611 564 527 587 579 535 470 329 443 426 490 504 586 532 500 403 414 559 396 549 485 560 343 224 521 544 458 605 568 509 425 516 410 602 527 447 493 515 540
312 380 399 548 452 553 412 448 523 483 599 561 473 371 569 520 582 508 473 444 386 436 557 506 542 448 507 479 341 512 533 420 558 527 474 518 375 540 457 464 551 452 501 532 574 410 508 371 590 0 574 440 574 519 361 592 428 516 352 490 421 545 538 494 319 401 369 385 481 537 478 511 488 476 331 454 372 527 494 599 525 512 432 490 521 545 406 369 500 579 312 560 403 385 501 275 568 504 400 545
505 475 390 536 400 276 417 421 465 593 585 492 424 574 422 488 371 534 576 302 529 384 474 363 538 597 424 594 362 456 489 522 597 360 407 381 500 539 435 487 544 482 414 602 541 456 446 508 592 530 0 581 433 438 532 502 433 514 404 399 499 541 591 472 344 383 544 549 573 604 486 388 440 410 421 489 568 517 546 561 589 567 359 542 574 357 571 157 561 426 480 487 577 455 437 566 467 552 364 403
435 413 432 374 384 350 380 530 358 353 480 421 519 573 501 424 502 588 502 504 454 460 558 508 556 460 458 417 445 485 341 509 571 425 271 381 469 370 149 541 532 410 485 596 571 450 407 401 505 452 389 0 507 424 432 455 596 403 518 462 410 469 435 504 302 529 602 545 496 572 434 459 363 421 569 478 502 447 509 428 515 487 531 469 446 547 466 436 437 551 568 505 406 520 465 471 398 543 573 403
484 327 254 605 528 391 563 338 537 505 564 347 590 255 528 445 444 418 399 476 563 545 559 387 470 337 544 504 477 425 396 365 509 236 598 530 537 394 444 489 535 318 508 481 446 525 431 519 442 514 295 533 0 369 438 571 494 439 515 554 518 478 490 414 517 545 494 475 594 180 463 568 523 520 533 453 469 567 603 366 567 350 384 513 441 501 593 543 378 507 528 485 343 363 265 444 511 299 571 478
461 490 376 426 486 406 549 384 467 221 450 586 439 432 512 194 382 518 313 525 523 515 584 436 467 452 567 322 512 432 393 568 222 569 350 561 476 541 457 584 452 308 350 529 400 580 355 536 608 335 418 527 480 0 468 576 448 581 471 503 286 534 438 585 438 558 405 531 456 409 477 581 513 551 492 557 515 493 559 515 502 460 504 504 438 507 547 509 372 569 451 411 530 493 475 527 529 523 416 512
501 555 421 271 564 551 523 581 453 463 586 492 512 581 458 385 482 459 198 584 478 423 453 271 285 544 389 523 515 379 573 355 500 409 374 414 431 444 251 548 398 338 444 328 475 475 382 551 271 418 535 558 468 489 0 534 431 528 467 475 501 484 481 419 422 535 407 582 545 402 514 549 501 493 471 308 571 501 374 581 354 494 363 289 179 326 533 376 449 468 611 537 482 352 480 557 566 562 588 506
461 308 549 508 609 544 424 336 450 442 370 590 584 428 556 441 554 440 531 360 301 246 528 583 444 403 490 470 482 422 556 542 451 565 507 394 551 507 426 365 553 389 465 433 376 569 493 551 488 454 564 565 231 551 494 0 561 477 514 334 447 461 546 525 364 329 352 440 560 441 529 599 522 449 484 355 335 350 533 526 592 545 589 495 524 405 466 213 373 430 354 520 588 556 484 460 555 562 486 577
405 433 490 489 381 400 407 515 393 458 568 335 430 588 580 299 549 523 475 555 541 529 515 302 495 485 433 516 314 555 369 398 556 521 556 483 336 594 351 514 460 372 525 489 340 507 474 496 288 435 583 526 493 444 250 516 0 459 544 512 402 571 511 559 593 513 530 488 447 424 407 404 433 392 533 435 561 599 521 336 474 451 358 484 479 569 421 475 537 529 506 507 529 593 554 565 451 608 485 580
495 323 443 426 378 526 581 526 447 558 417 511 576 570 590 259 519 366 286 458 489 405 488 373 484 428 443 430 444 495 582 478 381 459 579 428 444 460 370 437 575 532 425 511 541 575 557 357 553 300 451 345 289 583 527 344 597 0 409 557 611 524 353 532 581 566 534 538 442 344 600 459 508 502 488 597 499 496 532 529 443 425 234 507 546 489 358 522 576 442 514 505 476 422 321 474 330 375 255 462
429 587 411 520 576 499 534 415 471 464 582 450 558 335 398 432 337 530 267 341 543 426 579 449 563 471 542 407 456 592 483 482 587 344 440 384 473 401 418 438 525 578 537 473 535 542 541 448 310 483 397 560 524 611 588 480 605 585 0 182 467 290 405 539 597 446 505 563 580 417 508 409 427 487 528 380 509 561 461 362 510 462 549 396 488 499 491 505 481 571 552 435 510 512 596 445 585 409 239 583
482 587 427 562 451 462 372 496 522 414 489 555 481 507 515 418 454 573 406 413 430 455 497 494 483 518 367 312 473 337 433 527 473 472 369 505 528 403 490 530 427 351 500 502 379 471 503 522 366 489 555 424 493 487 493 526 536 532 538 0 511 333 556 428 444 271 501 472 460 324 612 576 505 489 587 503 451 379 540 451 447 528 563 490 555 553 572 435 407 493 591 505 485 480 476 361 433 467 424 471
464 494 436 427 498 463 490 334 492 415 612 362 604 379 346 530 536 563 541 591 457 473 377 427 329 532 528 306 505 329 490 516 344 347 518 580 521 536 379 541 574 436 474 483 576 549 519 317 192 503 419 530 589 488 538 448 514 402 291 487 0 574 475 525 414 454 538 600 360 476 494 420 548 465 448 315 398 573 416 447 470 421 594 240 494 395 562 604 562 569 407 339 513 565 463 565 527 365 533 603
482 534 568 506 496 427 534 474 406 559 587 600 450 592 528 380 606 491 374 439 482 583 316 482 429 472 421 316 448 503 402 562 497 504 536 495 406 543 223 484 519 478 437 512 429 523 528 430 562 466 573 287 566 500 506 495 557 474 465 531 267 0 456 316 535 514 523 558 540 486 453 503 378 568 559 530 571 585 455 257 594 483 524 503 559 491 509 566 238 462 486 519 573 595 410 504 523 317 436 586
460 340 537 590 449 457 507 460 498 498 513 496 594 478 490 479 431 304 571 425 434 379 552 571 203 449 533 486 420 466 490 557 527 330 364 537 418 585 526 574 314 341 553 465 436 467 460 595 359 500 399 466 567 420 517 544 504 526 491 507 531 587 0 491 339 457 417 558 580 427 612 449 561 526 520 479 594 554 560 459 382 541 362 566 528 307 361 510 431 548 414 459 507 517 437 345 574 495 470 509
565 475 410 460 398 400 476 557 351 322 568 602 525 534 548 529 600 497 589 423 394 554 427 528 521 549 390 444 461 500 584 563 433 421 572 571 406 583 533 538 409 585 528 375 535 414 364 362 467 525 462 281 420 382 475 516 449 572 515 390 487 174 442 0 522 453 578 387 317 365 571 356 420 444 390 392 517 536 615 573 547 477 468 442 527 301 546 531 555 469 220 427 529 511 608 440 490 547 520 475
575 506 455 307 563 529 428 355 522 516 483 592 408 504 560 482 427 441 446 579 570 322 365 487 545 391 420 521 415 606 342 560 580 327 454 424 424 451 592 398 527 474 523 578 527 463 290 506 418 561 516 515 252 546 391 462 594 573 572 558 327 529 559 503 0 428 407 405 368 410 502 531 546 532 493 314 443 488 494 603 413 289 390 477 336 428 545 583 455 415 588 398 496 432 541 488 575 584 503 479
450 475 570 491 524 361 575 483 514 422 441 352 425 443 372 458 574 591 522 502 476 432 375 431 388 428 272 590 313 472 377 326 585 529 379 291 456 543 464 488 420 487 587 556 546 546 417 485 512 272 536 432 538 440 515 591 449 446 615 422 497 304 405 527 429 0 517 599 373 461 444 364 541 439 500 486 517 560 435 536 473 510 299 506 288 560 513 455 244 482 581 503 482 565 463 413 437 535 525 527
539 460 541 466 529 430 528 531 370 543 480 383 436 522 582 444 527 559 242 459 511 508 568 566 516 482 472 409 442 502 400 412 324 286 401 376 443 516 284 474 430 414 586 501 390 488 601 506 500 588 418 550 502 550 387 598 564 221 444 461 443 575 349 564 387 358 0 402 538 318 522 392 535 348 529 520 486 381 384 494 442 415 467 487 477 414 425 497 458 484 574 482 598 538 507 546 600 489 573 484
583 213 573 502 516 513 494 331 536 576 487 576 358 478 564 310 571 549 461 303 488 256 453 482 476 524 594 441 391 426 525 386 560 400 595 343 418 457 525 509 426 348 496 349 591 494 543 567 594 523 446 488 432 371 488 589 583 336 533 603 449 363 506 558 371 553 435 0 424 323 414 566 535 570 489 463 380 432 362 556 455 607 505 581 371 392 468 561 548 444 524 438 541 350 521 529 402 591 568 601
528 542 373 555 481 547 433 376 561 524 485 410 461 460 459 586 582 548 450 531 433 305 352 572 445 523 468 597 357 564 394 575 350 507 589 273 499 575 471 587 598 465 417 469 468 452 456 491 428 522 522 399 322 490 549 539 491 388 489 350 514 556 409 593 564 311 529 515 0 576 553 399 509 478 450 525 395 419 469 546 447 489 595 585 346 515 449 528 384 518 447 556 403 448 502 370 491 490 516 498
600 388 532 372 215 540 459 481 580 530 465 481 496 574 387 413 506 321 523 439 178 491 462 552 534 603 563 540 499 186 553 365 433 459 430 529 479 499 446 474 477 531 455 440 530 504 342 439 414 506 409 477 353 575 502 416 378 559 454 501 481 410 267 371 542 522 427 434 420 0 572 418 504 500 527 593 412 506 570 424 569 519 372 407 402 587 423 341 529 439 498 511 428 466 506 528 531 405 533 499
488 525 586 475 488 330 546 458 416 543 494 484 501 535 566 471 472 557 539 426 554 611 298 536 583 319 347 506 384 487 393 362 429 534 497 498 503 426 436 577 289 583 540 392 475 308 417 386 485 337 524 582 556 544 460 367 454 486 398 453 569 399 540 457 537 576 510 380 583 408 0 604 347 490 483 490 556 427 327 494 355 411 553 521 443 338 223 409 553 581 536 422 498 510 531 554 469 513 576 596
545 361 436 569 548 393 567 441 521 569 505 404 506 400 390 543 382 475 512 398 522 509 562 516 579 485 570 350 487 442 462 526 406 506 438 549 552 420 514 602 459 364 361 583 523 492 601 476 365 481 383 519 455 414 562 292 452 370 355 366 490 480 546 350 587 337 445 341 519 501 548 0 431 407 446 471 563 490 489 537 611 511 515 383 572 423 568 395 406 576 467 540 590 567 506 496 460 503 467 609
583 501 559 486 377 526 428 448 500 464 245 421 380 504 470 460 543 383 506 415 505 463 460 591 482 513 517 397 509 549 551 492 279 516 284 584 583 567 541 454 537 494 348 430 326 479 505 572 541 412 582 503 595 497 297 436 517 427 462 491 609 590 595 426 469 441 489 506 447 538 323 268 0 485 354 422 587 444 365 422 370 446 476 528 304 215 414 391 551 534 459 452 300 513 566 563 545 547 282 571
487 392 598 593 588 305 421 484 457 544 547 530 374 500 541 339 503 552 554 588 544 410 488 432 486 468 436 359 388 520 472 561 399 562 508 495 380 555 402 376 386 469 559 329 404 420 549 226 536 476 546 496 545 451 553 445 551 556 399 386 422 337 350 519 515 471 230 469 362 501 543 476 412 0 547 502 519 467 489 408 558 428 536 354 382 519 560 513 473 360 510 411 516 579 574 569 465 448 556 451
509 530 192 322 537 362 554 523 400 509 375 463 487 544 446 488 555 575 373 412 351 501 508 332 496 488 457 554 333 482 502 618 485 473 378 388 541 422 433 484 414 467 489 564 511 488 444 588 517 501 503 520 502 502 592 381 502 340 419 371 549 369 408 291 546 435 468 389 457 524 430 509 389 483 0 524 492 504 564 520 330 551 337 480 426 523 482 456 489 508 484 563 540 380 552 526 422 551 509 496
603 334 488 508 543 607 397 575 590 526 500 601 335 466 475 595 447 567 401 468 553 442 431 505 515 520 538 506 435 492 597 549 304 389 604 551 400 516 519 580 513 487 488 493 467 503 356 528 559 531 352 416 168 590 441 431 499 465 552 566 507 574 335 512 570 563 464 565 319 507 589 464 548 556 276 0 468 477 296 442 524 584 580 341 529 412 571 392 433 495 391 541 363 473 457 518 558 400 484 591
479 557 509 524 351 597 487 482 433 412 477 445 532 490 518 450 575 560 483 353 436 558 462 397 464 406 352 523 500 309 502 307 600 443 493 593 474 512 530 489 550 452 358 563 560 287 604 478 320 432 576 547 533 482 364 511 553 342 385 337 488 370 590 393 593 570 518 508 458 567 557 489 384 496 549 589 0 385 566 501 518 508 471 600 454 410 489 347 589 485 542 570 574 523 411 485 349 570 507 506
573 531 443 435 403 548 360 452 377 436 548 430 423 516 489 323 511 490 577 465 525 572 582 396 381 502 559 605 462 587 286 477 515 447 467 346 393 561 612 532 495 559 536 302 429 522 600 570 474 582 423 511 384 490 482 368 482 558 510 394 427 277 536 400 485 431 478 520 519 483 386 503 395 232 444 439 475 0 543 289 503 439 363 450 528 589 432 250 469 522 524 379 547 430 579 481 543 561 312 492
542 453 595 381 511 415 469 455 511 558 381 560 409 577 332 504 579 166 387 531 442 288 508 562 383 500 555 435 579 517 569 560 411 474 589 262 335 496 505 526 341 261 475 508 374 502 308 501 495 506 444 374 354 486 565 565 507 542 502 411 499 531 315 499 365 425 551 469 531 419 451 499 529 598 380 514 422 492 0 572 378 336 521 503 372 564 490 549 407 484 552 554 561 284 584 452 372 473 505 520
525 434 576 538 408 422 336 459 560 529 549 438 372 445 405 440 543 498 452 463 430 578 496 453 379 551 365 387 510 574 465 579 554 334 462 581 587 538 586 545 357 519 515 452 560 572 525 323 256 437 603 426 442 438 538 414 531 469 593 545 439 566 574 502 539 505 472 299 438 380 373 592 518 346 382 448 473 506 585 0 452 581 474 563 243 426 543 474 476 409 421 353 334 538 573 428 516 417 606 519
475 356 541 415 475 562 528 283 488 448 511 392 409 423 570 494 459 438 404 585 475 529 464 531 498 353 570 557 442 567 398 534 473 542 606 493 599 542 513 457 381 569 495 451 564 534 354 291 401 527 465 450 493 548 370 425 597 549 459 355 380 519 590 436 482 429 581 568 482 566 568 490 485 487 577 306 430 481 476 500 0 535 494 580 465 549 532 486 530 509 504 397 459 587 406 567 511 398 462 289
516 535 492 487 489 477 586 409 521 449 395 464 416 462 407 463 433 542 555 475 543 497 409 436 591 337 418 323 586 545 498 373 564 396 423 575 570 409 302 428 600 569 478 572 309 463 416 532 308 521 538 352 441 528 412 392 538 544 469 458 601 451 509 555 359 502 346 557 501 444 456 506 587 562 602 475 458 573 493 450 568 0 290 605 450 502 508 518 499 536 554 389 516 459 456 466 570 487 556 535
307 464 398 256 377 560 365 567 468 531 546 527 526 394 419 474 502 565 521 551 575 544 524 386 473 317 456 383 554 525 318 563 534 371 464 368 578 481 569 526 553 504 472 400 449 527 570 579 513 579 323 443 427 455 591 441 453 533 486 551 454 490 566 321 493 499 408 567 582 379 400 531 327 385 569 479 448 518 316 474 525 562 0 593 550 519 558 602 546 398 373 497 592 466 232 490 233 442 409 474
579 546 474 433 553 502 502 522 538 347 367 429 593 522 409 497 495 379 444 520 466 343 601 542 485 451 312 479 477 568 574 548 397 280 375 378 434 445 504 461 471 548 563 458 529 570 434 450 571 538 520 483 503 564 456 419 511 518 539 545 509 445 359 517 558 521 290 533 394 590 449 506 418 558 518 422 290 379 382 567 455 581 544 0 551 437 386 428 539 519 483 524 529 534 435 375 404 427 537 562
424 240 496 406 525 400 556 435 525 556 235 497 562 435 481 254 565 593 421 420 437 338 484 576 521 527 501 540 452 494 607 333 504 411 475 262 584 513 436 559 399 305 588 330 580 501 430 320 338 580 535 548 316 468 514 449 489 479 572 580 544 297 192 366 282 532 346 427 513 550 588 569 247 478 479 584 483 348 423 498 537 539 503 534 0 507 505 487 587 457 473 520 480 554 610 520 475 486 437 381
484 417 467 423 482 481 485 288 460 285 524 562 569 421 567 473 439 441 594 587 313 520 536 426 428 413 470 442 444 579 496 523 539 442 571 514 538 577 511 395 525 501 503 370 416 487 504 392 272 332 475 600 559 425 428 503 444 438 462 452 538 541 581 558 356 536 293 446 433 417 224 430 329 436 497 439 597 422 574 452 334 460 541 428 556 0 582 525 547 576 465 429 460 454 588 436 576 436 519 492
493 376 496 355 570 528 443 295 312 537 579 449 438 485 330 502 530 429 359 367 383 455 532 454 603 567 439 366 608 418 515 486 418 373 437 531 570 543 572 319 578 435 562 583 426 434 306 341 600 568 470 569 567 415 308 549 479 582 454 553 318 485 496 481 457 442 445 499 571 541 464 498 410 555 346 390 458 543 289 603 561 441 511 577 492 500 0 571 448 430 539 504 539 504 539 367 292 515 483 531
567 456 551 393 586 507 531 422 238 466 435 443 441 606 601 563 482 553 440 552 519 448 405 530 299 312 485 395 465 604 519 443 387 354 490 493 483 522 371 419 461 429 557 447 514 486 436 475 402 474 538 561 534 504 378 547 576 538 448 410 347 526 527 597 402 479 465 482 541 563 455 427 346 528 526 492 581 462 496 479 588 572 461 597 366 509 552 0 511 407 469 543 523 494 600 602 451 427 583 400
594 567 456 517 577 485 460 483 363 542 394 489 559 550 371 442 380 270 492 588 471 442 515 429 566 459 578 592 521 545 517 488 467 590 487 258 452 470 496 449 306 297 558 529 345 324 474 584 432 397 548 548 497 372 504 434 609 462 492 502 413 591 504 566 598 449 558 359 500 419 390 571 525 549 472 518 438 404 562 457 596 353 353 431 424 514 454 456 0 596 576 431 526 437 452 456 607 478 352 566
440 528 513 521 421 388 414 504 400 433 531 541 433 559 553 437 578 425 501 519 507 603 363 499 339 553 521 438 147 536 500 512 419 477 451 568 464 461 468 506 519 609 505 409 449 531 515 457 400 462 544 602 484 610 366 385 443 550 567 478 591 469 397 515 517 344 370 383 304 466 484 435 462 483 460 446 322 405 573 341 480 466 538 582 581 406 470 410 559 0 334 562 464 439 447 601 503 516 451 463
412 441 561 479 416 355 405 448 469 513 478 242 409 569 499 548 603 443 490 299 543 509 543 411 514 452 474 519 488 575 585 404 550 356 423 358 363 453 249 493 595 538 412 451 541 492 404 563 537 507 573 514 417 386 482 509 355 398 523 451 480 300 389 365 452 517 415 528 516 524 533 326 552 428 584 390 582 451 466 205 460 487 342 522 540 526 232 448 255 433 0 521 424 583 373 352 331 532 487 308
574 475 607 449 451 397 293 476 546 613 487 489 581 605 475 542 565 311 413 440 504 162 544 470 595 408 613 296 430 585 430 479 567 553 508 460 543 496 453 441 581 587 498 599 496 598 564 359 565 553 603 444 236 537 336 457 418 590 493 501 371 218 596 369 431 482 531 525 384 423 441 389 473 534 441 574 614 397 331 518 575 536 498 530 598 575 467 421 471 463 260 0 360 575 455 538 562 560 470 389
559 485 416 412 365 559 555 361 569 581 262 321 490 550 507 553 401 497 449 469 572 470 455 572 528 363 521 456 549 564 409 342 393 350 508 398 533 471 547 526 586 602 554 379 539 536 509 362 516 418 444 496 615 505 560 396 440 531 486 426 475 363 405 562 545 416 476 600 522 444 478 483 579 514 537 585 496 416 476 443 343 384 304 529 520 508 591 422 568 524 546 407 0 538 375 336 425 401 280 433
531 534 528 484 347 477 501 540 413 550 489 488 507 567 492 396 527 447 473 441 594 480 560 515 580 389 449 420 371 418 310 470 504 391 493 595 381 506 458 478 487 457 592 448 553 518 435 506 515 483 541 550 562 486 552 433 545 556 237 469 349 531 556 445 564 536 358 352 264 524 563 459 505 543 315 586 422 539 433 549 437 567 390 569 379 535 224 520 513 385 459 432 408 0 572 376 510 423 560 481
298 329 443 510 361 505 502 399 431 468 531 600 533 386 479 530 507 517 466 491 360 501 507 353 459 516 552 587 470 541 529 244 556 501 537 371 417 525 424 585 513 316 444 531 486 597 448 525 441 448 523 570 423 518 439 305 548 539 451 599 515 586 442 336 527 531 524 477 318 592 484 516 411 364 472 517 383 468 569 552 502 484 480 443 566 229 394 431 499 522 557 472 486 465 0 592 245 289 504 404
401 578 521 468 479 487 465 198 453 415 437 329 486 489 488 383 549 360 601 540 535 430 590 531 536 374 524 478 475 539 548 447 430 536 349 584 395 575 506 356 551 390 581 338 534 382 500 442 557 458 462 259 585 304 558 330 592 495 525 534 481 557 498 485 478 563 497 352 512 527 376 515 400 554 558 506 421 493 519 532 566 491 452 538 574 413 556 485 543 435 520 464 569 498 460 0 503 221 524 323
325 334 416 480 460 483 439 431 439 422 476 508 441 455 539 586 519 497 539 502 532 471 424 565 536 354 485 447 466 485 441 410 461 314 487 553 514 541 544 448 372 424 548 560 440 388 343 359 574 445 516 431 456 435 487 507 561 508 504 587 531 475 533 471 443 487 422 529 492 510 582 588 453 586 532 538 541 497 151 460 559 430 476 600 491 555 484 492 444 473 388 341 369 593 390 587 0 305 553 487
398 464 442 577 421 499 474 525 492 531 377 537 513 533 245 337 520 488 593 446 425 413 301 483 450 498 549 566 377 524 529 540 554 502 578 327 460 589 458 428 480 502 435 500 565 448 518 503 489 279 369 508 522 471 396 290 378 531 444 432 427 526 524 503 434 468 541 538 558 577 186 492 454 463 390 596 518 490 505 558 504 524 525 578 498 506 527 476 438 440 444 405 592 555 528 583 542 0 502 226
522 505 599 512 511 588 569 446 447 515 485 310 600 517 453 549 481 408 293 436 395 464 430 290 586 582 426 406 519 428 559 415 430 530 401 447 517 396 402 454 433 538 291 401 495 541 480 512 558 362 505 562 544 570 424 576 541 406 407 589 505 521 448 479 399 586 500 308 562 431 472 415 398 205 537 550 455 351 578 376 469 468 591 580 452 383 493 474 439 443 493 430 355 522 542 553 578 277 0 456
346 529 548 512 453 495 455 369 580 538 517 446 457 443 442 339 565 545 342 559 518 421 576 364 490 555 389 440 441 372 449 467 390 505 462 515 534 565 432 513 516 509 489 480 510 377 508 445 363 305 529 568 556 563 609 372 462 517 472 577 433 468 343 480 461 363 502 536 447 376 572 494 483 513 480 467 579 520 424 521 452 442 360 417 443 473 461 298 329 477 568 577 506 510 433 338 514 566 495 0
