150
1080 74139
770 195534
791 195825
1019 29292
662 176044
1091 196171
965 188708
1108 196482
951 186742
698 126146
767 128970
844 190784
834 158074
926 196511
779 196576
1025 196561
661 196588
554 196590
535 196576
964 196579
79 196521
515 196173
911 193259
635 195018
455 93443
359 21777
848 192841
443 189286
539 196365
1384 196479
710 196431
534 194835
655 196592
512 195303
861 44677
969 73030
658 196584
726 126163
986 142027
489 196395
262 192831
722 157339
594 196108
918 196592
604 183676
918 195257
631 190769
893 112941
1295 195286
992 178865
1247 196570
424 195798
779 191184
811 150030
846 196592
1056 101906
972 178056
830 166972
300 188701
657 196592
1115 117639
933 131179
867 195860
606 181887
782 196285
1034 196560
864 192471
914 196120
830 170396
884 196530
754 99268
798 176212
920 192268
867 159755
587 12180
871 196535
634 171773
559 196591
798 196381
750 189600
1003 196468
516 129130
824 119800
765 145706
311 153240
875 189651
917 180337
914 172363
786 195291
929 185367
615 186384
557 96082
931 196072
767 188519
803 166518
476 78436
590 183337
1063 194732
567 183589
486 157447
556 194798
636 196567
803 43140
413 161505
651 195667
865 51474
641 196583
577 182345
752 196592
1209 115428
595 195526
1023 196580
990 187752
1146 28301
581 178497
886 36328
886 148024
838 196292
625 196587
667 187823
841 196591
622 196588
959 194529
1026 196553
874 110735
752 175253
853 105562
722 136440
883 189787
578 68047
898 196575
1247 194621
1085 171238
560 30606
885 123248
638 186133
1032 173011
1096 168522
215 196585
821 153715
712 196592
441 196568
848 75788
801 196392
555 193012
633 55370
937 156222
1028 194220
947 125826
739 196351
0 964 627 839 984 791 515 844 733 764 722 765 674 996 697 904 698 830 813 511 671 831 941 719 889 796 979 632 881 880 627 808 751 847 903 668 532 796 599 946 731 659 721 688 847 885 958 927 936 568 737 862 606 958 842 938 706 890 832 669 948 833 808 812 662 868 776 806 546 847 905 646 741 843 740 766 1029 924 897 807 448 1004 966 850 639 932 614 778 562 916 872 876 974 882 669 739 862 802 818 970 523 561 967 908 807 739 731 840 757 796 872 944 629 965 1001 585 831 854 794 872 625 744 856 960 749 549 859 778 833 764 922 870 909 913 818 663 705 988 875 841 522 821 842 693 670 506 768 896 740 986
759 0 903 663 561 1014 884 901 834 746 892 929 975 817 604 865 644 747 1002 774 864 764 975 780 488 825 940 987 592 788 656 812 1026 846 724 622 559 787 596 729 610 902 876 758 935 854 630 942 1018 925 559 623 817 890 903 829 762 907 790 428 763 909 943 697 786 853 853 835 911 810 782 780 813 802 919 729 945 891 761 651 768 856 816 833 393 607 688 666 928 799 919 917 894 430 815 824 728 659 897 661 865 938 915 1015 867 703 752 946 957 492 925 891 724 691 684 822 749 719 680 645 941 750 908 741 909 941 958 600 575 654 849 952 873 798 843 751 818 832 869 693 721 763 721 695 818 904 573 477 873 746
861 563 0 953 833 649 809 836 931 944 909 830 512 831 628 867 962 786 901 647 829 887 619 603 907 887 824 841 574 877 909 531 630 845 680 876 386 760 531 750 743 755 816 903 774 863 766 852 925 575 835 636 969 889 738 1012 763 804 456 783 916 688 733 806 849 882 889 936 752 602 864 574 827 983 894 916 792 798 966 837 918 834 920 858 394 791 864 856 761 867 1009 581 752 620 987 959 770 928 677 634 830 797 786 490 1020 889 894 927 603 874 926 761 721 554 579 994 882 767 917 721 977 835 973 792 632 934 696 990 995 979 829 747 655 902 1008 578 744 632 756 526 749 816 695 874 512 758 800 613 725 874
789 743 647 0 794 788 1013 847 917 580 725 764 743 897 668 658 856 942 819 896 883 811 670 812 982 820 815 788 629 947 694 890 916 946 949 909 635 834 661 540 591 899 618 701 804 638 903 828 604 877 853 909 770 655 837 707 810 854 970 618 684 728 731 577 467 954 748 895 813 816 680 821 980 540 921 905 973 591 839 778 823 358 796 975 948 863 903 951 803 835 963 709 926 627 598 745 697 917 793 938 834 639 784 513 986 828 706 821 690 817 890 820 706 928 723 771 986 515 800 664 1024 870 750 870 625 684 864 559 866 1008 878 768 663 832 739 553 1009 762 743 507 849 974 906 882 939 925 900 904 895 524
976 609 592 540 0 817 861 911 885 650 811 766 806 714 988 777 989 995 803 907 887 810 1032 832 847 645 859 789 576 911 865 700 634 877 441 886 854 854 853 737 957 507 802 908 770 818 842 654 906 718 890 899 698 597 978 988 878 959 191 786 588 750 784 603 807 908 788 611 655 993 779 924 933 948 862 819 956 856 618 976 561 935 893 820 830 901 1002 803 821 926 940 738 818 760 902 913 746 663 759 838 980 808 959 698 855 901 684 998 916 940 573 811 961 883 704 574 532 879 914 793 874 894 805 859 960 757 963 868 934 942 655 875 951 662 799 801 847 816 476 841 748 703 588 888 984 924 697 816 900 757
879 855 949 702 712 0 956 922 768 721 592 856 694 769 723 819 905 673 658 993 773 966 1020 951 940 729 698 449 722 871 879 506 820 544 744 919 766 944 753 801 738 744 864 615 698 741 819 984 642 875 729 791 718 770 782 827 846 806 916 907 726 856 904 675 862 926 732 951 860 842 369 555 630 431 743 929 989 914 930 624 739 792 536 490 805 748 790 776 864 798 891 461 804 873 784 774 705 762 761 490 668 627 518 524 1033 788 773 864 614 867 901 989 691 582 788 520 889 827 773 931 796 955 754 543 962 676 625 537 950 1025 577 547 900 750 907 759 841 782 633 986 788 929 720 748 405 807 873 887 772 701
865 719 717 840 852 726 0 413 903 530 707 453 722 823 805 700 793 925 843 894 885 452 939 904 895 721 752 960 776 901 803 923 871 617 719 677 829 949 954 904 934 906 901 794 761 779 826 836 619 667 881 964 692 774 373 846 740 824 699 731 848 955 990 992 730 912 851 739 782 925 581 400 730 941 827 404 771 962 816 799 882 664 673 911 515 873 471 876 710 996 862 866 932 886 806 831 838 793 915 916 993 943 816 777 925 872 1017 1009 356 896 776 842 883 607 731 681 813 753 740 734 798 763 746 953 874 932 766 561 975 699 856 796 809 723 603 764 889 972 956 810 903 874 811 837 694 935 723 1026 765 770
566 905 775 1000 996 772 763 0 396 794 756 810 746 695 727 842 950 999 754 886 908 731 749 750 592 812 644 788 647 937 682 761 619 959 923 483 766 874 741 840 581 887 901 857 730 662 714 933 839 871 959 726 817 897 832 738 856 777 656 636 844 884 497 865 954 652 941 1005 898 763 847 492 712 835 634 881 840 812 940 880 916 972 739 1011 784 780 632 749 854 837 511 533 710 605 767 863 781 921 886 774 809 867 764 676 674 719 898 927 861 544 470 962 732 860 870 940 844 706 862 899 806 896 779 949 858 837 600 766 770 654 977 954 933 774 883 891 852 842 817 892 910 999 871 749 957 583 857 700 692 809
688 926 861 954 823 741 922 388 0 815 827 942 867 774 788 1023 934 753 619 671 766 904 613 801 969 944 763 742 713 725 730 885 915 716 966 833 958 891 896 1000 978 781 794 791 796 840 892 967 803 849 622 679 783 618 931 674 660 992 742 888 838 904 995 888 848 727 935 918 996 898 529 654 868 804 785 719 733 1003 799 754 822 640 917 836 1014 753 790 657 502 809 1003 815 837 906 995 599 1014 769 797 825 652 749 953 897 931 852 587 875 808 936 647 867 906 1024 870 636 509 846 512 637 411 637 507 996 923 687 817 691 779 496 780 839 685 643 785 762 894 707 833 755 627 933 731 982 868 673 979 781 521 893
810 694 900 845 782 623 747 945 966 0 701 559 556 732 780 933 816 998 954 901 976 946 943 885 820 875 775 871 804 614 694 1007 613 793 936 779 764 465 806 862 931 900 926 927 882 783 755 1005 986 700 660 871 660 749 564 903 955 810 987 284 988 845 846 888 983 825 693 683 882 849 623 965 679 634 822 1003 700 718 935 730 861 865 365 617 887 961 893 773 913 811 955 695 818 672 861 707 536 760 861 846 884 699 739 1018 932 467 739 977 775 988 901 763 749 452 550 834 588 935 696 803 850 212 692 934 872 825 904 789 862 755 974 662 960 573 483 921 724 898 931 947 670 956 915 725 583 968 843 846 648 894
960 738 966 790 663 675 769 865 695 941 0 439 900 839 402 950 863 534 907 745 724 1017 887 941 624 848 868 867 652 738 961 711 975 867 981 733 1030 614 999 773 891 795 880 868 636 893 872 672 753 818 683 994 834 684 793 772 843 449 873 918 447 547 868 761 919 758 896 855 750 852 991 825 974 915 974 655 892 628 993 787 981 922 967 754 691 927 623 765 809 934 751 877 1030 1006 772 871 871 843 720 990 524 667 854 552 767 753 826 802 772 808 708 962 853 859 826 751 733 639 808 626 823 957 719 890 678 704 914 745 766 988 770 900 785 773 927 586 878 848 788 784 582 954 803 900 545 692 786 756 739 854
814 956 585 972 978 790 870 1025 520 726 994 0 882 727 876 930 893 290 551 582 715 557 663 840 916 936 551 887 859 597 822 814 494 389 972 950 704 817 573 545 874 728 891 775 759 829 898 768 908 892 868 713 402 940 832 727 911 930 719 788 939 906 854 788 891 822 814 684 790 788 917 525 715 710 862 648 880 830 654 736 516 734 968 780 597 804 765 645 776 742 999 924 838 644 733 845 725 886 671 996 742 921 544 965 976 988 786 671 697 947 923 831 532 580 735 873 809 1008 749 787 862 969 856 737 729 944 749 696 880 779 643 915 717 795 868 960 967 836 931 983 763 874 829 635 718 962 683 791 834 983
811 697 937 505 357 761 986 849 546 450 661 788 0 684 960 832 897 729 999 711 868 983 924 914 856 853 868 977 647 720 946 981 827 923 775 874 932 940 672 584 966 836 794 655 825 805 696 939 596 914 837 892 790 720 672 993 786 831 1003 931 822 687 1024 642 825 573 906 1006 605 640 616 870 787 537 862 977 860 843 824 684 654 850 941 426 570 806 857 979 888 945 809 778 950 690 942 722 904 991 894 779 939 759 632 866 897 481 872 806 613 770 657 1000 976 684 917 912 488 762 966 792 1006 735 653 869 971 432 811 992 729 824 483 890 841 701 877 466 938 739 793 689 783 878 790 742 677 746 750 786 536 554
896 604 498 599 738 796 830 589 605 740 1003 870 637 0 439 670 488 680 854 737 651 677 971 928 905 985 757 798 829 789 605 747 915 815 777 687 688 492 801 848 906 966 322 922 808 821 560 899 827 967 686 927 765 978 983 585 740 937 636 988 988 717 872 438 843 914 922 640 760 913 893 919 896 515 925 452 699 899 935 874 771 896 963 947 878 768 976 643 711 746 870 537 911 1005 606 795 998 537 523 747 719 968 535 990 969 871 905 895 991 687 914 940 675 819 566 939 755 759 645 776 500 743 1014 723 699 748 903 901 923 867 683 620 743 693 930 782 901 619 477 658 767 826 682 852 813 795 849 425 887 787
962 938 820 880 821 830 924 872 983 728 932 626 691 810 0 704 817 949 859 731 604 382 1016 683 984 736 797 925 958 752 941 822 910 812 983 986 530 933 879 758 801 837 861 513 966 596 869 945 991 868 685 784 521 892 858 871 789 965 760 1015 674 672 806 846 856 849 875 870 809 868 1002 916 778 726 920 947 738 937 742 918 760 761 904 885 994 805 997 711 756 934 884 362 786 957 852 780 909 434 726 671 884 767 803 675 827 670 811 937 872 642 853 777 680 955 573 961 675 656 862 615 698 457 954 887 674 674 947 409 744 1031 842 863 906 1032 883 950 572 733 951 628 644 886 795 921 778 1010 652 927 888 950
915 700 846 915 920 866 974 970 732 822 856 892 689 1035 1008 0 682 893 888 814 709 986 910 1013 895 991 861 857 980 677 827 777 930 913 387 841 681 724 972 763 704 945 763 864 596 632 904 560 672 783 822 812 951 760 989 873 813 773 817 835 764 934 815 1016 823 936 788 460 656 1006 914 1003 964 696 878 948 826 774 916 716 994 933 601 844 960 657 905 974 605 740 792 860 952 688 860 582 982 1000 706 890 761 639 808 843 759 702 764 630 600 970 680 956 869 757 928 760 830 657 862 443 695 799 1000 814 541 848 700 701 614 670 638 967 907 437 906 845 774 799 819 788 966 631 880 1019 872 889 990 750 580 994
966 808 708 806 680 993 721 662 694 818 839 747 655 628 700 694 0 652 853 967 648 707 714 880 893 971 830 639 894 882 829 920 983 930 943 901 592 736 894 938 608 679 824 918 820 669 649 749 717 723 949 856 931 840 413 509 709 848 743 713 839 872 909 842 950 839 990 905 720 767 701 884 844 919 937 840 886 1007 871 783 713 941 947 483 926 475 750 588 594 710 521 493 823 732 800 428 786 758 723 740 692 908 683 860 835 878 861 911 743 612 507 900 920 785 379 953 820 756 571 798 773 862 910 403 602 982 566 864 771 866 617 606 653 866 702 968 412 702 538 765 769 871 868 593 802 750 821 799 956 726
809 830 636 696 622 472 460 768 824 915 923 863 770 711 755 778 996 0 776 1020 708 793 757 709 569 698 812 823 607 819 874 873 737 686 748 959 979 870 820 634 967 549 780 901 830 927 632 662 984 906 961 464 924 958 871 789 957 783 982 960 678 902 799 793 653 607 980 891 726 687 902 393 855 874 923 912 764 503 896 846 942 890 865 1012 644 907 694 760 612 764 585 749 793 803 842 697 900 979 690 592 804 487 886 882 661 661 835 707 952 629 553 766 485 880 787 815 636 765 908 418 615 504 660 330 752 786 773 1021 891 961 917 734 855 968 757 989 861 838 844 853 678 815 530 813 814 867 827 715 791 657
879 495 503 935 425 904 596 913 851 720 769 941 869 620 339 917 907 717 0 998 684 960 790 846 458 874 776 962 766 585 885 820 497 539 942 850 889 687 705 922 887 603 916 728 976 844 729 779 954 805 731 816 881 1008 852 874 943 809 914 798 842 960 550 764 786 656 938 551 974 955 939 831 565 669 758 979 728 947 886 936 498 937 597 934 836 587 597 774 671 835 849 643 752 730 587 863 847 815 758 939 707 665 824 911 936 811 1015 934 754 977 602 801 939 812 882 542 954 583 767 516 912 929 947 704 824 979 654 320 769 591 780 808 1014 851 941 926 664 922 855 817 941 723 968 890 838 884 546 586 702 873
838 659 721 778 510 834 489 811 833 729 778 829 944 692 802 669 830 697 992 0 622 755 729 859 790 784 761 806 717 546 788 879 394 749 626 898 679 899 563 534 441 645 894 611 984 616 889 708 776 925 803 816 670 773 793 994 736 807 965 688 801 844 756 490 708 865 418 812 884 635 889 814 875 868 709 832 256 856 696 956 836 656 978 734 819 1006 330 970 771 816 893 827 942 813 818 674 657 912 856 878 933 646 936 971 980 972 514 510 928 786 893 986 724 923 959 692 878 923 924 896 976 708 472 993 841 782 929 931 821 879 935 765 668 402 955 785 860 634 597 1023 942 938 752 747 754 896 837 834 988 722
979 864 803 788 908 949 972 946 1004 796 863 950 753 841 698 566 843 591 697 947 0 819 703 806 457 594 999 1002 842 784 504 845 882 757 966 856 992 876 673 921 829 908 856 879 662 669 781 959 840 958 820 804 566 833 823 756 913 800 499 756 981 766 376 1035 422 782 742 912 789 911 852 954 734 761 1022 603 812 902 706 775 694 718 891 831 899 757 756 890 825 735 888 703 925 548 954 966 872 687 864 583 653 973 869 640 962 902 668 578 847 940 937 873 637 926 751 774 899 628 866 736 796 913 512 976 414 824 863 907 842 932 848 972 929 777 540 881 642 581 748 759 862 777 838 508 725 684 1011 825 715 859
911 823 821 1009 979 520 869 830 869 830 971 738 925 738 835 682 874 865 816 932 833 0 570 886 679 847 918 629 852 984 767 693 732 795 752 980 890 678 859 637 716 627 919 699 690 885 759 675 967 897 850 836 698 802 945 907 896 724 632 811 615 638 924 579 666 783 667 929 571 917 931 585 834 480 727 961 662 635 610 637 831 786 785 861 933 927 824 854 885 918 946 746 755 947 748 890 750 890 848 1006 492 973 763 735 986 697 1009 943 926 592 885 814 865 358 981 845 572 875 815 672 885 639 584 758 626 842 797 836 839 912 760 861 947 939 744 1009 913 957 675 617 910 932 648 702 716 559 848 897 865 658
876 717 942 950 617 825 781 815 794 697 915 562 693 717 756 790 626 877 852 649 832 431 0 841 769 644 685 609 320 820 700 628 563 665 581 1007 840 823 712 800 487 760 945 728 890 649 905 830 787 810 896 701 644 535 816 879 894 726 648 722 659 911 830 728 628 942 984 582 867 702 516 631 970 734 992 938 774 992 898 868 880 924 669 863 1016 750 665 953 898 960 711 1002 767 975 866 763 1009 993 978 711 970 943 985 914 795 538 759 718 806 902 944 932 774 635 518 923 850 697 836 927 801 821 574 892 646 741 653 655 914 887 619 696 788 733 564 852 1000 353 868 946 957 839 991 937 770 930 727 806 1025 885
815 905 965 788 879 950 619 770 610 917 959 808 720 924 828 831 827 689 801 785 923 617 936 0 609 1021 854 713 822 1008 881 761 668 826 608 985 882 907 668 867 713 582 900 1004 976 755 742 751 827 975 920 1008 318 699 760 916 700 861 802 689 1008 981 941 824 910 607 625 1009 588 938 866 882 860 987 887 856 677 925 1007 744 841 843 563 610 857 819 939 892 811 708 973 762 713 923 864 882 923 528 710 563 902 761 526 945 888 721 770 944 826 985 286 794 674 696 859 943 706 932 759 872 861 868 794 941 677 764 706 814 775 841 465 639 900 899 979 706 749 1013 802 775 486 911 889 882 849 638 965 654 874 924
694 748 630 925 881 724 672 648 744 827 785 657 496 570 819 797 897 928 787 710 762 879 775 955 0 826 906 906 873 672 968 632 656 992 750 616 725 733 833 595 933 701 825 964 772 891 912 623 636 890 928 968 809 942 885 428 887 995 739 941 805 681 648 663 867 711 923 885 810 799 986 628 727 1009 911 937 540 619 814 687 735 878 825 888 576 521 595 781 942 903 790 724 675 765 784 760 841 584 793 872 756 1027 887 767 903 731 893 1021 837 695 843 860 675 581 825 968 843 608 438 868 799 602 684 775 703 935 737 691 562 791 668 793 635 535 395 272 859 794 674 594 932 968 880 645 830 786 796 649 697 765
687 531 799 792 938 944 579 445 713 845 986 801 854 762 832 964 978 821 715 1002 864 863 937 938 853 0 765 917 843 643 875 664 699 623 548 768 635 950 862 838 796 988 852 661 956 911 790 950 907 1016 478 756 948 498 902 730 963 901 760 807 938 905 370 789 844 832 865 534 854 788 992 978 820 779 527 830 518 904 774 941 663 411 549 851 749 605 814 847 871 634 623 970 884 949 757 936 618 852 886 992 889 962 723 723 744 735 727 640 683 743 873 982 874 520 364 876 782 740 926 932 986 594 631 814 748 884 875 917 790 926 789 990 888 582 839 888 591 767 834 801 922 666 686 938 267 648 538 925 784 888
778 773 520 875 848 811 676 961 758 695 827 873 926 954 894 571 968 717 1007 819 722 862 852 957 810 678 0 689 850 878 499 731 911 795 822 737 894 601 574 901 962 851 449 812 749 833 870 684 492 865 530 629 747 751 650 675 899 877 723 901 843 795 907 857 779 744 829 788 861 641 783 664 687 685 886 726 753 748 738 857 988 798 583 478 820 921 949 789 927 422 676 1001 870 886 670 892 939 583 501 967 608 623 802 881 653 862 876 889 626 846 575 951 832 934 810 797 804 680 633 953 870 918 805 1023 880 867 612 925 502 954 910 689 706 665 801 644 853 808 712 721 948 789 907 943 932 888 929 873 587 936
769 690 994 651 475 942 839 737 898 538 649 914 981 848 684 771 881 643 870 953 838 691 592 662 948 639 882 0 1003 770 830 849 827 939 550 587 660 954 893 1002 937 822 827 673 905 738 937 636 692 847 826 889 783 756 773 984 761 655 710 688 669 936 792 619 1014 592 906 803 842 977 979 771 815 852 909 593 630 963 715 855 895 961 912 935 916 870 804 905 766 867 727 957 965 705 546 957 776 784 719 879 712 528 837 475 763 876 850 783 750 868 767 793 860 859 977 796 644 596 847 954 810 882 925 663 912 876 849 215 782 957 443 893 792 697 955 645 908 1019 695 874 515 665 821 592 725 741 906 580 658 853
595 817 576 884 609 910 802 916 971 809 552 506 788 761 898 896 868 903 831 807 770 907 813 758 929 836 859 785 0 768 884 967 863 843 870 490 941 878 410 663 703 870 768 820 551 877 698 635 504 898 763 892 842 840 488 1001 851 654 773 570 948 799 815 699 584 764 700 925 776 932 832 1006 998 734 855 948 495 951 516 927 710 912 725 993 920 802 857 838 864 667 806 908 741 866 730 882 748 988 632 683 797 809 559 979 845 834 681 771 819 807 923 690 843 520 863 669 662 734 935 887 907 684 942 749 664 898 887 779 1003 864 786 607 843 692 637 771 838 677 696 720 627 987 897 727 964 693 665 544 852 965
766 920 983 830 766 844 1003 835 892 926 797 757 943 857 835 636 792 757 995 884 502 748 985 811 945 921 828 821 645 0 1000 868 876 701 947 801 970 678 895 803 844 929 938 779 899 664 859 764 705 773 742 911 1016 534 682 879 342 715 694 827 813 772 959 669 876 986 1030 897 693 904 942 535 771 816 928 847 465 672 854 947 884 977 678 909 745 964 589 789 446 903 861 939 854 731 526 570 941 723 964 622 692 800 586 910 804 893 575 516 802 979 712 1012 729 806 447 952 837 597 761 837 872 578 780 772 604 940 976 592 934 941 932 889 1009 874 778 909 827 605 871 679 771 570 1015 889 843 888 826 767 826 805
750 848 761 613 491 644 786 896 758 642 789 954 836 926 767 783 715 965 654 521 895 749 821 932 893 837 692 787 963 824 0 547 835 695 341 708 947 736 710 900 922 815 480 435 725 798 873 886 747 911 951 768 646 884 679 620 901 774 803 678 821 1000 790 992 851 602 737 855 785 952 660 877 888 970 603 898 312 928 514 498 577 651 961 730 803 798 972 836 920 838 451 869 969 970 787 711 723 655 850 946 767 862 738 877 621 963 788 713 834 928 748 813 960 940 816 693 566 829 764 999 621 865 802 901 524 800 686 852 594 684 646 303 956 903 892 895 837 709 784 950 731 881 976 935 981 517 715 724 686 914
734 938 770 774 729 875 966 720 830 647 949 778 715 720 760 814 950 664 631 455 970 483 1007 971 1013 701 785 855 436 795 474 0 673 902 800 948 746 792 990 835 894 676 810 945 809 898 778 724 814 594 887 698 848 539 972 929 759 895 586 982 715 590 722 892 970 767 977 813 932 482 836 844 751 666 863 753 744 866 800 776 674 836 606 864 871 851 808 1027 1010 710 917 666 989 846 1003 897 225 933 938 674 619 998 734 944 875 937 938 722 956 505 839 613 986 936 558 930 605 790 751 645 754 658 828 559 894 545 864 836 779 813 810 528 939 735 933 891 917 593 992 619 795 592 905 801 952 455 743 926 895 867
601 751 953 708 811 641 863 795 927 687 816 598 912 715 774 750 940 681 831 791 959 957 617 638 811 992 676 940 652 513 741 918 0 718 491 818 582 589 902 898 703 978 863 717 631 950 746 634 785 714 854 539 735 898 699 722 607 754 819 848 671 985 1001 882 760 719 868 757 493 889 976 943 729 747 785 758 562 908 727 846 951 541 958 981 562 680 836 622 734 759 913 743 532 900 946 722 728 792 814 983 889 556 826 535 770 535 925 880 958 911 616 875 758 835 943 756 844 814 744 699 852 777 595 834 827 891 843 840 870 723 715 639 554 1003 840 655 951 837 703 884 775 398 839 864 844 939 741 704 850 678
959 887 976 733 1019 618 915 824 748 904 865 834 749 515 982 812 920 778 713 931 510 537 855 712 893 889 625 649 859 936 866 771 838 0 778 858 846 806 582 813 648 997 481 535 990 960 737 898 830 971 528 676 870 988 861 843 888 751 762 674 577 760 882 873 987 870 821 921 897 772 850 956 806 787 967 824 811 855 563 919 713 800 867 850 514 979 836 839 664 557 878 721 982 565 875 653 888 724 680 789 897 920 903 696 583 591 913 857 846 950 610 779 719 885 776 779 992 772 813 916 802 844 717 638 999 632 814 825 870 608 777 593 921 707 714 584 458 651 956 745 851 810 922 872 580 773 978 623 623 899
884 873 972 590 915 675 691 999 742 1022 788 798 651 845 727 750 950 857 827 710 850 684 492 895 852 779 795 909 780 928 812 744 925 880 0 1004 751 724 851 886 982 936 624 740 849 873 744 863 676 697 797 717 869 846 504 914 863 636 661 635 403 953 987 729 817 862 839 960 889 921 486 919 580 857 628 454 811 583 977 585 676 572 756 848 846 875 825 937 874 910 835 710 847 932 819 881 831 732 768 958 704 947 630 1006 863 876 727 838 805 931 792 674 861 730 848 963 868 570 890 717 933 803 972 911 840 838 843 738 854 870 692 1022 630 710 754 879 945 607 781 920 877 305 739 831 886 795 904 894 908 501
934 530 547 789 985 592 868 645 898 743 965 577 946 409 917 495 808 819 702 826 499 840 881 602 981 877 929 708 953 779 965 957 676 838 517 0 757 867 860 564 997 874 929 773 694 698 689 580 921 580 962 956 838 821 873 532 486 847 484 634 878 1025 914 797 845 922 976 782 929 991 935 795 999 953 868 782 935 852 855 969 883 794 925 496 389 743 583 876 872 953 771 776 939 779 942 963 827 902 818 976 806 725 857 777 885 886 912 761 866 734 576 822 820 934 972 886 351 798 851 925 957 802 916 888 705 732 702 900 819 884 897 859 947 848 974 951 720 773 686 510 916 869 857 833 945 748 851 834 760 929
909 854 892 587 929 732 891 560 887 659 895 601 620 728 964 782 951 961 488 1018 633 929 875 714 543 929 908 760 575 889 873 914 749 897 806 769 0 970 966 479 885 760 632 934 728 876 960 762 782 599 750 668 692 795 619 817 595 458 810 893 517 763 864 815 664 910 564 680 849 847 775 584 944 805 844 900 730 933 581 920 882 857 683 976 895 407 805 972 520 833 732 936 776 647 730 992 867 580 723 979 786 727 772 884 916 812 738 966 567 670 710 599 822 920 767 1010 914 672 828 781 878 693 891 845 746 871 854 887 721 934 829 905 573 919 559 553 708 690 554 868 683 648 939 899 784 635 814 807 604 626
681 981 690 917 776 934 938 869 504 1013 869 499 935 719 920 746 619 792 838 756 858 833 1029 868 778 818 897 624 823 540 713 1014 806 653 934 845 757 0 965 643 700 678 981 905 859 477 980 724 838 918 778 955 504 559 692 738 745 702 921 813 876 509 761 686 1013 590 640 572 826 580 1001 795 1013 943 550 873 428 985 646 1013 782 1011 800 568 676 726 781 939 734 625 857 711 768 748 719 760 812 863 932 907 724 837 861 940 943 785 938 815 895 902 928 836 851 528 713 844 999 820 773 892 1033 786 699 824 831 938 898 877 848 744 956 715 838 733 758 584 588 886 757 510 792 805 595 841 847 629 918 1019 915 599
745 904 845 561 941 896 802 799 589 844 819 620 864 791 900 876 950 720 682 1007 879 691 775 552 772 703 691 802 948 852 727 582 972 979 905 746 404 959 0 638 826 847 761 753 502 697 759 505 756 830 916 890 978 886 875 809 589 705 857 870 864 744 916 589 722 476 718 922 978 829 818 573 595 945 874 635 984 803 863 613 882 881 764 742 717 773 741 352 683 542 918 893 769 752 989 441 831 583 806 873 728 765 711 678 581 923 974 780 552 875 992 845 899 835 748 784 753 841 1030 853 950 695 930 954 744 777 502 535 917 730 892 856 858 981 951 752 994 1015 843 932 836 740 1004 848 797 955 777 1018 944 782
883 941 960 636 651 853 807 872 911 758 904 580 892 650 757 687 976 707 921 618 901 857 778 567 859 903 780 874 521 738 841 618 794 658 780 740 959 828 808 0 936 956 1015 995 820 851 986 883 639 917 722 761 447 783 771 878 936 916 937 814 724 833 858 940 833 503 691 831 971 784 800 929 1023 865 814 512 592 689 924 635 941 777 561 815 684 580 700 916 801 915 868 986 809 877 935 739 811 969 824 769 770 986 884 791 870 803 994 873 914 1010 525 714 951 782 661 742 969 674 817 856 917 948 872 492 462 991 773 673 957 950 728 822 735 624 882 663 868 588 907 966 751 790 817 995 495 884 552 821 973 561
961 900 973 726 668 904 778 888 1019 855 710 719 574 883 840 924 625 807 832 957 876 601 963 906 765 851 932 671 1008 683 735 553 892 944 382 921 972 984 875 616 0 714 873 769 855 533 682 683 945 845 776 761 780 564 603 995 534 806 965 644 872 897 779 819 694 624 784 744 1001 802 937 947 835 595 873 534 821 1011 629 1017 860 980 725 673 716 753 676 825 556 533 914 883 841 871 853 964 658 914 953 982 915 568 931 631 705 687 930 979 952 833 527 682 813 512 733 1001 984 947 972 894 898 969 917 825 710 682 504 742 545 899 770 725 524 719 587 667 720 688 784 1022 735 965 768 879 856 986 708 805 707 838
896 995 855 771 748 597 990 808 736 700 743 929 986 677 477 658 970 597 793 882 644 930 856 745 915 937 654 764 920 668 771 402 523 754 947 751 926 735 884 799 780 0 853 931 763 738 850 565 823 633 872 761 936 715 391 819 743 545 920 727 677 784 962 800 878 782 542 764 806 827 558 811 654 352 814 440 618 949 868 659 846 780 537 917 693 700 638 818 759 549 868 911 819 908 940 963 875 881 690 620 652 908 470 884 687 776 772 895 929 867 823 622 597 855 962 975 696 889 799 799 846 942 709 814 401 508 943 736 884 1018 501 944 694 557 652 900 575 928 658 987 710 784 886 881 771 636 562 827 912 854
945 623 783 667 907 855 973 666 552 616 543 791 979 836 804 815 900 1017 778 835 703 787 717 816 693 979 642 809 911 620 1030 931 953 829 706 644 976 947 813 813 792 954 0 411 982 654 1007 645 884 792 985 787 984 753 967 500 1031 998 974 920 906 912 729 801 830 816 680 695 816 831 838 827 847 780 907 910 708 696 844 827 962 877 831 529 746 959 422 894 840 886 969 923 664 890 728 956 733 831 989 604 722 664 470 964 666 856 950 884 869 674 792 788 673 823 901 712 886 923 810 933 822 780 708 877 663 585 844 913 875 841 757 688 971 922 846 933 795 959 691 703 958 978 614 849 753 981 706 683 772 475
802 403 890 890 590 700 991 752 623 744 868 888 989 475 645 891 713 873 815 815 742 928 860 884 792 765 752 948 958 994 717 914 944 657 968 640 750 805 876 687 979 765 524 0 544 989 424 645 775 913 853 750 947 895 857 784 463 682 827 634 858 445 888 974 893 651 667 741 858 873 880 849 958 797 836 875 846 927 782 891 806 931 929 853 932 936 776 755 895 819 846 806 911 866 1003 402 708 758 879 885 701 813 846 1011 731 857 777 780 995 858 898 892 636 892 714 801 901 873 547 1001 959 892 855 716 959 620 845 934 893 980 287 723 929 651 855 911 679 536 501 847 652 387 846 317 838 757 798 629 837 730
961 761 845 863 857 736 571 484 765 919 507 840 806 851 740 764 389 761 766 680 786 906 897 688 800 934 868 946 797 664 715 991 996 839 627 659 600 800 870 712 649 856 839 829 0 901 857 834 723 666 958 872 521 978 749 535 851 764 841 626 605 756 980 858 804 707 520 892 1010 757 855 785 820 964 875 843 1016 945 553 827 953 1016 573 591 756 627 970 872 775 733 773 827 779 930 815 761 934 589 579 845 526 807 620 931 836 766 542 841 810 639 929 801 705 877 713 715 700 638 527 836 709 992 994 286 914 771 823 840 697 600 924 665 819 846 620 773 898 810 941 713 859 1008 898 955 601 934 920 891 1013 911
832 780 713 897 788 915 889 808 852 761 880 824 753 796 966 764 948 697 613 862 781 546 639 621 720 818 808 905 825 644 747 650 884 752 614 855 775 894 878 880 811 776 838 922 730 0 533 809 948 899 725 988 525 878 720 457 944 741 995 855 979 957 741 869 678 1017 985 844 918 927 732 840 862 875 975 794 746 845 702 820 953 366 791 761 914 629 472 920 961 835 737 966 935 795 854 607 459 876 789 568 632 814 913 841 837 471 885 873 622 759 972 898 868 783 730 882 900 787 566 477 860 791 535 795 761 947 842 648 866 787 991 910 808 816 438 729 913 1004 727 902 615 800 865 726 847 934 765 600 670 737
771 1026 958 571 986 383 947 950 792 751 835 725 924 760 495 766 654 962 917 983 950 816 837 834 686 912 716 846 896 753 808 759 957 771 702 607 879 761 846 698 900 756 683 819 981 985 0 639 689 940 743 683 894 653 621 641 399 760 858 808 997 853 829 814 892 878 685 860 794 932 716 553 910 692 716 858 902 750 687 697 772 916 892 630 810 982 838 835 729 963 704 586 783 867 740 792 900 755 885 906 911 675 626 895 786 725 933 981 810 782 628 628 990 634 851 936 879 720 790 857 594 736 806 605 880 703 888 671 943 965 1009 653 759 897 925 895 898 769 778 913 584 869 842 870 658 630 901 759 748 683
900 962 736 876 853 783 782 764 857 932 933 734 529 682 952 934 874 803 841 529 783 775 1006 619 652 960 849 858 438 687 781 633 570 941 829 1010 582 405 746 982 896 889 880 591 962 663 683 0 689 703 804 854 849 912 653 556 916 624 677 1003 785 963 556 724 944 822 847 458 687 792 720 803 812 884 944 860 528 772 743 811 982 940 936 671 715 842 441 1008 907 869 709 938 994 705 581 648 890 883 614 954 801 897 939 546 923 975 949 512 957 757 744 926 640 916 898 787 757 811 584 943 812 904 658 722 725 865 805 769 791 816 796 758 556 910 858 1007 891 766 675 941 673 748 997 590 858 846 917 901 988 248
745 825 578 530 750 676 825 744 864 804 479 857 729 895 936 635 483 626 909 979 824 908 786 619 917 934 597 749 568 557 635 969 974 786 728 839 969 913 731 777 754 926 936 1012 945 954 657 924 0 392 925 723 744 700 518 842 967 1004 673 851 834 805 822 824 963 868 606 840 749 471 901 940 664 793 677 183 815 562 954 897 770 741 914 924 591 630 375 951 693 843 612 674 891 1027 930 950 723 594 653 677 934 916 827 782 847 780 529 779 747 852 732 894 764 926 870 954 590 900 876 897 833 734 756 692 777 709 972 919 877 939 622 623 769 882 881 678 749 872 916 811 881 812 825 730 843 494 671 725 1013 977
600 639 622 1005 961 953 987 838 777 910 860 785 907 970 786 638 903 845 140 831 863 829 906 767 613 757 779 831 703 600 859 353 825 801 818 780 702 850 924 826 592 690 862 666 828 912 956 633 831 0 926 776 832 891 833 633 986 969 870 741 583 745 708 909 909 897 999 738 676 467 841 628 709 936 710 818 782 809 854 882 800 817 680 938 875 625 993 871 698 865 858 987 820 785 880 780 666 813 715 607 777 499 917 1011 814 733 918 714 778 923 837 991 729 653 699 968 926 538 876 703 688 872 957 871 855 638 922 859 903 822 812 894 972 786 886 849 906 714 602 864 630 503 639 879 906 831 878 738 742 818
645 752 837 744 936 435 502 926 847 906 768 599 806 966 935 410 931 861 886 949 614 914 846 861 835 996 955 884 831 467 871 779 904 896 580 916 795 621 985 977 523 961 639 615 635 695 912 754 750 781 0 652 598 864 964 758 819 911 682 851 975 550 570 705 591 423 982 1001 804 893 702 962 689 936 908 906 807 623 920 789 882 731 707 547 653 857 821 920 564 871 653 858 797 561 708 894 922 949 780 722 851 783 675 922 681 688 881 890 784 780 828 871 974 944 562 567 622 555 550 675 881 864 915 767 893 936 633 446 992 634 878 634 921 837 943 742 888 694 753 690 883 649 590 872 641 769 1006 992 466 957
797 792 792 879 549 987 860 935 664 903 972 664 866 796 533 916 660 953 937 884 886 778 868 655 699 644 964 465 943 942 923 919 975 862 977 935 703 805 889 816 987 811 902 757 813 997 791 970 714 799 916 0 893 732 586 701 581 679 809 676 706 951 664 888 662 963 655 974 644 680 397 670 700 791 1009 781 846 783 830 843 822 710 769 903 853 581 961 753 752 702 992 997 871 860 887 973 600 884 866 886 922 952 938 493 841 673 924 705 672 939 640 606 712 633 844 943 980 625 791 623 500 879 948 898 737 684 903 977 789 415 631 775 839 955 458 736 692 979 957 681 705 950 706 667 788 746 794 698 847 755
706 644 811 877 492 974 1026 857 625 940 1011 901 408 945 648 931 705 831 766 468 948 884 808 798 935 937 824 863 984 906 811 792 992 907 847 682 991 938 847 763 549 818 587 875 748 633 1032 833 799 883 737 822 0 834 688 855 929 965 969 970 877 1010 862 847 757 606 794 909 580 960 560 970 718 661 952 556 875 957 852 481 388 938 776 794 861 694 818 658 554 840 487 686 961 821 982 453 541 957 926 642 660 797 1014 743 691 710 770 985 997 557 953 568 822 984 667 990 558 877 636 748 689 877 705 439 439 888 952 872 656 870 743 477 642 712 855 614 976 729 831 746 552 764 739 902 869 905 548 668 821 1007
998 824 889 591 902 605 808 944 893 616 875 757 845 907 976 924 977 994 915 912 907 765 615 715 522 575 917 952 736 832 726 941 1001 689 857 809 851 660 852 684 769 785 710 641 681 602 718 355 777 537 907 632 864 0 848 718 849 567 676 890 1010 846 404 789 950 561 859 859 988 659 925 883 804 649 807 949 912 607 693 751 786 838 887 871 318 800 803 687 948 888 597 975 723 786 763 920 873 826 761 632 882 969 955 694 854 998 883 902 754 548 891 1014 907 550 658 840 936 646 883 852 980 690 999 953 1017 996 671 687 1005 986 769 960 568 859 692 826 864 879 850 878 758 594 561 965 639 703 870 908 802 654
850 982 736 892 970 649 788 649 601 969 834 815 748 804 659 982 621 1005 827 663 746 849 889 578 829 834 849 904 930 809 826 939 931 815 986 784 935 789 982 930 937 725 820 809 845 904 917 824 988 718 695 940 745 813 0 517 830 870 847 667 948 895 975 705 842 959 898 877 810 957 940 966 391 917 807 864 870 439 903 705 887 967 954 1001 467 787 741 914 882 723 989 815 743 817 355 480 840 794 847 884 462 987 845 617 776 988 899 683 888 692 877 787 800 563 886 662 816 863 934 498 714 861 957 651 780 982 901 481 894 701 623 719 777 501 866 859 871 456 781 747 867 714 831 469 843 547 640 809 943 771
758 777 861 876 757 528 823 673 999 914 868 635 526 1005 970 852 491 985 935 593 814 952 946 997 825 529 844 716 601 996 948 581 739 776 813 981 821 863 403 951 900 756 825 700 985 774 996 770 932 577 757 601 795 835 817 0 587 890 553 779 617 1007 788 671 654 968 936 658 923 838 710 835 746 934 959 724 1005 903 721 940 927 755 499 996 856 931 742 526 508 545 841 852 927 879 484 727 681 808 848 740 782 981 793 623 769 787 871 718 781 794 597 865 748 727 380 547 970 805 911 834 607 911 909 710 958 889 858 795 953 964 658 994 527 532 1016 488 797 814 691 653 593 889 852 837 915 796 866 418 848 869
907 738 423 981 584 735 833 694 669 519 624 853 987 726 790 659 770 875 748 717 927 906 695 881 576 747 828 729 927 854 730 658 919 832 1026 596 881 937 978 827 643 740 882 769 737 744 702 631 859 866 849 276 937 634 795 751 0 598 825 760 353 892 853 659 851 990 902 554 932 805 556 872 913 867 861 714 736 905 846 826 795 632 957 749 934 609 519 941 831 904 606 876 891 1015 530 975 932 712 858 702 714 1014 824 746 827 714 549 908 752 560 797 800 796 893 816 618 952 972 767 981 658 681 845 575 697 653 816 708 948 471 752 891 898 789 650 842 736 659 966 584 930 969 864 779 799 936 821 891 970 707
731 843 761 938 857 829 771 824 788 883 986 571 741 853 738 922 925 939 862 864 985 461 882 676 938 911 896 983 827 973 676 1007 926 480 941 684 758 953 862 951 760 949 871 784 718 750 940 988 803 639 556 676 806 723 644 514 987 0 897 487 700 309 970 776 660 825 871 1009 876 864 654 599 813 810 957 819 665 485 989 779 935 784 817 909 866 874 831 1033 1025 799 719 701 813 766 783 699 821 578 890 861 1012 734 888 800 904 896 851 933 957 679 985 786 802 620 844 686 830 804 889 878 956 715 927 849 664 963 851 251 1020 770 666 821 526 862 891 872 640 850 770 888 738 720 896 915 991 568 890 985 965 852
726 758 913 922 638 775 752 757 816 896 785 856 961 934 837 907 628 901 971 862 624 587 1012 771 640 572 917 832 967 522 872 822 903 869 385 996 478 996 799 914 672 1006 634 920 940 782 949 932 729 628 647 817 519 916 984 646 894 808 0 861 788 432 920 961 758 860 951 943 916 733 887 663 593 789 910 965 669 702 703 699 689 808 781 909 853 955 889 871 796 1013 665 937 506 764 733 895 537 1005 785 544 634 856 870 825 816 925 912 757 611 553 514 786 962 832 909 528 678 796 533 843 858 933 797 244 765 966 797 978 977 783 804 636 957 724 778 876 888 717 821 682 716 931 850 802 828 818 882 719 975 805
988 802 734 838 652 692 965 983 802 981 922 990 852 990 980 834 843 810 874 633 779 715 499 717 341 989 775 520 934 881 998 861 704 659 802 994 949 651 819 558 921 944 605 622 867 917 634 838 720 1019 588 1011 908 840 903 918 591 822 856 0 704 829 914 432 897 853 815 960 957 1008 710 904 696 303 964 724 826 818 555 825 788 627 724 844 968 902 690 805 821 615 381 568 592 847 908 889 767 835 835 679 915 912 977 906 594 809 907 437 568 943 798 819 610 807 814 938 945 970 959 659 753 958 664 846 975 630 887 654 858 975 869 847 721 896 1001 846 764 974 869 905 973 793 724 795 760 904 799 757 912 700
687 935 779 895 617 862 734 849 925 900 833 742 866 627 765 805 865 617 454 715 833 837 944 708 884 672 788 735 863 735 326 757 885 930 713 890 811 847 734 886 645 910 714 814 950 908 920 1005 796 749 419 928 765 547 905 703 902 705 996 700 0 616 944 778 596 736 980 850 869 734 911 926 927 639 654 839 782 763 692 719 982 858 758 910 914 936 852 609 766 432 899 916 601 597 943 516 963 811 492 925 611 967 625 649 819 758 814 626 789 849 618 745 866 611 906 792 628 788 600 746 864 917 471 339 475 651 580 567 763 721 844 993 603 977 843 631 896 910 957 769 808 989 744 818 533 955 879 986 913 713
563 603 952 702 451 726 728 649 843 453 818 870 544 647 1026 811 832 998 810 709 596 813 787 898 1023 900 839 816 996 683 1007 977 721 798 301 451 759 844 623 935 1016 856 635 795 649 876 1037 959 663 604 932 870 781 1007 759 948 819 1004 848 748 970 0 744 730 980 615 677 192 881 611 707 920 692 862 879 922 722 824 698 928 870 731 1030 773 800 513 987 681 917 854 1028 543 736 822 814 594 872 716 883 800 957 705 736 642 981 1010 622 850 970 623 853 862 878 869 779 754 594 717 931 815 800 933 955 773 871 917 620 700 881 489 485 879 779 871 809 838 786 832 876 1005 687 995 748 615 828 933 626 637 704 825
1003 690 780 782 839 761 786 916 757 846 921 702 713 873 901 691 677 676 830 925 378 965 928 921 717 496 948 418 892 868 778 719 821 879 882 816 934 962 917 791 677 972 905 655 751 862 541 726 805 734 1027 924 913 569 885 694 965 738 753 1029 959 901 0 854 514 642 480 797 906 938 891 853 724 937 940 808 723 713 629 705 676 667 713 814 686 982 827 732 831 550 856 874 911 948 430 748 859 599 844 917 870 761 735 715 636 672 748 710 799 994 608 827 838 750 725 650 849 859 387 863 755 692 785 782 871 891 456 611 857 615 738 792 959 741 538 997 935 792 893 731 914 888 656 796 568 727 872 675 873 837
963 701 760 856 970 804 414 946 935 738 919 657 771 844 767 698 700 897 899 964 556 598 690 882 984 838 805 893 567 827 705 987 1029 1021 868 847 842 858 836 893 422 860 969 544 718 865 647 787 948 982 896 962 867 495 841 1010 739 871 960 458 687 678 955 0 858 931 637 688 806 784 891 842 991 739 673 627 906 928 812 1013 777 868 852 955 568 834 924 905 718 816 911 912 991 966 829 631 995 595 572 610 644 837 737 894 813 787 848 868 730 946 517 829 987 741 845 913 662 747 704 476 900 683 747 850 922 813 542 943 592 829 910 721 854 639 491 975 790 755 687 678 715 656 935 845 844 604 791 677 1014 950
879 1005 860 594 919 589 996 637 1014 969 1012 797 1006 488 958 883 941 849 905 686 697 413 869 889 522 816 958 898 915 983 750 906 897 987 889 940 790 637 888 898 833 854 500 923 656 819 646 842 925 988 992 915 842 686 668 670 952 810 918 610 665 911 911 902 0 767 800 833 993 654 715 711 747 957 943 722 776 919 553 497 880 690 835 646 743 747 702 762 778 841 819 877 987 590 834 641 771 632 791 658 920 696 798 804 722 736 841 574 931 984 760 715 825 847 952 688 922 787 849 647 597 693 955 453 889 698 836 957 810 849 688 954 826 882 930 903 851 1030 856 991 752 943 644 497 798 584 605 817 792 652
856 696 903 685 552 814 708 833 893 764 952 755 709 583 919 815 889 972 847 698 948 902 830 784 798 904 851 951 373 663 812 828 616 908 892 459 831 755 998 673 887 790 885 732 664 698 772 845 807 929 884 796 895 744 845 935 828 841 725 545 774 332 1032 564 890 0 874 839 448 777 752 616 995 910 740 678 850 745 920 1008 665 866 987 802 1001 959 1005 632 625 991 524 635 561 883 705 783 803 715 621 982 919 851 795 946 726 794 638 646 874 749 946 896 861 819 939 742 1000 901 715 850 888 856 440 920 835 754 972 712 725 681 631 728 841 533 851 678 829 931 628 831 977 784 891 726 758 994 692 979 865 788
838 825 647 757 859 437 510 779 931 824 802 806 802 816 670 792 598 598 849 882 823 910 821 813 443 496 895 874 883 569 836 704 993 918 843 609 767 975 574 898 267 780 565 984 592 911 924 925 912 533 853 610 1003 764 718 965 917 561 903 805 845 763 895 1017 899 812 0 599 713 767 892 730 640 739 948 654 649 808 674 758 923 858 666 856 560 882 671 678 966 885 835 697 832 484 814 824 709 982 648 1002 535 763 627 960 598 967 777 973 929 979 721 765 567 791 802 771 982 974 888 952 754 925 823 541 914 868 932 641 633 836 864 594 895 958 806 805 971 1030 760 916 897 973 788 965 559 659 837 668 791 892
709 932 1026 749 872 560 434 944 775 638 635 911 718 786 956 710 925 1005 906 665 375 796 795 906 854 853 738 771 821 800 814 741 969 785 594 871 791 946 640 682 754 936 1029 755 956 560 958 871 936 725 641 589 713 858 683 622 931 859 818 904 884 573 868 852 649 524 495 0 851 593 773 865 849 952 534 824 895 867 595 504 1011 1005 759 851 633 939 974 748 960 895 968 757 772 752 877 966 604 791 713 775 881 518 897 903 598 802 806 841 922 914 674 810 942 448 717 585 818 592 858 834 664 1003 770 763 570 887 743 804 886 629 598 944 653 724 851 853 995 911 882 736 867 814 777 979 617 784 703 551 878 963
778 827 885 777 966 454 666 585 583 935 928 603 874 686 830 776 847 923 802 641 799 912 938 943 705 754 899 863 883 804 832 731 745 814 665 769 801 902 679 632 917 825 792 786 582 932 692 747 747 917 1018 787 898 908 858 999 965 715 727 895 738 944 871 652 853 763 915 924 0 635 637 737 781 973 793 778 499 1016 710 897 931 757 558 582 545 587 458 519 773 772 988 871 382 821 844 947 960 670 987 752 945 870 865 888 1007 904 1007 930 1013 823 984 851 721 763 706 908 967 568 911 599 639 823 784 635 847 973 247 637 985 906 704 533 900 724 986 934 661 806 940 736 781 840 1016 872 870 303 938 910 777 1000
937 1021 921 580 963 958 375 753 910 770 792 964 733 709 773 861 917 939 516 1022 511 635 944 751 986 1004 751 673 907 885 791 724 913 958 759 713 1004 910 960 608 851 921 625 611 760 938 786 571 955 824 899 405 721 869 701 616 926 984 929 671 637 887 694 829 660 932 611 983 972 0 935 807 932 896 725 379 876 776 875 797 877 730 756 986 608 666 559 803 578 901 555 1007 657 405 793 746 655 965 739 725 652 884 829 699 741 853 918 834 901 673 931 732 685 706 637 989 749 741 784 772 858 656 832 793 950 476 944 913 775 664 954 942 731 819 686 612 846 1008 792 1011 940 700 868 824 555 892 847 907 888 813
944 880 928 651 1013 727 682 883 998 771 879 898 677 505 800 692 776 641 542 996 532 891 928 874 800 654 969 975 684 684 818 858 450 1028 906 711 728 953 796 905 799 982 958 940 732 800 731 938 697 781 980 545 937 703 971 785 615 683 778 827 621 832 624 751 973 972 902 883 868 720 0 863 845 678 926 1009 545 822 715 944 966 910 925 718 996 885 868 990 900 970 889 792 773 831 793 781 650 768 723 951 496 549 786 791 718 433 558 789 971 1015 702 836 928 895 933 824 741 920 797 765 647 718 817 829 631 584 910 847 857 964 855 755 727 971 876 808 627 901 850 553 807 949 985 838 645 723 669 690 585 616
843 1002 844 967 899 942 863 982 730 894 845 667 927 847 861 633 774 882 958 738 932 575 806 957 708 905 880 631 895 612 889 970 920 518 753 940 944 811 957 824 715 614 794 1005 871 799 615 847 673 709 826 958 963 712 863 913 934 661 980 906 805 854 666 680 485 871 803 959 669 876 977 0 494 915 828 878 991 951 831 497 621 943 969 661 535 864 895 626 608 477 812 434 991 507 798 853 1000 608 836 921 463 718 837 595 837 851 738 937 715 955 877 562 935 420 949 723 980 606 958 920 590 816 529 451 810 787 938 981 795 869 736 949 950 909 695 655 707 975 641 874 733 790 962 446 666 932 820 454 641 845
856 646 828 679 734 1014 660 820 821 1003 562 711 676 701 941 472 308 856 762 944 739 327 812 1031 915 947 832 800 704 750 776 819 591 749 959 823 527 864 811 697 737 724 804 959 771 824 646 931 721 931 581 696 829 863 326 721 816 865 860 911 752 389 982 772 783 794 737 792 699 921 851 930 0 881 556 629 875 775 681 660 960 883 946 917 972 554 846 444 880 327 861 931 704 751 631 811 1031 425 483 941 823 754 954 762 943 950 752 592 853 986 677 588 901 845 734 970 880 825 916 747 754 846 949 838 756 848 953 605 548 363 852 809 877 916 877 664 634 769 912 790 804 813 694 814 723 687 660 997 900 704
910 603 856 944 743 839 877 689 893 609 730 940 735 815 938 758 775 1006 982 499 1028 938 762 899 567 962 714 912 979 960 981 569 675 650 973 724 915 589 676 887 857 879 840 936 831 985 780 963 988 961 782 684 928 609 1008 821 919 732 817 755 683 682 764 862 952 860 844 794 983 785 991 705 637 0 716 787 843 938 838 699 987 689 784 833 753 473 555 980 740 692 816 900 424 766 831 962 977 934 869 787 667 757 910 879 848 663 900 766 846 658 943 751 729 777 556 956 756 820 957 870 899 979 834 1005 612 786 626 855 685 610 796 954 823 592 963 510 785 506 907 901 917 528 747 719 929 783 936 995 930 458
606 681 748 771 928 728 656 913 463 890 1007 819 578 940 888 817 999 770 664 700 824 724 943 647 519 662 916 961 917 717 568 507 436 808 1006 832 868 937 883 811 879 866 792 915 661 914 689 791 867 819 824 893 973 757 987 603 790 961 908 727 811 616 608 854 1006 794 656 843 981 805 821 718 901 650 0 918 957 763 778 622 657 783 726 860 753 932 667 710 857 976 508 901 832 890 763 630 665 836 530 876 639 581 652 909 981 552 813 739 890 761 632 875 586 860 805 719 650 531 831 861 998 775 947 845 494 531 795 303 895 747 792 810 715 677 992 910 911 816 534 586 625 928 890 904 931 917 1008 906 970 680
899 798 644 833 693 690 793 577 396 596 1007 979 633 783 996 748 883 846 904 438 645 897 509 949 856 692 906 800 1000 906 920 953 983 891 1015 931 587 879 884 502 921 1026 706 396 780 942 768 730 579 729 824 968 814 580 1008 912 502 998 728 677 717 901 831 477 824 993 377 588 766 1002 852 500 662 703 861 0 754 983 549 855 702 949 931 737 873 835 691 733 811 991 966 667 892 737 852 730 644 611 730 948 653 864 725 789 934 779 789 622 890 583 434 957 640 888 1012 754 775 954 705 883 755 917 642 927 833 697 732 869 761 727 733 858 1006 431 458 601 949 823 597 947 800 968 758 952 611 888 593 432 905 651
848 565 834 684 982 882 893 820 621 560 668 850 835 938 825 929 709 961 921 960 523 840 822 805 916 758 722 771 788 837 789 869 654 702 983 685 974 800 836 386 719 807 828 833 868 871 436 759 824 665 566 902 738 614 827 817 718 999 796 693 919 730 998 561 802 672 578 617 955 981 941 461 946 1037 684 876 0 756 284 852 910 563 1008 970 559 417 816 788 889 644 787 457 891 844 837 797 902 436 833 936 977 642 695 398 687 532 854 763 571 881 989 754 939 889 894 966 945 611 644 761 862 916 833 760 658 755 644 661 593 995 928 901 876 873 665 838 580 875 911 805 919 989 913 717 735 699 813 817 694 790
831 924 669 764 759 685 847 832 779 893 810 593 874 727 802 586 917 885 1029 776 908 922 733 753 633 819 737 806 654 876 674 630 886 989 939 849 956 907 1000 811 831 792 805 975 969 970 944 752 415 775 947 963 903 686 792 650 927 745 884 880 864 545 1008 718 682 996 881 757 934 811 794 780 776 806 768 735 874 0 723 706 993 985 887 606 878 532 821 733 849 706 839 835 290 861 1021 578 732 795 970 864 599 892 773 972 755 801 595 977 577 823 776 770 897 802 616 997 802 672 885 886 785 900 708 781 962 636 926 818 403 815 609 848 785 866 775 833 645 718 935 886 659 808 625 726 858 849 704 784 806 553
901 786 713 660 839 942 490 1007 933 721 651 782 810 663 669 509 784 769 767 782 737 742 468 875 762 634 894 946 721 884 741 439 499 592 644 681 707 982 937 923 966 814 631 1023 592 813 567 580 767 786 880 744 860 719 865 922 938 968 725 804 705 978 852 947 681 636 942 687 890 680 968 1005 893 667 781 867 933 730 0 825 796 819 929 525 657 771 922 653 766 950 979 330 816 621 982 963 803 988 813 828 584 1003 842 814 802 688 848 978 864 530 744 722 736 573 870 974 806 620 921 682 880 583 923 947 896 678 943 324 980 850 470 524 849 808 887 877 790 914 705 686 1014 775 998 1004 823 638 777 826 604 778
986 982 693 881 879 720 892 828 691 898 665 781 962 876 780 809 263 865 749 744 898 611 507 881 868 918 872 516 798 778 632 891 961 919 716 707 950 672 961 481 816 777 936 956 403 827 915 927 860 724 973 697 630 733 957 858 647 807 871 663 875 832 752 798 897 806 728 832 798 756 923 888 791 973 539 864 837 937 952 0 932 904 535 644 997 999 882 953 817 997 880 704 853 988 812 939 754 762 824 933 652 760 766 683 648 892 829 866 871 572 735 735 599 850 884 991 825 896 929 679 1024 909 726 1014 780 911 747 511 903 992 596 974 931 812 920 893 834 998 564 664 724 683 680 772 860 908 828 839 410 745
504 781 875 718 849 528 885 843 869 728 803 602 829 746 807 847 905 776 734 811 928 869 997 828 632 759 599 839 754 561 660 598 867 872 685 822 811 818 1017 1017 870 411 862 799 672 768 888 970 782 942 886 489 754 893 810 740 536 945 950 1002 761 639 802 839 1009 1009 877 746 741 836 880 767 992 807 904 926 921 692 840 872 0 923 895 929 728 773 516 462 849 806 666 979 896 656 842 920 726 709 794 913 718 941 677 820 825 839 998 686 724 782 738 733 731 518 587 888 936 617 924 816 524 827 746 748 819 466 937 906 884 836 793 932 938 911 758 465 852 760 728 973 542 633 969 794 930 737 653 892 848 1019
757 787 876 880 612 633 926 946 897 508 884 930 710 686 843 771 776 921 854 885 651 980 687 868 779 893 820 939 770 669 819 894 929 782 908 914 654 889 693 810 663 972 842 910 968 723 669 771 887 933 821 869 858 881 747 751 596 805 924 896 891 748 795 917 946 784 390 736 614 860 621 976 996 696 819 914 983 874 634 899 1002 0 804 770 923 937 637 653 743 983 681 849 731 603 749 646 922 805 695 703 895 933 932 910 1008 1018 853 700 686 640 912 1003 390 758 465 861 830 764 675 991 629 985 918 876 723 819 443 727 814 1000 607 614 678 943 871 992 617 716 877 873 589 869 709 565 883 908 795 918 769 773
659 736 694 704 900 819 690 760 879 785 930 919 722 544 673 902 866 780 766 877 727 836 860 688 908 980 868 904 929 973 499 658 874 523 699 992 696 952 941 604 609 797 897 837 952 798 934 843 974 892 644 1027 958 893 990 772 574 957 775 798 775 642 746 909 849 638 469 897 808 412 586 803 960 839 685 818 767 942 611 888 830 956 0 940 694 924 961 929 493 804 663 633 984 910 950 869 439 741 848 746 773 609 365 739 870 929 694 816 922 501 835 827 800 653 910 958 591 802 859 958 900 813 957 844 749 754 694 826 898 886 875 614 894 920 621 983 893 1005 824 492 1012 981 794 785 724 876 886 938 874 848
884 754 604 481 940 921 792 896 614 803 784 868 705 698 666 557 985 456 922 751 949 713 837 905 661 932 629 729 859 714 890 814 847 700 882 871 819 1013 936 927 733 873 990 733 404 521 939 878 1007 612 597 924 964 631 533 958 923 594 988 504 946 481 724 783 760 671 991 809 881 740 907 854 819 938 680 787 941 741 944 843 759 908 948 0 882 792 931 623 583 650 927 847 758 919 828 938 827 984 1035 529 697 781 851 1029 1013 505 918 805 841 854 808 797 595 1025 738 789 473 1010 761 695 674 921 692 453 914 733 791 685 835 881 1011 584 451 719 802 869 882 847 936 689 611 535 691 845 574 958 750 644 754 504
863 976 984 876 847 762 748 868 948 913 654 868 918 970 867 789 795 902 873 1000 1008 1017 493 821 599 866 870 888 369 853 733 825 686 769 824 904 709 797 583 998 587 830 675 763 887 442 912 812 753 863 945 756 858 945 939 867 924 662 738 999 886 816 880 850 873 919 931 607 790 847 920 940 983 762 575 983 921 946 894 968 872 752 735 614 0 520 961 480 745 809 819 659 675 944 765 387 659 589 850 803 755 714 952 896 886 953 972 782 783 856 973 689 805 635 793 876 927 767 902 893 835 982 698 883 794 943 799 935 826 924 909 743 917 792 850 898 961 914 716 773 810 724 893 781 802 462 744 441 813 429
625 774 1006 987 679 714 928 664 966 831 942 866 904 478 872 683 848 714 744 604 633 827 734 879 825 948 782 885 893 897 702 747 818 938 483 955 930 866 978 975 731 894 770 944 910 906 781 896 1014 854 867 731 795 577 746 931 943 808 674 759 777 736 532 991 672 773 866 538 616 879 538 690 837 627 805 912 282 942 657 948 742 722 930 950 846 0 905 944 840 815 895 983 811 954 866 727 547 664 681 890 677 797 618 929 815 921 889 997 928 686 659 526 990 841 888 888 674 650 888 984 772 863 685 976 937 759 616 597 584 634 853 714 724 559 723 787 577 906 768 995 975 765 863 408 755 984 903 940 821 619
735 984 906 662 881 813 896 880 808 864 848 841 826 769 993 998 871 734 891 717 908 682 612 899 1036 849 926 664 863 988 507 799 465 619 780 649 491 882 732 472 532 795 876 888 647 580 827 834 696 676 855 757 810 730 730 942 945 895 933 1035 991 967 837 885 834 738 805 747 791 537 866 604 576 943 1010 757 1006 795 656 792 952 977 686 1002 773 998 0 767 715 846 874 400 828 901 970 906 864 941 853 824 671 808 951 780 884 792 819 1023 746 753 942 932 515 579 562 977 882 951 837 408 590 963 652 1000 985 897 973 938 977 547 768 682 647 600 943 789 727 691 842 864 813 916 822 754 1013 424 823 953 727 850
761 857 917 913 732 930 824 792 537 850 671 721 967 864 855 952 607 989 584 803 787 955 974 918 599 702 951 673 915 888 939 997 528 780 407 845 304 761 865 833 890 876 765 612 883 756 895 849 732 745 1017 890 810 869 923 838 705 734 988 922 676 908 721 971 713 808 777 760 994 503 814 397 986 462 814 829 715 956 817 914 574 567 768 749 594 999 702 0 963 838 870 729 784 956 350 629 716 783 890 992 818 957 753 898 728 934 854 809 791 972 922 843 665 826 615 957 940 737 655 896 633 818 848 756 903 721 568 802 886 988 599 965 929 790 925 612 1012 787 409 620 579 869 591 790 720 730 687 819 776 826
638 729 784 598 769 877 757 741 782 615 898 900 903 726 768 831 430 876 889 811 555 680 744 635 936 881 925 807 217 904 826 751 854 967 958 972 789 834 521 515 950 562 794 729 937 463 769 949 939 953 484 853 799 853 845 816 917 856 746 588 528 826 726 900 694 1022 821 862 865 664 700 966 882 1022 646 815 594 581 793 871 788 949 967 829 860 950 986 753 0 647 490 683 761 789 855 957 749 876 877 879 841 841 745 575 878 725 926 905 961 805 660 829 748 748 616 884 718 678 921 859 527 923 1013 952 722 689 739 983 808 985 686 713 812 723 891 767 887 814 769 787 724 741 744 774 903 974 344 563 644 939
729 915 802 803 926 954 611 704 861 695 915 683 755 850 983 948 911 593 769 592 631 822 450 897 746 707 759 931 843 911 667 833 723 705 931 820 814 991 973 788 700 812 757 685 754 842 944 908 783 897 687 550 586 942 983 968 712 857 990 761 1005 985 787 889 960 719 939 692 704 874 919 797 815 572 716 748 764 553 791 891 622 872 851 642 948 882 766 951 632 0 783 917 560 891 868 932 921 848 969 944 900 858 761 567 818 894 828 759 688 939 988 958 627 991 991 769 791 842 975 792 677 547 937 506 879 746 939 386 476 676 974 984 980 873 914 905 969 649 731 649 897 586 829 815 892 868 956 605 860 490
636 773 481 800 800 820 913 712 703 846 978 909 1006 991 876 674 904 738 844 726 824 752 651 807 626 661 634 757 954 592 688 762 983 736 831 826 1004 937 864 1034 910 796 826 717 875 976 951 617 946 726 979 854 802 515 882 619 873 896 390 901 423 775 941 480 755 947 882 882 687 907 743 722 967 857 777 847 947 895 577 913 966 763 754 984 557 959 896 899 864 452 0 757 579 897 815 1005 954 659 900 847 887 807 761 657 767 828 836 660 755 830 694 919 936 840 702 817 953 916 814 882 780 544 279 985 966 609 917 788 569 644 600 791 957 885 879 914 762 896 792 719 962 742 724 717 561 925 844 872 991 722
931 679 723 773 935 842 892 700 809 675 847 672 1000 861 970 698 996 645 972 966 933 861 923 518 861 683 977 1016 887 999 884 903 817 351 666 764 633 895 897 927 932 876 775 873 637 934 933 807 793 758 760 977 971 793 964 766 912 778 970 894 930 982 1010 697 789 642 855 901 663 815 944 772 647 635 760 748 820 782 934 719 898 642 875 654 830 939 892 932 722 757 816 0 693 895 870 602 770 726 886 914 827 913 717 750 561 618 763 461 862 595 890 858 798 1005 585 941 668 830 726 744 975 850 635 686 415 867 946 931 922 937 980 462 844 719 891 958 642 604 840 939 619 506 947 742 683 827 726 889 618 755
632 812 973 971 687 503 599 885 888 954 716 735 844 793 511 756 1014 909 784 879 508 924 702 793 831 920 854 762 1009 997 665 900 899 719 770 829 541 918 878 604 858 875 700 416 580 475 966 757 971 700 897 746 1007 785 977 809 908 849 796 819 752 782 642 897 929 980 595 908 938 1012 835 714 832 967 862 905 951 851 751 773 747 853 878 818 839 702 742 912 828 969 889 880 0 692 912 909 855 952 857 885 879 894 1001 728 917 821 852 660 830 811 820 838 714 827 833 775 847 855 723 900 638 557 1020 522 917 752 899 710 909 440 897 738 768 890 845 861 647 931 934 464 790 944 809 831 706 860 905 634 591 771
922 928 795 824 759 892 642 864 970 925 737 788 877 704 802 853 805 726 572 781 916 615 727 826 522 771 881 708 829 692 1013 748 950 792 971 594 709 913 855 946 807 783 940 914 656 682 636 840 881 463 965 851 722 854 668 936 930 837 990 620 778 802 975 722 882 909 814 793 948 776 825 1002 930 941 460 672 819 952 878 933 782 536 771 942 993 885 883 855 837 958 835 673 830 0 811 809 572 916 779 820 551 797 825 849 451 759 833 791 302 780 783 720 641 997 670 916 917 660 645 714 657 1001 792 967 837 988 850 835 950 734 794 883 850 884 893 659 773 897 973 897 753 1000 858 719 1014 639 894 917 864 761
506 593 922 839 678 954 908 688 764 852 918 955 1018 905 1018 910 758 825 869 967 1003 458 742 866 868 538 833 573 443 680 879 850 885 805 620 895 735 763 860 920 961 867 491 970 789 793 704 866 909 696 691 563 970 807 879 970 946 783 726 879 946 1008 992 765 931 246 840 665 991 633 732 873 566 724 559 798 841 978 967 502 738 849 714 760 686 821 648 746 970 843 731 756 1000 988 0 950 859 714 468 729 610 651 1006 874 586 877 885 772 998 862 894 783 856 501 730 720 791 920 823 944 910 638 716 900 991 857 732 962 888 841 878 509 753 872 729 849 845 828 829 494 762 828 888 568 839 1017 739 691 802 423
807 763 745 943 503 883 664 692 911 742 776 899 749 824 655 619 795 964 845 507 842 879 720 787 668 766 905 774 753 542 873 890 765 821 724 696 407 402 817 900 981 905 759 796 1018 783 754 832 685 1012 945 753 448 900 832 745 839 718 712 643 904 777 802 748 500 897 644 844 916 864 910 946 791 776 860 874 818 936 749 964 633 959 775 606 669 741 983 1001 908 584 838 946 798 836 924 0 978 1002 835 902 568 902 523 804 940 780 909 722 717 912 564 974 726 721 746 795 622 916 847 957 909 830 752 863 922 975 800 883 635 803 890 809 501 670 700 988 683 840 719 804 993 1025 952 786 833 847 909 608 566 824
901 744 820 759 533 861 778 631 973 493 856 491 934 696 908 856 454 700 827 818 658 568 895 849 961 713 911 911 912 929 717 583 726 761 487 750 881 860 561 912 870 709 709 735 821 830 770 912 1009 765 660 918 914 896 904 925 593 1006 667 582 672 828 563 686 505 629 1005 797 602 939 622 727 815 861 703 903 511 753 701 1014 719 991 440 877 602 435 860 730 770 959 936 700 833 832 852 909 0 751 920 426 830 718 870 928 841 829 904 840 553 817 970 737 820 735 725 588 841 900 637 789 925 848 814 921 856 680 927 1015 713 905 836 850 856 891 573 790 914 945 903 719 588 567 888 834 757 701 745 608 683 749
805 848 805 711 932 601 698 908 703 962 821 840 722 855 1004 655 806 522 676 784 856 988 850 955 874 983 741 906 540 963 969 920 539 729 941 996 764 772 801 766 1012 754 713 877 905 794 560 613 924 961 906 795 873 649 795 659 890 463 963 810 613 581 913 756 519 596 932 994 600 814 850 974 793 803 862 881 744 889 883 743 704 748 444 874 821 963 953 918 891 597 944 799 980 764 708 577 735 0 559 908 818 730 848 410 636 880 712 773 889 734 991 811 560 865 962 756 912 733 941 885 728 717 811 790 939 894 328 885 803 783 873 727 948 890 787 992 980 889 642 872 877 867 885 722 826 942 1001 818 850 846
783 797 485 946 820 617 761 593 948 801 855 462 862 855 854 647 697 1006 522 821 742 949 791 697 865 887 875 669 867 697 651 898 948 793 889 758 703 876 777 994 852 723 703 651 735 697 963 700 981 734 700 830 733 889 757 697 1002 776 888 697 808 1013 462 672 809 988 889 1025 867 364 956 771 756 776 943 1014 540 482 810 941 900 907 563 718 664 909 894 899 716 669 709 626 771 776 793 812 774 873 0 980 857 652 831 933 841 946 732 979 893 789 772 853 990 834 872 793 639 872 806 761 715 912 689 851 773 676 889 755 979 1013 554 974 880 945 923 523 942 732 998 727 751 508 776 849 921 801 529 867 422 715
831 819 555 740 970 903 652 873 580 500 848 393 736 836 892 776 930 724 862 1015 705 938 836 855 861 1010 909 893 753 897 901 934 811 1006 982 819 983 592 961 740 796 807 829 773 938 944 653 940 890 912 893 742 923 1012 875 993 732 887 982 819 847 915 723 946 877 610 869 915 761 859 951 664 814 763 913 484 262 789 935 743 968 718 910 470 920 714 919 588 532 726 765 743 953 880 714 764 925 641 470 0 778 639 616 801 749 942 935 1001 689 1007 869 573 938 906 908 859 668 643 760 836 910 930 944 866 858 901 571 621 760 804 859 880 836 710 818 935 931 934 910 572 789 884 418 814 759 710 967 776 925 708
878 940 866 947 998 765 818 935 893 979 986 925 823 975 521 646 749 588 657 600 886 828 732 703 839 614 809 790 536 569 965 521 952 810 957 849 846 920 988 767 705 939 772 745 794 729 1020 896 811 1006 872 684 879 980 724 875 765 997 1007 759 627 965 739 638 930 678 917 998 919 671 810 964 439 813 882 974 873 821 962 912 719 812 796 1029 704 779 945 872 775 959 602 378 804 887 994 484 1006 794 828 542 0 740 881 761 796 848 794 914 843 701 569 795 746 915 785 789 694 931 794 796 950 944 629 762 857 855 464 920 594 831 933 329 822 496 882 640 889 851 630 826 895 654 854 788 867 843 869 853 785 801
765 768 854 788 719 972 560 936 973 982 512 695 847 918 914 792 679 889 727 852 498 950 961 557 695 321 731 903 905 875 880 798 901 997 829 885 875 739 860 971 888 826 597 642 864 854 539 771 1018 980 812 766 930 819 891 951 975 857 814 930 816 647 910 788 999 934 882 734 982 657 881 755 967 573 708 780 595 797 803 467 704 876 842 795 723 924 872 853 380 864 903 978 747 655 735 927 726 850 953 923 822 0 593 938 928 944 710 579 704 735 849 803 954 893 734 852 637 849 880 886 847 800 397 696 538 806 565 877 943 836 1010 825 750 831 630 815 552 938 765 628 715 910 905 711 818 857 763 633 781 731
955 1012 872 729 972 742 993 850 781 959 695 919 742 864 766 926 886 630 834 783 894 971 959 920 695 904 606 381 533 1020 846 928 694 934 893 872 653 773 924 747 926 880 806 1001 818 887 884 972 619 968 802 591 598 503 691 910 550 906 884 491 985 812 585 938 971 729 775 822 793 671 767 850 865 600 968 909 919 810 745 895 929 845 863 788 856 649 799 917 896 966 562 693 677 737 852 694 881 699 975 981 644 879 0 738 695 784 643 744 701 531 869 924 783 751 979 835 689 976 703 879 798 971 517 938 902 883 710 485 703 855 623 907 1004 650 912 599 739 615 653 676 807 457 742 642 615 873 796 841 395 438
741 504 615 954 624 994 770 513 863 800 964 980 934 775 767 860 653 811 810 910 939 938 980 854 913 921 837 472 748 807 903 873 1008 943 786 511 983 865 503 830 752 792 921 737 729 881 781 742 899 915 458 700 670 962 722 862 829 820 871 982 980 637 817 697 656 831 700 683 794 930 673 771 569 850 797 548 434 661 771 949 849 965 836 854 657 623 956 666 848 851 712 808 710 522 711 959 978 770 803 851 632 848 877 0 860 719 790 708 763 947 604 871 663 787 911 815 652 881 816 590 850 689 648 716 678 964 678 795 677 535 697 819 877 967 836 867 466 753 961 861 826 820 857 948 840 727 809 528 657 963
680 816 790 926 768 907 832 893 994 808 858 673 914 615 849 715 671 707 902 811 810 915 959 961 549 852 681 927 930 764 849 954 997 779 835 815 294 765 776 685 714 748 599 824 965 914 599 925 1003 740 849 756 697 868 599 565 670 667 498 864 598 839 986 788 794 929 785 1008 773 955 808 944 1009 891 1011 1001 565 888 937 911 907 817 913 912 952 664 993 546 770 472 871 876 671 769 975 453 915 683 629 825 565 701 794 588 0 649 964 861 988 863 782 860 655 714 661 816 685 837 980 945 855 836 904 972 632 853 761 767 743 833 947 971 813 838 729 815 577 829 596 412 804 718 957 988 786 971 833 902 566 895
985 634 716 784 704 862 936 938 736 889 427 656 954 909 542 825 810 769 884 1005 755 918 848 871 824 806 691 690 866 784 686 961 738 547 569 887 703 893 675 754 652 832 1005 965 831 626 534 888 820 887 653 817 846 618 811 840 736 993 749 909 845 868 794 955 967 934 961 990 793 957 803 904 923 732 729 566 1025 859 960 750 560 732 641 916 749 740 744 818 708 903 944 751 683 701 814 829 994 639 1013 871 717 894 524 1018 959 0 1009 869 843 778 744 775 963 684 750 901 812 722 931 613 573 862 796 656 539 732 887 917 922 638 973 865 864 861 959 740 919 771 806 705 607 764 857 961 858 995 923 950 953 934
520 851 915 844 772 696 744 842 775 639 767 681 816 421 791 812 767 995 1001 850 939 645 767 882 345 651 641 953 749 747 1031 887 753 891 915 587 878 976 703 907 918 702 721 684 844 711 980 995 778 907 632 625 753 999 792 527 770 907 917 830 721 764 866 599 744 718 987 929 1024 724 872 438 1012 799 730 966 937 840 830 948 688 799 738 812 1000 832 532 412 919 677 938 943 728 677 763 835 966 875 921 772 767 848 538 862 798 867 0 747 811 983 936 902 681 901 771 804 941 733 679 802 893 677 690 1010 1007 804 819 781 946 1021 816 944 730 903 587 732 929 794 735 795 428 586 769 911 762 615 606 773 950 971
794 927 629 787 752 828 951 738 704 794 764 826 894 704 578 873 818 559 823 956 782 944 839 933 850 889 928 892 753 908 673 708 897 930 718 696 771 817 625 782 566 1002 562 961 597 870 939 766 842 759 989 669 826 564 660 1019 924 724 823 587 680 821 839 926 746 749 520 950 938 839 946 943 985 522 953 568 746 915 823 852 749 974 1003 550 935 409 789 1020 599 995 626 797 577 970 928 666 959 664 820 555 588 804 639 762 872 973 645 0 935 697 722 720 791 785 925 713 664 935 632 803 836 773 456 825 949 658 939 969 581 581 976 862 820 794 878 913 905 884 661 647 695 985 665 993 875 858 600 897 753 565
655 907 819 585 705 560 717 866 635 819 605 665 847 855 729 785 495 915 880 734 875 695 717 888 958 690 747 742 728 841 751 610 761 475 775 756 906 745 842 659 744 740 638 956 793 605 911 661 860 890 988 769 896 648 780 872 883 938 933 847 685 964 835 1018 850 937 787 894 713 1021 956 615 644 922 785 925 610 873 823 850 687 910 732 890 871 981 541 512 856 853 921 713 985 871 823 711 814 846 878 934 728 816 551 688 901 907 814 984 0 898 684 919 482 877 425 933 565 622 643 1017 821 912 709 499 544 844 853 965 701 620 798 818 727 349 825 980 796 753 805 882 587 836 892 905 740 838 808 510 782 796
790 735 801 624 778 730 586 637 881 952 834 804 883 1000 736 651 877 788 918 811 863 909 643 979 807 890 616 638 895 449 916 362 761 680 892 839 614 949 744 880 647 969 666 888 942 813 997 859 1014 678 981 842 880 694 424 568 704 700 914 649 915 932 959 784 978 903 809 995 755 528 880 898 654 971 657 787 999 709 662 700 566 926 863 855 954 926 624 945 615 749 709 861 570 725 891 687 838 662 992 980 876 706 686 668 676 876 839 487 832 0 891 711 1033 824 809 834 1008 918 738 854 807 927 869 764 695 930 670 1029 679 894 632 778 942 887 664 911 853 936 897 905 916 1003 809 552 761 999 595 984 933 806
648 859 856 681 805 909 996 557 525 826 847 781 893 725 886 845 490 981 744 681 751 906 997 594 933 851 801 876 487 694 679 399 708 756 832 898 868 491 932 807 701 631 899 773 904 730 802 1004 704 679 596 553 491 592 716 817 934 834 565 691 557 988 873 800 941 649 815 965 913 828 792 953 603 564 868 700 919 888 660 854 541 992 656 916 992 505 720 876 919 483 916 703 948 966 932 883 744 729 892 873 604 616 590 846 783 835 932 661 651 664 0 853 948 849 703 938 907 659 779 934 888 847 962 925 480 680 846 927 908 756 879 968 946 760 979 952 888 729 846 694 696 870 894 643 928 727 987 931 904 799
738 968 683 751 812 862 822 995 889 543 514 842 848 911 498 869 881 630 802 590 824 947 818 745 812 443 863 934 953 883 635 570 917 895 684 978 918 931 803 871 856 821 817 873 983 919 789 805 700 959 446 747 780 934 779 821 745 721 828 724 548 883 832 989 871 823 808 808 941 515 882 670 583 585 746 846 763 894 794 868 843 880 930 696 638 711 382 1020 635 836 707 746 670 967 672 722 925 707 877 751 818 783 762 681 756 810 923 781 609 827 601 0 850 663 927 888 577 737 882 665 748 952 580 642 840 783 883 611 499 886 903 843 650 752 923 687 694 737 925 755 562 742 514 894 824 858 888 558 654 673
892 560 1006 714 898 758 746 766 798 724 517 936 991 446 953 976 1006 820 754 713 988 708 802 777 816 619 731 805 965 723 1018 745 567 822 819 616 781 414 842 968 836 694 930 791 886 662 761 991 927 973 1003 901 859 826 851 583 691 756 818 887 559 609 849 750 886 948 903 489 893 793 718 744 916 796 809 881 819 735 727 990 955 765 851 733 935 669 840 626 863 826 507 912 619 761 994 722 674 267 632 885 876 995 663 938 1003 635 807 581 809 689 903 465 0 816 809 724 874 983 903 842 925 997 697 802 768 953 849 807 733 491 769 794 721 721 886 826 744 703 622 917 482 751 690 943 989 1004 1001 859 941 861
619 950 977 886 890 753 922 695 656 511 986 614 862 880 837 823 504 889 723 903 760 864 667 926 890 953 802 939 911 700 738 801 686 688 840 464 867 942 989 799 712 968 611 847 789 956 831 714 793 733 781 851 942 922 518 915 766 999 914 890 677 767 643 986 401 351 768 853 692 645 805 754 775 638 739 882 722 799 649 744 730 910 478 855 824 996 779 762 880 649 690 787 988 775 931 938 755 948 571 859 458 809 702 757 958 833 823 805 755 989 655 541 954 0 743 517 638 765 939 985 738 407 756 778 792 823 639 947 702 857 944 848 380 768 714 824 894 730 947 734 913 659 1031 949 820 798 785 866 855 454
891 901 963 405 726 825 751 661 773 830 933 681 705 829 961 548 928 776 883 887 702 927 571 655 943 926 859 645 837 826 805 709 732 758 927 584 809 518 1018 831 786 894 986 887 964 935 733 791 932 838 632 801 792 705 741 699 689 890 793 687 795 901 815 889 657 645 752 938 987 785 735 766 762 999 779 679 964 835 443 863 716 966 672 886 645 633 571 758 619 555 857 699 852 759 648 674 501 917 894 861 485 822 880 936 954 804 988 920 761 1005 766 894 841 657 0 902 959 702 702 729 932 998 804 604 689 933 649 700 641 839 829 636 643 411 884 629 947 719 810 941 919 446 573 881 736 662 764 768 694 818
887 754 647 967 912 741 577 678 603 436 720 612 842 864 719 931 850 561 843 793 844 891 610 988 540 822 539 870 912 965 863 633 495 874 526 956 843 798 729 965 936 841 831 951 1015 966 835 814 797 785 885 968 765 902 686 763 854 842 883 848 969 918 869 931 875 826 959 810 857 858 728 733 979 780 795 989 836 959 840 938 713 790 975 742 982 804 834 1015 791 714 867 860 508 794 943 727 865 884 965 910 674 866 815 638 941 940 591 871 691 939 916 824 906 819 797 0 692 628 883 940 969 603 895 701 953 864 946 930 893 449 642 485 824 648 910 918 368 830 772 979 807 698 928 658 758 898 835 994 674 796
981 796 795 738 793 837 798 815 923 824 942 492 844 733 804 792 997 792 847 893 981 739 868 685 895 557 911 610 916 629 888 783 737 1006 752 427 815 823 897 310 842 727 862 882 936 654 631 956 846 769 844 895 490 863 616 746 981 823 820 939 843 762 950 641 789 824 865 947 752 742 894 630 946 730 985 838 991 1002 983 871 921 814 776 946 645 760 998 755 947 891 802 929 923 874 718 651 870 908 866 899 828 629 694 798 813 1002 522 832 907 769 889 736 943 678 881 643 0 877 828 788 770 801 830 855 725 681 673 912 794 553 599 792 720 797 635 841 767 832 532 933 900 879 896 718 898 882 910 473 751 896
833 878 548 867 988 981 574 759 763 874 772 795 851 872 914 628 825 825 919 608 986 786 860 879 866 525 941 715 640 773 893 754 669 924 685 491 631 961 700 866 633 941 871 586 871 830 940 754 933 853 816 712 742 997 891 913 746 979 900 762 785 867 678 532 940 691 995 530 761 725 944 719 948 741 960 860 924 940 995 929 1015 609 876 660 746 470 723 696 942 803 593 601 835 940 808 912 765 925 720 788 957 687 806 780 870 910 699 453 926 905 920 870 860 903 869 909 700 0 727 717 651 793 831 575 542 626 715 834 880 902 911 715 948 770 650 910 712 578 561 808 797 868 807 892 957 880 763 943 658 659
931 952 929 662 942 496 657 1006 742 957 864 932 941 992 627 889 745 732 722 672 873 856 792 612 1008 954 627 970 721 923 859 577 608 911 955 633 967 935 699 585 876 658 654 926 798 851 723 924 926 668 597 779 942 932 795 809 946 439 790 703 795 922 937 757 712 627 553 952 977 992 904 517 890 840 568 602 500 897 846 655 691 757 953 723 903 776 602 958 860 776 819 904 999 842 950 773 768 839 496 771 870 869 773 688 668 837 694 962 837 965 968 954 1009 814 485 711 566 801 0 751 636 822 768 669 753 740 698 733 546 712 687 779 807 723 842 895 860 847 994 600 706 779 949 735 856 554 782 724 901 895
921 823 887 611 912 673 912 797 888 856 749 800 716 363 878 839 760 893 745 1011 787 941 954 934 949 796 550 971 792 935 610 784 895 956 1019 689 875 974 957 908 854 512 824 699 977 626 989 664 553 840 826 676 858 968 723 642 676 849 980 926 694 814 915 663 715 795 647 664 894 789 832 959 629 911 805 1015 795 670 758 685 906 619 947 358 897 654 807 990 847 976 482 912 744 805 725 843 777 982 951 781 841 976 808 947 692 924 902 788 867 603 1001 952 850 982 967 483 674 984 953 0 678 714 835 695 868 947 823 939 613 699 883 725 929 693 698 770 858 985 596 609 912 809 315 835 597 627 805 769 906 820
791 868 774 832 635 949 997 725 1020 929 805 872 570 925 661 507 745 938 796 737 896 883 992 819 560 689 536 502 976 695 869 982 960 647 891 908 894 795 644 802 1013 717 554 746 861 930 655 835 698 942 805 934 862 500 984 769 688 837 1027 983 952 549 632 997 537 961 710 991 924 686 683 623 945 952 986 835 754 554 991 716 879 689 713 814 737 706 1010 857 1005 698 839 904 954 933 731 541 947 971 798 826 839 873 824 897 888 716 531 886 642 828 836 478 659 753 1007 533 1025 786 785 519 0 956 364 912 823 483 661 920 873 586 515 666 776 836 837 610 664 708 574 755 1016 848 863 743 749 789 942 900 832 774
705 843 429 926 611 874 898 374 878 718 942 648 708 932 924 713 908 947 683 833 940 817 619 928 674 970 868 541 790 929 878 952 882 793 616 998 786 633 816 1011 832 574 831 653 952 916 845 696 842 929 920 957 844 857 785 509 684 715 856 805 481 944 447 929 898 789 957 900 937 956 596 884 834 934 694 773 508 655 969 950 884 938 954 848 836 577 817 341 583 704 930 955 850 455 741 910 861 475 601 761 769 637 619 778 909 944 732 854 902 677 707 859 468 692 836 872 938 844 707 732 777 0 967 767 808 507 996 556 597 645 782 813 526 915 652 965 937 931 1021 817 736 714 413 613 947 770 951 603 811 730
875 712 995 895 788 897 802 867 771 760 875 960 829 932 431 938 797 810 761 744 798 918 510 831 730 632 814 585 729 779 995 657 635 885 692 839 809 793 806 788 939 623 567 628 647 778 672 657 766 900 791 757 722 876 718 733 870 781 671 881 774 729 906 633 923 827 845 560 610 666 741 780 874 884 817 833 968 875 978 918 793 349 750 994 797 784 607 709 681 945 784 559 529 1021 948 758 867 752 685 795 888 663 563 896 921 662 932 828 936 742 1023 857 852 425 720 738 866 646 938 951 949 630 0 546 947 768 886 912 882 678 618 769 880 898 962 927 768 961 817 504 938 876 945 898 913 733 764 887 812 368
907 729 874 951 787 682 778 836 651 572 804 583 818 941 796 854 989 937 935 769 980 955 716 842 876 732 834 408 659 844 929 769 734 890 919 812 778 498 781 766 733 786 722 899 685 947 955 696 1002 887 887 643 828 729 748 472 909 850 670 912 668 1000 803 595 808 742 730 856 740 873 915 858 916 649 792 828 759 890 790 891 489 903 867 644 948 747 971 1001 829 898 868 798 820 943 751 591 783 741 907 793 958 778 936 632 986 864 957 991 897 788 795 681 852 486 650 832 753 1033 506 670 785 863 639 0 690 903 946 895 914 820 807 930 952 806 794 572 948 799 900 927 896 963 780 925 646 825 844 747 767 770
835 773 857 813 574 938 868 770 857 854 798 900 830 849 993 799 907 679 748 841 722 947 755 573 877 809 853 627 839 785 929 670 657 994 632 736 892 946 936 438 472 875 911 623 869 959 720 567 664 692 935 818 806 894 824 744 669 893 766 875 1020 734 894 792 931 537 917 750 808 855 814 841 578 810 465 762 887 834 572 755 720 874 758 704 739 761 858 980 828 713 890 854 813 745 922 863 716 923 993 703 1010 528 895 740 753 808 924 390 884 934 547 808 858 952 930 756 954 895 995 694 994 660 762 652 0 652 1016 762 831 993 916 573 944 855 841 955 905 729 915 701 730 859 910 826 947 478 841 947 823 471
826 866 793 584 442 717 642 796 651 681 684 730 959 520 700 776 796 641 912 873 489 947 758 661 833 624 789 584 852 1009 683 940 782 967 623 937 902 802 883 685 892 968 813 921 769 1005 829 941 964 714 834 591 988 681 764 646 717 955 1008 787 765 642 831 717 622 880 534 798 772 597 716 754 861 852 812 698 809 449 780 612 709 919 857 445 747 912 782 658 524 698 960 636 892 639 872 827 938 895 410 571 726 587 879 787 756 681 583 874 698 962 479 1000 940 813 938 896 804 789 662 798 873 803 952 718 891 0 575 814 587 898 338 924 932 529 589 532 839 690 825 425 867 826 670 665 584 373 449 898 553 798
560 689 799 646 786 797 812 891 921 638 909 799 823 940 969 732 773 577 688 701 722 770 498 938 626 526 943 805 802 686 777 1003 592 735 807 746 867 402 918 928 809 891 838 842 920 757 794 755 528 865 469 918 822 852 781 921 850 711 916 854 843 936 913 713 757 577 977 854 933 836 678 914 920 593 861 786 943 964 949 815 906 915 998 821 886 858 965 850 975 697 524 826 683 910 522 380 769 918 592 847 1015 809 708 803 734 885 839 842 826 793 785 1004 969 885 936 573 578 612 529 714 671 780 886 797 908 774 0 686 646 1031 879 842 840 941 536 511 790 736 822 892 786 622 638 944 911 754 689 946 758 569
759 697 869 918 851 763 464 867 486 821 913 868 918 720 699 751 910 566 989 949 575 880 838 840 951 587 783 708 852 736 865 1003 637 814 861 836 651 545 920 543 790 688 1002 885 832 867 456 959 831 735 985 957 848 550 373 924 747 829 831 892 986 809 510 681 957 743 922 777 913 973 895 957 861 913 556 921 1021 579 963 903 930 731 842 750 599 800 870 959 574 980 867 605 873 955 850 535 917 952 866 959 898 906 727 943 797 976 946 393 954 618 880 914 927 653 957 658 755 940 761 681 422 672 643 993 668 881 778 0 777 690 920 879 840 715 716 477 944 967 772 734 379 984 866 983 477 984 845 629 852 954
817 1004 710 993 1000 1017 816 820 545 947 814 1011 876 740 961 698 1015 783 526 940 764 611 964 695 826 804 724 545 990 802 790 662 798 758 835 797 1005 829 925 732 628 879 815 710 764 887 802 689 915 605 916 802 782 912 862 816 884 797 500 775 612 751 943 938 968 846 755 772 778 808 605 870 802 977 909 970 680 805 800 603 864 997 830 762 777 950 849 968 840 755 737 954 913 858 766 678 938 527 1024 791 808 855 904 843 730 752 616 591 646 736 696 674 722 734 852 1018 532 651 987 615 722 1018 934 936 882 959 844 971 0 675 722 632 828 813 497 840 798 789 891 857 961 888 941 915 901 999 884 731 923 949
845 912 876 706 834 975 753 982 823 797 586 975 942 864 707 665 855 755 792 518 863 889 538 787 565 833 864 1013 790 603 877 931 757 846 813 753 706 516 772 556 345 1006 807 869 801 798 991 864 880 572 613 826 452 998 563 812 707 638 926 982 875 818 970 596 875 765 813 790 613 575 463 929 969 434 661 909 849 731 915 851 708 845 656 907 769 764 820 695 967 930 905 565 520 875 825 900 684 839 882 695 998 835 659 851 597 822 794 767 677 820 686 718 714 791 787 843 927 863 838 473 937 822 779 916 797 809 861 717 795 0 988 919 912 663 894 649 788 1015 519 619 801 950 904 925 849 791 731 868 953 792
940 845 706 892 762 874 870 734 964 834 889 872 594 869 921 892 640 689 688 813 737 837 733 794 667 906 804 822 898 953 864 951 860 884 759 979 872 885 848 626 924 851 1028 590 826 926 695 818 727 775 834 342 916 709 861 943 762 866 544 605 555 358 796 986 885 904 876 841 929 684 708 529 616 956 722 852 860 800 1008 495 704 939 633 667 831 890 1012 798 758 564 836 735 1012 902 785 667 662 766 856 857 963 922 1015 701 906 693 681 866 701 706 719 931 273 828 858 830 825 726 906 757 956 776 935 619 788 870 716 977 808 392 0 943 882 707 639 861 977 967 929 716 787 942 997 619 893 761 933 782 899 883
931 1026 950 657 457 963 880 822 667 712 981 1001 667 729 671 835 570 886 613 653 900 449 836 1027 876 816 588 528 835 856 716 927 556 595 752 714 951 1032 803 1007 933 633 816 671 305 728 870 829 761 982 966 707 694 790 596 445 889 727 830 716 589 840 739 559 872 943 696 818 850 585 849 834 677 992 778 889 944 911 924 725 727 981 786 729 836 882 926 613 777 602 636 919 893 808 789 716 853 813 924 649 805 822 865 910 631 978 1000 522 644 525 777 879 800 636 953 895 817 856 951 573 533 926 802 642 778 545 975 798 509 974 928 0 604 885 966 925 887 720 1006 963 815 887 766 791 749 799 838 928 791 888
741 672 850 879 650 377 791 960 802 636 837 951 845 859 623 928 1031 605 830 870 950 882 823 688 928 829 918 681 782 552 923 999 914 748 652 783 854 861 880 904 936 785 878 817 973 850 427 897 772 804 899 790 918 657 1006 877 870 779 802 933 844 927 464 1026 609 442 952 787 883 994 721 378 721 787 851 1028 817 831 724 805 573 1001 901 696 942 1018 979 894 938 882 777 650 576 922 809 952 863 708 603 921 639 717 657 982 974 604 715 490 732 797 628 914 916 941 768 966 548 832 537 850 851 935 745 927 844 997 681 920 634 916 656 626 0 928 954 917 818 699 902 961 802 887 731 972 751 948 885 755 840 936
939 847 802 901 948 920 631 1032 928 826 690 845 698 634 788 816 743 466 978 829 997 639 808 921 759 953 774 906 1029 772 797 952 758 898 884 714 893 694 755 698 896 298 892 409 874 850 1009 848 448 829 770 861 755 979 816 614 811 767 975 672 835 700 821 852 808 957 892 776 607 799 727 819 636 853 787 838 863 975 764 743 420 743 1001 557 892 966 653 717 795 932 912 1002 859 992 881 934 956 923 928 867 997 644 973 873 685 876 764 824 934 999 791 988 935 948 630 766 972 657 366 600 1003 853 643 973 822 734 893 632 694 821 639 881 893 0 951 1022 744 936 1008 973 640 926 963 446 829 647 777 703 877 776
795 852 994 857 817 818 885 804 912 885 743 782 854 802 857 740 829 835 541 855 845 786 867 646 986 467 745 803 685 992 895 782 868 814 717 749 889 547 768 784 491 931 804 841 791 855 857 971 774 625 734 972 589 916 819 498 815 879 597 784 890 724 862 709 1009 543 594 886 581 736 478 907 877 817 792 935 919 696 864 705 799 768 826 442 799 839 693 847 813 795 878 482 853 506 571 609 949 614 803 662 805 652 963 865 954 780 823 804 705 957 649 797 782 953 902 752 632 678 830 836 901 898 783 958 966 880 894 433 714 777 706 880 907 650 0 586 898 618 736 928 1003 739 836 748 943 839 910 409 980 971
838 807 761 745 712 806 935 570 782 882 655 954 637 951 1027 883 767 645 719 871 484 893 981 791 774 857 941 900 805 808 927 893 868 823 863 840 789 909 894 895 914 963 771 553 934 676 1006 683 909 922 823 736 474 811 949 732 829 964 901 591 832 758 901 831 862 473 853 745 694 805 885 600 976 731 847 752 929 806 863 766 584 883 953 539 667 834 772 892 739 853 794 944 857 997 814 714 908 749 849 977 774 686 597 708 684 915 998 728 631 733 932 737 865 687 868 925 958 890 978 727 696 627 953 896 922 854 782 827 520 957 530 871 1003 814 868 0 922 1020 848 849 793 652 686 874 891 547 927 899 963 853
797 881 844 830 792 766 823 537 801 743 548 870 898 1011 954 894 929 920 951 656 822 615 795 761 821 889 913 755 479 731 812 913 783 876 687 949 593 890 929 794 737 1028 851 855 767 967 920 757 967 673 751 688 886 948 777 655 711 748 793 929 453 623 706 984 760 879 911 986 813 976 841 850 952 978 905 798 920 650 815 913 781 862 917 900 969 893 889 894 687 726 976 646 553 927 728 878 864 885 847 368 779 832 637 985 838 949 882 846 799 695 519 677 816 720 822 987 974 1020 991 718 951 949 579 814 682 430 996 653 383 846 525 520 929 722 977 871 0 862 902 812 512 388 793 898 981 569 767 884 738 961
568 749 950 798 520 644 474 739 806 924 536 1008 851 436 934 917 535 555 809 948 680 403 962 419 924 863 717 513 1006 785 903 831 784 493 864 547 1003 871 608 905 591 1006 918 955 879 895 778 981 550 991 768 749 930 913 522 981 840 800 706 806 992 839 589 866 767 606 652 788 686 778 851 806 495 793 766 724 896 405 908 619 781 930 627 966 972 885 566 805 687 950 840 557 952 537 651 803 975 893 810 493 937 820 471 737 762 944 863 948 586 538 611 935 630 727 937 846 933 725 839 525 899 600 691 756 502 873 896 965 413 926 957 772 674 878 764 839 794 0 879 966 769 834 994 795 729 815 807 467 874 972
791 896 762 903 935 690 917 785 777 897 828 812 748 896 971 833 937 843 717 949 840 812 977 812 971 646 774 893 986 725 926 776 953 812 746 881 865 862 710 807 787 667 947 543 886 797 859 774 822 663 877 1010 931 605 853 891 699 933 626 980 930 836 812 773 836 562 914 750 613 933 765 935 795 457 995 511 965 971 700 645 383 713 901 913 777 647 724 758 777 886 554 871 868 827 644 761 563 865 610 1013 950 570 825 946 854 806 475 667 865 607 842 753 723 812 620 902 766 863 870 633 989 689 799 992 883 849 953 718 826 930 734 804 796 965 739 865 850 931 0 559 679 736 767 844 777 822 794 698 877 538
766 912 884 678 599 862 921 666 766 778 585 798 780 933 676 931 916 799 1000 631 783 796 827 925 774 688 684 874 805 767 626 863 956 970 962 934 674 718 801 861 1017 933 811 815 792 910 570 625 873 981 947 963 784 777 663 869 945 980 902 822 942 835 728 878 848 727 931 743 752 784 829 873 878 999 833 983 723 744 931 808 948 653 798 509 920 804 831 619 628 487 882 897 975 949 676 783 509 710 907 924 633 914 1014 766 757 651 469 967 897 858 838 821 901 685 416 900 958 886 831 794 871 852 824 823 873 735 1000 929 832 818 967 938 986 819 772 620 667 736 955 0 955 1012 620 927 944 594 876 742 963 897
523 526 861 844 808 826 781 628 700 773 726 874 695 831 541 961 783 895 980 838 979 746 738 566 916 996 923 814 815 523 825 654 807 868 631 961 871 928 740 759 637 919 781 816 878 895 806 714 770 928 706 629 414 685 989 997 977 948 920 665 972 673 345 261 805 598 905 718 863 787 976 878 822 976 957 623 934 391 639 800 994 762 992 949 653 539 641 974 745 579 388 942 902 752 854 934 796 518 622 655 744 788 778 799 975 789 595 456 834 987 871 708 732 699 1018 874 907 976 980 757 905 923 925 767 971 877 665 558 729 969 837 800 871 820 648 821 844 977 972 662 0 724 428 598 800 688 831 745 896 945
981 926 599 757 805 825 922 714 1015 650 799 812 802 684 562 807 907 843 539 890 708 849 930 819 818 848 717 746 781 927 872 835 916 989 952 632 858 684 844 653 492 796 982 847 801 804 597 833 834 554 1030 864 725 747 895 925 884 895 886 777 819 899 810 811 1030 746 801 737 868 787 808 673 1003 799 915 615 892 574 593 515 775 773 933 785 856 849 873 828 776 822 862 807 832 617 735 759 707 747 796 928 748 742 779 816 940 764 359 827 831 1003 927 580 795 601 921 758 718 952 579 1012 1003 737 944 782 856 861 953 917 805 543 742 455 753 781 860 622 781 835 903 826 974 0 937 813 815 769 835 890 879 768
322 975 872 906 777 914 998 616 815 951 882 939 755 537 705 580 524 981 722 888 911 857 722 965 1007 792 756 1014 839 600 891 924 988 881 682 835 812 677 707 867 720 838 682 888 834 1021 780 971 971 884 901 703 881 800 830 774 510 982 773 684 902 776 473 882 823 948 981 773 469 961 629 1016 931 866 831 875 917 682 684 946 826 659 555 910 987 997 942 853 546 948 954 730 789 674 724 696 741 811 787 880 572 937 730 882 828 814 666 987 959 854 452 747 945 799 909 969 657 655 842 672 907 746 770 656 1010 802 974 914 644 973 879 928 995 619 677 906 825 781 368 940 806 812 0 622 780 701 839 1013 755 830
931 571 937 715 890 943 918 749 468 782 891 758 554 761 840 511 777 753 601 990 908 997 540 628 757 858 453 849 795 749 831 646 814 634 990 833 848 960 705 1003 789 877 719 863 739 689 854 633 609 933 942 914 917 985 831 826 696 670 979 775 980 775 507 934 807 945 688 651 615 725 585 745 902 486 741 871 935 881 585 847 689 901 726 570 327 708 837 896 835 730 948 510 899 739 577 944 878 647 866 630 506 835 662 848 652 921 871 327 888 814 983 801 779 555 933 972 876 641 627 599 930 673 568 1013 905 943 626 825 758 810 872 646 649 946 953 878 813 410 905 993 911 855 994 0 826 784 700 844 925 672
971 330 663 676 999 943 774 797 807 883 868 831 927 668 931 910 781 524 501 866 1004 606 701 798 631 905 728 745 744 951 740 558 909 923 807 824 222 764 908 1009 825 890 729 597 534 791 690 727 791 899 690 951 881 1023 735 836 693 743 793 717 933 745 806 794 877 809 978 800 879 700 911 713 714 891 750 809 788 777 824 779 948 780 981 795 663 925 975 809 1011 854 812 530 899 708 781 679 589 879 791 747 659 798 971 918 947 893 919 785 953 661 635 604 907 730 944 620 834 662 713 823 884 832 926 587 846 821 686 759 853 764 575 700 809 866 933 879 929 610 701 685 354 926 536 909 0 827 797 986 944 684
821 841 852 731 818 739 606 705 818 916 705 813 756 842 848 770 892 745 825 839 933 676 556 881 759 678 453 930 818 861 798 982 938 817 951 553 782 762 881 884 920 837 812 953 839 600 649 815 849 509 662 641 819 768 944 818 803 928 855 941 528 657 815 641 981 802 560 852 877 848 939 732 950 728 726 554 644 829 811 938 951 740 439 789 933 856 819 921 627 842 766 923 952 983 876 948 588 826 752 764 991 961 1034 610 893 683 899 616 1002 697 957 871 583 623 686 799 872 903 782 774 690 548 755 909 641 1026 808 739 864 851 831 1013 910 744 931 933 800 790 914 657 805 452 878 977 758 0 871 982 759 487
790 808 986 918 839 452 996 655 810 753 859 903 644 827 792 963 747 797 703 833 415 749 826 577 759 941 516 813 771 897 899 685 804 870 463 735 945 858 922 984 937 799 964 606 922 755 661 986 700 775 551 945 686 713 942 993 690 872 810 1020 626 845 785 948 704 909 544 950 704 824 857 754 938 806 757 740 842 865 571 792 895 934 658 876 886 748 690 881 928 807 754 973 904 814 906 636 776 776 804 563 993 752 846 883 720 972 703 932 969 492 557 554 658 829 1012 418 821 419 1022 840 942 917 816 765 694 793 883 925 530 785 582 994 815 611 715 976 852 590 482 664 604 959 662 911 810 810 0 854 868 858
973 875 595 640 745 772 694 924 893 770 610 883 983 833 698 921 918 819 809 500 891 821 929 988 915 776 892 1023 731 786 662 837 933 407 567 436 789 871 771 723 935 943 625 448 821 448 797 709 572 475 817 745 821 938 868 946 885 933 863 871 823 759 916 754 939 596 704 456 575 839 883 762 815 871 811 689 990 641 738 784 751 974 853 637 962 861 482 834 1003 909 283 904 807 961 780 706 477 811 707 757 856 845 727 497 854 793 846 902 792 591 627 695 724 674 812 792 944 971 554 502 634 917 1000 879 723 741 909 511 855 629 827 693 665 887 517 725 880 717 846 791 967 933 564 804 876 932 600 0 410 890
806 753 747 956 823 853 791 908 787 574 729 982 994 769 838 697 622 866 628 589 1012 415 843 661 826 905 904 950 835 960 641 655 638 859 562 864 528 605 651 800 768 821 678 664 613 604 485 965 878 812 878 873 905 794 967 855 850 844 751 776 720 833 950 925 671 975 829 956 727 703 957 575 679 931 859 902 860 843 478 759 991 752 879 903 994 975 743 854 823 951 805 513 682 1028 962 1007 924 893 887 728 919 526 1029 957 815 782 815 975 832 572 818 1017 807 928 896 819 705 895 941 886 849 937 775 915 724 861 953 821 781 969 884 979 821 678 851 907 840 798 439 792 869 714 577 659 595 923 953 686 0 706
414 933 768 995 734 663 833 953 876 487 849 845 884 693 951 822 1009 873 810 941 773 875 710 689 748 497 878 861 806 820 695 902 763 956 933 981 686 650 1004 796 587 561 907 808 760 654 934 1009 658 887 905 792 887 654 737 880 768 448 665 741 589 824 646 755 980 721 1030 726 922 938 910 339 809 873 800 830 856 751 914 865 920 882 844 628 942 986 506 596 825 855 872 846 909 818 409 836 668 999 941 934 690 898 580 628 664 1004 887 805 584 796 818 783 878 854 639 927 824 377 936 1027 1006 663 784 907 834 759 805 971 777 934 877 1016 848 921 962 965 606 690 919 1013 729 826 994 583 649 721 1011 729 818 0
