50
309 20921
311 20918
221 13486
294 20919
462 20917
294 20706
220 20780
215 20482
248 20921
110 19326
340 15052
327 10760
380 13525
378 20906
244 16559
238 20921
356 13442
304 19919
176 20883
127 6103
264 20846
209 13668
196 15171
167 19379
350 18131
156 17995
265 10090
197 16509
78 8431
267 20766
310 20885
392 6086
67 7445
205 19375
258 3197
385 8819
236 2980
354 20920
142 20920
109 20897
88 8185
252 20920
336 10443
248 20918
151 20921
147 20921
318 20921
213 12835
293 14767
299 20378
0 276 213 292 309 202 229 321 237 235 320 276 202 293 239 288 248 298 303 234 246 287 329 326 240 260 230 269 238 191 285 293 204 337 307 269 303 297 234 261 339 222 137 307 316 259 281 321 243 184
216 0 203 293 184 304 181 258 305 306 242 290 244 284 181 245 134 249 209 273 200 308 303 254 221 290 319 293 257 334 237 275 219 220 281 320 234 292 312 299 268 325 250 191 311 289 243 312 325 320
316 256 0 245 319 215 214 329 239 257 256 143 259 279 188 229 129 311 232 337 272 287 170 326 242 278 182 263 311 247 326 240 274 315 300 194 296 274 227 313 315 305 263 198 273 292 264 228 270 222
316 257 265 0 142 312 220 320 263 273 216 276 177 270 195 318 251 260 252 179 327 291 253 315 281 289 67 214 229 315 317 305 252 286 143 319 173 263 149 183 238 240 299 252 303 165 290 280 211 315
233 281 331 312 0 299 229 309 267 320 286 211 190 286 235 287 225 165 254 302 228 310 332 259 199 298 284 162 271 311 265 303 175 265 249 154 247 211 314 184 281 199 266 221 206 215 242 280 286 229
310 245 275 218 233 0 291 111 331 249 282 269 310 327 322 240 257 273 223 280 268 306 248 146 230 293 223 299 322 294 231 292 242 266 334 321 252 279 316 233 338 315 323 298 306 278 285 164 263 253
279 222 238 210 213 100 0 163 250 156 265 234 257 222 272 165 314 309 255 304 248 336 246 299 235 341 286 275 244 293 229 273 266 226 183 291 185 340 236 199 200 260 153 297 301 323 276 342 324 255
239 343 269 225 275 226 244 0 257 236 316 198 323 298 225 309 201 186 319 211 274 261 340 308 190 270 264 169 233 306 255 235 253 328 179 239 326 322 298 121 238 230 275 285 254 248 254 220 305 250
291 310 278 137 293 254 299 311 0 290 243 226 269 336 254 336 228 269 270 330 295 279 312 257 265 304 329 280 180 326 164 325 222 227 318 339 172 285 333 272 271 180 328 289 224 245 256 313 199 260
207 266 267 242 300 286 220 225 249 0 260 316 310 279 244 184 276 268 251 273 234 320 151 272 308 249 274 250 225 284 166 320 337 220 297 243 274 168 313 313 280 319 208 290 202 266 314 235 301 302
192 216 253 187 187 272 324 299 247 290 0 233 255 313 263 269 233 315 229 294 245 187 256 242 295 319 299 320 322 323 241 297 251 312 202 332 202 212 277 197 236 330 308 329 289 297 313 280 253 286
218 275 317 287 268 323 215 278 218 264 274 0 281 302 286 229 237 262 268 245 238 287 279 201 322 142 240 249 293 302 334 310 301 242 275 237 244 299 282 343 298 295 271 239 225 231 255 299 280 195
273 326 209 302 277 315 162 184 275 303 339 300 0 262 222 226 230 199 249 277 230 158 306 135 319 218 201 224 314 330 341 247 206 264 296 321 279 251 257 254 326 242 242 270 258 188 200 338 239 291
299 246 267 244 272 333 273 300 335 155 267 213 332 0 292 203 261 251 282 261 291 295 314 259 273 232 310 313 317 226 327 159 226 246 250 240 285 245 287 207 285 237 269 226 254 324 286 304 213 309
196 268 327 310 150 253 315 324 203 282 44 270 328 289 0 296 226 236 268 285 279 278 190 310 280 267 242 275 294 181 312 244 268 285 302 230 341 318 147 329 307 266 269 189 320 251 278 268 322 180
229 307 259 319 226 279 272 323 282 284 258 301 316 239 318 0 297 339 325 186 289 284 276 230 310 192 335 276 315 185 322 281 265 276 328 297 282 237 286 271 296 311 297 288 295 251 227 316 316 279
236 268 323 262 234 314 249 240 254 267 265 323 291 269 251 272 0 228 268 248 277 324 217 265 259 207 310 331 263 314 255 313 284 136 330 298 295 324 246 297 234 232 314 297 286 194 179 273 272 301
270 256 271 310 292 309 317 159 342 248 311 215 254 253 239 257 223 0 302 334 188 281 308 239 312 220 279 261 316 270 300 227 296 307 291 288 245 219 203 178 271 338 320 243 271 237 313 225 310 142
259 217 225 337 310 99 305 292 166 257 318 176 171 258 334 272 278 177 0 310 234 197 326 262 317 281 263 333 284 264 301 288 330 245 284 277 128 240 245 288 286 307 254 283 272 190 306 257 168 267
249 186 242 190 296 280 319 264 307 270 294 275 308 343 330 286 303 298 310 0 292 293 317 327 298 184 254 332 262 300 241 292 258 193 202 246 207 263 292 293 285 327 235 215 247 303 194 321 287 188
227 149 308 191 194 233 229 208 294 255 292 271 323 326 242 234 316 223 272 274 0 324 181 279 289 297 236 200 317 146 297 284 165 281 303 254 305 308 281 184 277 311 225 215 151 319 243 204 290 315
292 266 232 285 214 229 317 239 206 241 262 242 310 211 232 291 327 331 238 158 313 0 290 263 308 280 298 305 272 329 266 339 293 317 272 250 283 208 272 206 321 301 326 264 299 219 304 208 263 268
244 301 252 281 314 298 254 300 291 294 279 292 310 209 277 297 198 190 222 330 287 260 0 210 296 295 280 155 329 296 224 248 327 326 318 248 132 299 271 292 296 293 197 277 294 282 253 270 327 195
318 207 197 99 213 242 291 260 270 180 309 313 311 276 253 221 275 211 313 300 345 212 317 0 286 307 174 267 300 335 266 316 307 285 276 281 172 208 317 262 290 211 172 273 296 227 314 281 257 290
279 243 195 235 281 322 243 313 320 273 288 277 310 222 224 292 279 312 250 251 241 261 273 255 0 326 146 221 285 325 163 196 224 223 148 284 227 311 279 172 213 242 275 144 320 245 258 302 264 199
259 325 294 283 319 333 307 304 323 292 225 292 281 293 257 310 316 253 256 304 287 314 327 315 249 0 124 224 316 238 284 195 269 318 321 268 157 181 317 290 342 292 171 207 281 275 262 289 280 329
307 253 234 181 273 278 261 271 300 272 306 108 272 269 148 296 288 172 291 177 290 277 228 172 230 314 0 183 336 262 207 274 334 250 175 312 279 281 265 209 218 199 280 257 238 294 217 316 223 137
202 309 242 226 331 176 204 339 258 302 321 192 172 272 226 281 175 290 269 273 303 326 294 203 153 232 293 0 243 280 306 253 255 235 185 268 310 295 195 294 286 200 266 285 308 162 313 201 225 287
251 307 264 220 331 243 167 261 310 286 281 270 191 245 303 227 239 313 255 158 337 296 242 219 171 326 322 248 0 262 269 320 269 304 281 260 309 293 261 236 228 308 323 246 210 297 320 204 324 303
241 229 149 322 288 239 212 237 238 198 236 330 296 337 271 257 204 316 252 312 316 299 164 296 283 187 242 306 324 0 250 235 297 267 280 205 146 260 290 222 259 257 176 142 334 240 313 237 291 252
319 236 194 273 319 272 266 203 288 336 285 222 147 323 309 235 326 316 327 322 282 242 326 197 267 223 291 275 218 224 0 320 277 290 201 341 302 231 260 289 313 289 276 224 323 259 230 297 309 293
304 257 329 304 259 216 226 320 311 247 319 325 280 244 310 296 266 273 260 257 303 231 253 186 266 325 332 178 125 306 272 0 312 208 283 274 262 175 172 131 215 274 125 278 278 283 182 244 291 269
261 273 293 236 216 316 224 234 274 259 195 308 243 298 292 185 186 290 323 263 304 285 302 188 274 261 295 263 309 338 296 300 0 325 263 225 287 147 318 254 257 295 279 312 312 269 341 185 236 127
282 88 136 286 305 306 281 308 270 322 294 319 264 321 306 290 298 252 282 288 288 329 280 154 270 293 296 271 218 293 221 245 305 0 275 339 304 254 205 259 246 273 318 267 323 204 242 275 286 294
316 154 328 223 262 333 235 335 258 244 312 258 294 254 281 263 297 281 301 291 316 316 285 311 109 313 208 273 146 314 252 328 295 291 0 189 230 180 144 304 253 307 321 253 326 226 227 193 241 307
225 266 207 298 309 254 236 246 292 301 196 272 310 320 339 263 272 291 276 335 302 147 223 293 301 303 314 301 305 251 299 194 200 266 285 0 296 285 327 293 258 336 183 320 256 315 324 254 282 310
297 119 272 295 233 282 296 287 266 181 260 315 219 226 327 285 299 217 287 215 308 279 286 235 240 300 279 144 297 325 212 234 266 230 81 287 0 228 244 332 286 214 319 321 249 209 275 297 244 269
271 324 225 260 266 221 245 223 242 265 286 193 228 277 202 328 266 292 264 215 283 256 208 273 170 303 262 217 269 264 284 200 309 259 162 308 175 0 328 178 243 318 293 309 288 236 250 247 134 269
317 310 272 168 279 319 323 277 323 293 252 221 274 223 210 171 251 297 95 235 302 261 323 122 241 269 331 242 288 310 251 338 256 282 253 277 240 255 0 253 270 277 264 269 284 293 293 232 287 170
298 227 233 271 250 287 153 292 217 270 320 208 224 311 324 168 219 230 230 225 268 208 306 206 259 274 280 243 292 336 228 294 313 239 316 214 181 288 283 0 244 176 203 207 197 298 192 297 210 279
329 314 284 231 241 323 287 247 272 310 214 187 286 238 215 261 237 263 198 285 258 278 183 298 228 248 266 220 335 334 269 223 298 256 264 328 282 225 272 312 0 247 170 286 252 300 256 294 308 173
300 217 264 299 283 230 269 246 247 297 298 139 291 253 255 298 187 159 279 296 253 228 149 202 238 252 315 241 321 172 284 332 244 272 313 293 291 188 274 263 284 0 301 141 223 236 258 223 326 313
300 223 220 267 183 231 269 238 310 313 192 142 305 278 302 282 202 315 220 305 329 329 314 205 197 227 283 286 315 287 313 266 257 235 258 303 282 326 241 332 179 225 0 251 240 325 107 243 243 225
274 291 137 311 306 171 272 300 272 306 247 342 319 284 263 224 224 330 176 254 303 279 322 185 331 246 265 133 314 228 186 157 277 233 235 305 235 325 216 271 184 248 241 0 295 189 249 261 302 277
328 234 259 235 306 261 294 306 334 279 231 328 263 251 309 269 260 281 300 190 304 299 238 257 277 273 296 300 221 255 235 343 283 180 283 215 265 262 226 321 237 281 248 245 0 311 302 336 224 313
273 284 167 313 272 321 285 301 223 161 242 321 246 258 308 291 263 228 203 253 205 292 237 196 309 301 180 270 320 302 294 293 153 239 289 283 213 267 241 334 272 311 328 233 261 0 286 290 259 306
290 260 259 153 255 302 253 325 244 147 207 286 287 226 195 309 278 303 313 273 251 321 273 278 253 209 336 283 299 310 301 276 191 244 277 317 242 326 243 309 193 316 213 323 280 281 0 306 284 312
274 213 193 192 251 248 175 278 227 286 312 174 86 219 210 317 287 218 262 295 319 302 263 299 303 332 233 284 301 334 281 242 298 286 333 267 321 289 307 318 318 207 212 320 225 302 253 0 268 311
223 271 253 295 225 260 291 313 281 242 279 318 296 203 187 288 284 315 319 225 297 303 326 287 260 285 299 219 287 289 229 310 207 291 301 343 335 276 300 231 285 295 256 195 327 304 210 321 0 271
261 215 295 260 238 275 268 204 225 201 255 253 304 249 315 161 336 308 321 320 317 306 297 290 313 299 245 208 280 238 244 332 219 297 271 315 241 336 311 333 317 293 312 205 281 267 217 320 204 0
