150
379 777
609 987
12 50
919 1282
296 672
4 269
27 390
130 377
195 271
459 572
462 585
598 727
545 691
460 470
40 308
388 439
371 732
418 798
955 1026
527 756
942 1286
888 1201
495 735
910 978
553 744
101 500
126 140
210 558
144 457
176 258
857 942
190 306
994 1131
298 382
843 1092
743 799
757 1065
905 912
770 1149
684 790
310 695
199 378
789 958
399 562
573 858
266 390
139 494
123 445
785 1142
400 404
73 383
763 843
758 796
531 892
195 485
487 658
167 552
388 716
686 739
906 910
724 745
946 1078
328 726
130 302
375 566
581 697
456 625
257 260
701 783
839 1137
932 1321
88 431
897 1163
84 110
707 743
274 398
71 431
518 675
509 578
341 603
602 862
97 409
788 1094
488 549
830 1060
204 534
61 186
741 875
114 184
696 802
914 1140
166 328
986 1150
901 1181
148 180
374 714
966 1030
396 765
10 137
521 887
951 1327
168 438
363 546
595 806
289 672
988 999
846 932
280 644
761 947
6 255
281 320
984 1116
453 709
24 118
26 343
79 291
293 384
565 944
962 1178
537 733
151 319
596 678
972 1240
644 1002
328 392
503 676
326 568
374 608
896 1075
137 523
638 913
469 518
996 1305
997 1032
449 835
753 976
246 343
951 955
311 550
401 720
156 434
548 763
353 610
176 290
167 211
758 1086
393 498
103 297
954 1236
170 299
0 87 44 47 7 80 88 44 50 34 77 43 64 57 60 20 94 37 41 51 64 38 18 60 6 95 30 63 73 57 14 70 7 32 1 69 84 30 33 29 77 38 31 81 22 41 16 49 44 84 59 7 88 54 69 86 27 1 90 75 82 86 53 13 4 5 56 73 15 10 56 70 22 62 31 72 31 41 38 92 5 32 34 53 6 72 18 49 50 56 17 38 28 53 55 43 91 92 79 3 45 68 39 71 17 73 78 29 59 81 63 73 35 67 2 21 45 41 56 6 13 30 25 88 33 78 74 6 7 84 78 48 0 35 66 11 38 15 90 10 68 95 87 68 33 18 70 55 19 95
57 0 48 5 92 24 64 47 88 72 10 67 46 49 9 94 25 91 18 38 93 9 99 12 85 75 2 42 34 25 0 78 57 17 34 78 40 76 15 99 19 62 44 65 86 62 32 33 77 25 88 31 44 6 92 31 76 29 15 15 95 91 98 15 98 55 99 90 79 99 47 16 46 1 23 77 49 49 84 35 87 77 64 88 20 33 93 78 2 24 45 22 83 84 60 3 62 81 85 6 69 67 8 37 50 89 71 73 62 3 67 75 87 62 87 33 39 71 35 59 59 82 39 71 80 94 69 67 35 86 30 67 2 82 41 62 30 29 67 65 84 6 60 76 53 47 84 62 18 41
77 61 0 35 95 73 3 36 21 24 82 83 64 53 0 55 90 11 79 35 33 18 30 22 79 42 95 82 16 79 25 64 62 88 27 91 50 30 57 90 83 20 30 44 44 25 40 28 95 36 16 16 71 91 56 46 93 48 90 40 84 87 26 87 73 49 1 46 79 4 11 3 11 93 11 47 73 50 7 46 24 15 24 13 71 4 49 98 11 82 2 14 76 94 15 66 79 10 27 55 11 47 43 35 33 62 11 16 58 25 47 39 26 66 87 20 52 25 6 39 91 23 72 22 82 33 56 13 63 13 39 96 26 53 6 15 75 58 2 16 53 36 64 97 18 94 11 36 14 41
95 7 61 0 88 2 69 35 90 32 43 94 29 29 46 24 38 14 56 2 44 14 54 83 14 98 2 94 94 92 4 69 27 34 67 14 89 85 8 51 98 67 1 7 50 90 64 35 16 65 89 45 14 43 30 10 37 9 70 94 77 1 31 73 94 2 45 17 5 97 40 52 23 54 50 41 10 1 53 92 52 4 24 26 12 97 99 48 80 97 42 11 31 30 12 26 1 84 3 11 92 90 5 52 92 51 35 42 59 26 23 90 38 93 53 53 98 37 82 96 87 6 81 54 26 40 1 86 51 97 59 60 42 42 62 39 18 7 48 9 97 7 17 94 65 2 68 90 44 72
1 52 76 21 0 82 35 36 68 2 94 19 22 45 53 26 81 68 86 94 86 42 60 89 39 20 76 81 9 91 24 18 88 67 60 52 45 26 29 49 5 87 76 60 96 57 94 75 19 92 39 37 94 1 6 89 57 86 37 76 0 70 14 37 51 30 2 84 66 85 97 18 10 0 69 33 21 52 85 53 46 22 13 67 39 85 72 12 15 52 51 79 45 29 38 53 77 97 37 50 74 42 46 41 93 57 64 23 34 62 98 73 80 55 82 19 90 79 26 68 44 53 72 70 16 97 96 90 55 8 67 83 51 54 75 48 42 37 41 88 42 83 40 80 45 84 3 70 11 89
74 55 83 15 97 0 23 6 21 66 75 60 44 86 28 13 64 64 90 65 25 84 27 3 34 60 87 91 0 97 2 33 52 10 63 76 67 43 73 92 57 36 19 28 51 1 15 88 45 89 96 82 75 94 1 82 75 37 72 54 61 82 54 13 77 74 12 7 87 55 55 73 3 6 88 78 3 81 13 17 55 29 0 30 92 82 92 51 28 21 16 18 72 46 83 41 93 43 10 95 50 17 23 47 81 37 87 59 59 60 5 84 8 69 88 6 42 23 77 40 23 75 10 70 43 56 71 50 35 10 79 75 43 73 10 4 6 42 28 87 10 52 66 71 70 41 74 10 70 24
53 92 62 87 99 70 0 94 5 1 81 2 92 28 82 40 99 46 77 28 58 63 66 30 72 88 50 46 6 40 96 33 12 4 87 12 83 63 96 33 73 88 39 14 9 13 50 57 32 95 80 71 64 36 28 11 73 57 56 15 56 63 13 85 72 88 89 11 58 24 72 93 38 64 47 81 29 6 87 12 13 43 58 64 46 81 7 60 97 58 26 22 10 59 28 0 94 15 98 97 64 10 50 53 43 63 70 65 13 3 93 38 39 19 13 55 52 28 21 27 3 62 54 51 66 62 85 77 96 54 50 10 25 44 21 50 55 68 42 15 10 0 22 81 96 20 29 53 52 86
47 92 43 63 74 42 27 0 97 22 56 54 10 39 31 48 86 70 63 41 83 95 55 53 32 43 97 77 63 85 74 27 98 18 47 87 59 28 59 72 79 80 83 95 14 84 95 38 13 96 12 49 41 7 35 83 80 85 48 89 5 87 17 49 15 18 72 64 3 63 69 73 78 41 11 55 86 22 8 41 19 88 10 3 24 4 10 87 46 56 41 5 6 59 69 42 59 32 46 95 32 37 74 20 52 80 17 31 41 24 89 75 84 41 64 37 72 18 99 93 68 85 5 65 0 22 59 85 25 33 92 16 87 62 19 70 88 34 29 10 57 66 41 25 86 4 44 70 33 68
25 39 36 3 68 21 72 11 0 98 34 36 17 99 45 77 89 15 80 56 43 33 77 41 0 18 84 86 30 58 12 3 28 42 46 98 70 54 1 6 57 85 9 99 86 28 91 88 62 14 4 95 49 42 66 11 31 91 24 40 82 57 64 10 98 42 77 83 12 44 0 19 40 47 53 13 56 16 40 36 59 72 80 33 29 98 89 35 59 66 83 19 6 89 8 4 8 72 74 62 92 63 47 19 10 71 39 23 91 55 18 14 66 65 70 6 89 70 0 35 15 34 5 76 33 96 94 83 27 67 66 94 24 54 9 90 72 40 99 46 97 97 75 51 55 14 23 44 40 99
0 24 3 69 30 7 35 42 19 0 65 88 97 17 70 43 53 14 61 27 82 76 25 96 32 96 79 40 63 25 37 59 74 70 55 36 65 4 79 53 36 83 14 73 64 0 11 16 81 51 11 54 59 40 31 86 80 85 24 35 31 47 12 38 8 87 3 2 90 88 99 73 71 71 50 64 75 86 96 58 18 24 79 78 17 48 86 19 82 46 50 38 24 34 78 89 7 93 26 46 80 81 21 5 82 45 9 74 85 6 58 92 71 91 65 60 47 51 53 4 46 10 70 13 15 15 98 96 27 34 13 37 52 56 58 72 44 87 37 41 27 35 70 95 21 34 33 27 49 43
39 73 82 12 36 12 84 36 5 56 0 89 7 57 62 69 66 19 71 9 85 85 13 71 88 27 11 76 22 66 84 23 94 45 28 5 2 16 97 48 45 25 0 95 91 29 80 20 55 39 13 68 9 19 75 86 20 95 14 46 77 90 42 0 64 86 81 99 87 49 94 60 13 66 32 18 27 99 77 86 5 75 63 12 82 86 19 3 95 72 65 24 58 50 61 38 73 4 4 91 8 95 55 16 41 5 56 88 38 98 54 35 51 32 44 63 90 32 86 85 50 36 2 49 75 84 73 99 29 65 98 93 23 77 61 51 81 64 10 10 92 17 40 98 18 33 9 17 3 59
9 35 80 49 43 72 36 85 45 21 95 0 34 48 98 74 75 33 15 4 91 74 88 86 16 0 8 37 8 96 31 3 76 14 43 87 52 20 52 66 60 1 86 58 62 5 67 85 32 60 15 73 12 35 52 56 4 79 33 45 6 12 85 17 60 18 73 2 4 50 16 67 62 16 38 43 30 75 35 26 41 63 42 15 30 12 73 98 37 94 19 33 32 37 53 99 36 78 51 96 87 55 32 13 68 82 83 70 19 28 46 41 17 70 43 12 13 8 8 29 6 44 60 96 88 67 57 8 25 83 33 96 46 71 73 10 81 75 34 91 36 43 21 23 60 43 85 36 81 96
38 27 10 27 69 87 12 88 24 3 43 10 0 44 61 43 87 89 73 68 48 32 8 65 46 22 33 74 76 48 32 42 82 18 46 56 81 94 2 70 80 69 26 13 58 52 22 17 4 52 56 76 95 87 42 18 29 65 26 66 12 39 27 31 86 0 49 84 93 95 58 47 57 41 34 80 71 80 28 24 41 72 70 10 11 83 46 51 50 69 79 33 83 67 78 71 42 93 58 91 52 83 36 20 28 39 8 59 9 24 19 50 6 96 39 44 80 51 9 85 20 20 58 18 28 11 35 24 51 92 1 97 89 69 78 54 36 45 30 42 2 8 51 99 4 97 46 60 3 17
54 7 3 34 54 83 64 88 0 82 25 54 69 0 21 82 22 99 15 38 23 59 85 44 20 52 18 20 77 20 15 70 40 97 19 97 38 97 97 63 15 26 3 33 46 96 1 56 61 49 77 89 23 60 9 64 85 36 17 93 83 6 25 59 22 24 19 25 39 29 50 83 63 88 6 1 85 2 22 9 87 84 39 13 50 57 58 15 54 15 30 57 33 91 51 55 45 17 35 26 5 63 30 83 6 27 78 57 80 97 77 56 48 10 36 72 77 27 24 43 49 68 30 9 99 98 56 73 65 61 70 49 69 30 32 51 55 45 15 33 73 73 36 84 79 11 45 16 22 64
26 13 65 36 82 15 6 58 73 5 71 59 18 0 0 59 75 86 66 69 33 70 41 52 86 65 71 62 12 85 33 30 83 93 10 70 28 68 85 95 72 53 89 46 55 27 8 69 66 97 43 10 27 99 73 59 60 46 72 54 1 55 22 23 24 51 6 73 21 37 66 60 44 44 76 74 16 50 91 70 21 99 53 50 50 44 75 45 48 73 97 43 81 99 52 68 32 53 66 53 94 25 94 37 40 74 23 44 58 40 42 77 23 83 36 4 47 31 13 48 16 38 77 39 51 92 31 8 40 79 73 93 14 50 43 54 69 36 96 59 21 35 20 64 69 29 74 67 79 78
59 31 24 74 30 33 78 65 19 84 89 24 84 76 18 0 62 66 31 40 79 70 15 60 22 32 52 55 53 25 86 45 97 75 99 7 43 79 39 54 21 5 3 33 35 80 19 69 75 69 1 16 91 54 32 6 92 0 67 24 34 9 24 99 4 42 88 37 58 3 18 60 52 37 42 53 68 36 88 49 3 94 33 96 64 21 63 14 79 8 46 59 24 34 83 0 38 57 79 52 71 73 29 28 53 42 22 65 68 57 52 61 1 76 97 12 68 42 76 4 92 49 52 58 3 61 20 31 58 36 86 67 81 63 0 28 79 21 2 61 98 81 30 24 34 21 76 73 2 32
42 57 81 2 17 89 35 27 96 66 8 91 44 5 87 38 0 91 93 53 90 69 76 23 17 91 41 74 66 65 58 85 75 20 56 69 80 25 35 86 71 30 23 92 67 54 55 22 28 31 27 59 37 56 66 33 19 80 36 20 31 51 76 47 70 47 98 24 88 65 83 95 40 67 4 66 18 51 83 56 92 24 40 57 17 79 77 9 75 86 54 92 95 58 70 6 65 60 44 70 0 35 91 51 20 98 67 36 31 74 80 14 46 67 19 49 67 99 21 63 8 27 73 87 67 70 44 64 25 94 13 53 72 8 24 29 23 6 95 43 73 37 44 55 19 54 44 67 35 9
73 43 7 59 69 7 3 91 25 85 76 73 36 49 13 49 93 0 76 95 84 57 80 71 63 69 63 26 4 2 25 79 52 71 73 12 97 43 21 79 94 0 32 37 25 87 27 7 2 0 7 92 1 49 0 85 50 90 88 53 29 66 16 9 52 51 75 84 2 11 77 93 10 41 26 99 29 38 61 2 67 39 22 76 74 81 63 5 22 17 12 83 68 42 19 72 81 52 83 18 81 99 18 66 78 81 81 71 78 53 91 29 98 98 38 6 37 73 99 65 56 53 64 61 13 79 4 96 11 41 2 94 27 91 48 55 32 87 29 75 98 26 25 57 38 73 61 51 98 86
41 25 55 37 70 54 54 96 44 80 39 66 2 71 15 68 37 1 0 83 59 24 46 47 92 26 42 16 43 66 53 54 14 97 49 80 9 32 4 56 27 1 2 26 43 18 72 10 91 43 20 86 27 56 86 86 92 47 47 80 45 91 51 30 36 85 56 23 43 96 75 59 68 53 7 64 4 43 50 29 15 59 10 6 89 16 81 56 46 19 33 7 30 89 78 79 63 92 32 23 12 64 69 81 42 83 37 72 26 26 30 83 96 77 2 0 12 58 24 46 29 45 19 87 13 65 14 28 65 89 8 49 67 37 51 84 16 63 7 69 9 76 77 74 48 4 33 96 79 91
97 58 89 82 98 52 52 35 60 2 61 90 1 45 43 43 28 60 17 0 70 78 33 69 45 89 65 41 15 65 4 78 1 55 5 88 58 65 54 40 34 50 63 77 74 62 53 5 42 85 62 8 75 0 88 94 58 62 54 87 59 74 75 47 6 41 92 16 46 82 12 58 51 11 39 66 59 57 37 96 35 1 15 3 88 52 44 75 78 75 39 75 57 86 43 97 6 87 82 19 76 20 56 5 4 9 83 9 2 56 54 30 41 73 73 47 90 57 40 87 46 1 1 77 45 65 52 57 8 16 0 28 62 36 24 44 79 69 53 1 93 98 97 92 9 72 51 93 69 59
56 43 98 92 73 51 45 43 28 58 2 13 40 43 28 8 94 1 25 43 0 17 13 78 82 48 86 32 96 2 81 89 94 17 62 12 29 19 51 2 0 87 56 1 90 70 51 63 68 63 50 66 82 40 57 64 48 76 21 85 80 10 91 51 45 91 44 82 63 44 87 88 80 82 8 98 77 3 6 38 32 74 13 35 56 42 34 51 31 65 87 5 31 51 12 79 53 33 70 49 72 76 78 16 9 45 11 63 85 60 62 75 65 9 84 19 70 34 80 2 89 62 40 46 51 52 20 59 4 14 33 47 18 42 51 60 4 8 1 65 96 64 5 94 60 13 29 53 87 15
31 55 57 42 17 26 75 59 84 20 62 1 98 86 93 66 25 45 49 41 22 0 94 16 42 30 3 43 8 36 31 0 67 42 46 15 64 53 48 79 49 74 48 10 87 46 4 77 63 4 29 25 46 22 83 28 50 75 22 40 22 80 46 86 4 82 33 75 36 63 11 21 29 27 13 19 56 25 16 42 32 84 76 31 34 45 20 83 82 85 96 23 51 15 0 23 55 7 55 26 32 99 4 37 46 13 46 70 89 28 52 5 6 17 0 56 54 56 48 35 15 81 18 16 97 0 98 44 62 20 66 77 52 40 37 65 60 27 2 87 51 46 11 45 69 88 6 24 6 94
10 81 87 50 62 56 88 73 4 77 15 51 16 73 25 71 74 22 71 71 46 37 0 42 16 88 89 26 17 49 80 25 5 65 47 13 38 71 51 65 12 35 57 72 31 78 72 28 75 2 73 84 90 91 84 1 41 30 93 74 8 70 14 91 51 35 45 61 39 33 13 46 70 73 34 14 76 97 42 91 11 14 77 93 40 94 48 70 14 70 65 53 87 67 69 54 91 21 40 58 14 68 98 4 95 98 77 82 98 66 58 61 0 40 76 84 30 92 87 7 64 97 56 42 71 31 90 66 18 4 38 0 22 17 12 32 15 34 95 87 72 23 67 64 32 37 52 69 16 44
56 17 89 85 82 43 15 22 99 38 11 15 43 38 74 53 77 99 26 65 67 82 52 0 96 85 43 94 83 12 36 20 12 71 86 25 8 98 32 94 99 85 16 39 11 67 82 58 34 96 25 79 34 49 26 33 8 63 13 0 19 24 90 84 43 31 74 75 85 33 84 86 87 86 25 17 28 76 10 75 55 31 35 27 28 80 43 1 60 37 84 77 7 19 34 35 54 39 79 13 42 46 43 31 32 8 50 82 19 69 37 67 39 55 26 36 62 71 74 9 30 58 52 79 95 20 72 1 72 72 54 95 48 14 40 74 85 75 81 87 41 76 66 97 76 49 72 75 45 47
52 79 90 27 40 67 23 72 8 35 80 42 45 41 75 57 88 65 66 56 71 95 26 69 0 16 65 99 31 80 89 55 49 3 47 97 4 62 19 70 18 80 26 23 44 59 14 42 63 91 61 91 52 69 59 54 88 32 22 93 97 0 80 7 99 98 52 81 88 37 83 98 17 41 26 45 11 1 95 65 83 37 52 58 60 16 97 97 11 64 92 66 71 3 47 69 79 77 56 90 30 90 55 96 23 2 1 67 8 82 38 25 83 74 11 93 47 32 12 11 80 50 50 10 73 97 9 87 19 8 91 83 22 37 12 31 8 84 53 66 42 28 88 60 29 76 84 83 91 64
36 29 81 32 63 83 23 93 73 72 99 9 34 0 19 97 0 0 15 23 33 4 70 52 99 0 90 47 87 17 68 98 54 21 69 63 37 26 26 65 67 79 74 32 82 70 26 58 40 41 21 21 63 31 26 34 43 20 89 60 53 74 38 18 20 28 75 69 75 76 16 71 22 81 24 57 40 93 14 44 5 61 33 29 39 10 33 41 37 65 49 97 51 20 67 38 92 51 2 97 27 17 17 13 24 32 58 13 73 45 63 70 60 80 87 0 73 22 79 60 39 41 96 86 28 75 36 77 45 43 80 20 71 52 93 18 14 60 66 61 58 60 8 85 55 17 68 32 38 39
77 66 72 70 99 66 40 54 80 60 13 36 93 5 22 39 54 30 60 22 21 88 18 22 98 57 0 50 55 79 81 47 84 96 91 10 34 36 56 56 58 82 23 60 84 90 85 96 19 89 82 53 91 46 69 82 8 42 28 0 17 82 6 78 43 92 88 84 90 95 56 37 30 94 34 87 76 19 54 59 24 71 56 47 1 15 24 9 77 85 76 39 44 59 99 68 14 6 26 50 4 19 63 89 61 9 2 65 17 57 4 88 83 23 11 23 31 28 30 46 30 70 35 14 96 87 65 4 28 8 30 92 32 74 2 85 83 31 24 69 59 94 32 38 84 78 24 61 98 20
70 47 30 65 96 8 94 77 67 48 40 76 52 2 94 43 35 60 37 91 79 50 11 2 1 57 20 0 77 2 87 95 58 73 5 53 17 6 61 54 50 80 97 0 27 7 45 98 99 83 43 12 94 41 54 75 13 55 57 93 66 79 8 73 63 68 30 38 32 69 63 55 33 96 99 96 45 59 30 2 18 48 29 8 82 28 26 86 27 31 33 83 35 3 74 82 9 13 28 36 35 54 85 33 1 44 17 2 54 26 50 47 29 69 31 25 2 22 49 62 82 81 65 1 82 48 81 66 95 87 3 72 89 58 33 72 49 37 22 40 65 15 46 9 56 99 90 96 23 28
77 73 41 79 8 11 27 19 76 27 28 44 4 86 65 59 61 99 54 67 8 0 91 79 72 88 63 75 0 55 65 78 56 23 71 76 78 17 55 1 15 29 75 8 5 81 55 40 87 91 74 83 81 56 88 29 3 83 84 61 85 22 81 15 97 84 36 53 4 92 79 50 2 27 65 70 59 72 67 27 82 48 77 13 17 65 67 77 96 62 43 48 11 86 98 97 31 57 21 21 76 77 52 10 5 90 65 22 89 16 65 46 59 4 18 71 11 60 54 86 9 84 18 3 63 58 71 69 45 53 90 99 14 84 53 56 77 54 86 89 39 47 66 70 33 46 88 2 11 47
39 4 16 12 62 1 14 18 22 3 23 86 18 86 89 77 94 29 55 39 23 80 97 94 5 60 38 43 60 0 81 98 63 58 74 6 34 72 65 49 54 91 14 37 45 97 1 92 68 75 60 30 29 8 6 61 19 74 43 97 92 49 29 12 54 16 18 97 63 35 60 74 24 70 77 75 78 87 88 7 78 68 56 14 82 1 88 77 24 38 4 22 67 67 51 67 79 90 56 2 27 58 20 89 53 40 92 94 81 55 35 83 33 84 11 71 75 13 29 91 97 97 10 23 62 65 89 97 65 85 55 77 85 48 72 52 68 3 7 19 59 62 24 10 4 66 19 28 31 92
55 37 71 63 25 8 15 82 68 20 6 62 76 21 81 26 22 14 9 27 54 3 19 23 40 22 71 94 84 99 0 95 84 84 56 62 27 76 2 41 78 20 16 10 16 2 44 80 92 17 15 56 58 92 44 66 45 82 94 19 16 47 40 38 25 85 81 13 42 64 33 64 0 38 78 91 97 0 29 35 53 57 67 47 7 27 38 90 75 28 0 89 27 75 88 18 4 17 19 38 63 29 16 0 83 55 55 6 82 55 88 16 31 54 50 29 87 80 85 79 29 91 37 86 30 46 27 37 2 81 26 91 85 59 47 39 31 30 3 68 85 89 58 39 15 64 99 93 45 74
38 91 15 19 45 51 6 36 23 91 94 56 42 54 74 59 39 27 98 27 76 63 90 29 99 32 8 9 81 65 62 0 28 65 88 51 26 41 8 82 83 2 79 87 6 57 74 50 34 98 3 94 25 15 51 0 88 94 14 78 26 70 2 11 59 83 89 44 28 12 7 41 16 61 42 31 86 61 48 36 2 56 43 49 76 10 97 28 5 41 15 86 60 3 60 31 13 37 91 89 29 55 49 63 85 71 46 72 60 23 64 49 94 60 95 67 39 58 68 79 96 63 15 27 39 65 4 33 49 60 69 82 98 46 77 18 34 93 50 45 13 73 26 82 79 38 80 16 96 40
21 43 56 47 93 30 35 38 88 41 81 39 35 32 61 36 77 93 40 17 55 57 87 25 56 22 25 93 57 16 60 47 0 96 84 84 38 9 39 78 59 3 69 56 39 68 14 79 45 17 5 92 19 16 27 63 89 80 45 88 19 74 73 75 85 54 72 6 84 0 55 90 14 10 60 38 57 38 34 96 22 80 88 17 98 58 12 10 55 56 47 45 57 32 40 55 70 0 82 42 49 54 47 34 10 94 79 0 58 89 65 35 11 57 78 31 30 0 37 86 34 53 61 61 63 69 63 74 8 48 23 60 4 69 91 22 29 90 42 63 13 90 95 1 98 17 7 33 50 40
29 5 51 22 90 2 10 77 14 42 68 99 19 37 53 15 37 38 99 91 36 59 36 65 81 44 33 72 86 93 57 77 4 0 50 52 10 65 31 88 65 94 11 60 45 66 8 10 75 50 30 13 5 87 2 34 92 10 57 48 9 52 28 60 52 49 75 76 48 70 84 15 53 76 60 48 10 65 98 12 92 19 15 29 87 41 37 11 5 38 49 83 82 75 27 19 82 23 26 69 0 83 60 79 13 85 50 15 64 47 54 73 33 72 7 33 33 48 26 2 97 44 47 31 54 67 54 51 70 9 80 25 70 50 55 11 99 71 35 74 38 17 77 74 57 55 16 86 75 66
94 85 34 64 25 2 47 21 66 69 55 64 30 68 75 40 94 4 39 75 1 54 83 3 20 81 73 73 2 18 50 62 96 40 0 15 58 97 70 76 79 3 90 88 8 37 66 25 98 36 21 31 21 90 53 57 11 99 64 13 31 30 47 92 87 33 86 53 97 87 24 58 5 9 99 77 18 61 30 47 0 32 91 70 74 77 96 25 17 18 19 35 70 4 35 70 96 61 97 91 6 55 10 15 75 81 41 94 52 17 6 10 33 4 76 55 8 25 2 59 22 91 25 86 91 97 33 5 62 69 71 57 0 35 82 33 6 13 33 19 11 90 40 8 88 84 98 90 37 3
78 42 11 27 73 23 34 91 92 41 90 3 46 23 5 75 26 8 71 95 64 89 57 92 24 42 76 88 13 17 45 40 14 4 92 0 48 22 45 57 16 65 64 10 77 96 63 59 93 20 51 15 48 0 72 60 72 60 15 29 14 66 88 25 22 2 51 63 44 88 47 35 79 44 44 8 39 4 92 75 60 39 34 72 71 19 8 99 25 42 10 84 96 0 80 74 38 72 73 63 56 69 9 11 55 87 8 20 14 35 67 59 90 51 22 6 26 59 51 33 89 18 94 69 54 92 40 77 67 9 8 66 3 24 41 88 19 57 91 83 18 83 44 99 64 71 69 54 53 28
78 51 9 1 36 92 47 20 32 19 40 15 64 35 98 1 35 72 3 78 68 77 76 86 59 20 94 23 55 54 81 8 9 64 26 91 0 92 3 92 94 30 89 53 65 58 96 6 3 29 38 7 59 40 82 82 26 61 30 39 65 86 55 73 25 36 17 99 21 78 71 72 33 6 16 90 28 34 72 98 74 38 17 35 59 92 14 38 45 29 59 38 97 39 48 25 42 63 60 48 34 21 6 64 36 68 97 81 31 44 80 33 31 93 39 95 78 44 82 24 74 79 55 16 71 27 6 63 74 47 66 68 34 30 96 62 51 93 3 34 12 22 77 3 31 5 46 45 81 1
23 16 99 67 39 56 71 25 20 92 59 28 20 26 96 95 79 20 39 67 27 19 27 90 48 31 35 95 7 95 98 80 28 11 76 76 5 0 10 44 77 2 68 64 93 85 51 3 69 27 43 30 35 72 43 23 23 6 42 47 2 65 17 53 84 9 28 6 6 41 53 65 41 64 69 42 83 18 70 97 94 47 5 51 28 7 38 40 45 48 90 5 44 36 14 93 66 10 28 83 13 23 5 13 67 89 2 20 81 86 41 2 50 14 86 26 94 66 84 41 83 97 57 34 28 91 95 3 23 38 66 19 46 82 3 32 19 1 11 66 76 19 90 66 7 63 11 96 9 83
70 4 1 74 8 26 24 76 29 49 42 6 64 10 86 91 85 94 30 39 65 47 13 65 7 65 43 6 12 69 81 27 67 67 22 81 90 2 0 41 66 61 15 99 84 75 28 1 79 50 64 41 19 48 98 44 80 71 34 84 44 39 62 27 23 77 75 96 35 95 37 94 63 49 5 93 19 22 98 53 24 16 75 29 97 93 65 54 92 47 40 77 38 98 29 77 5 35 85 17 18 70 11 94 20 79 20 57 85 50 38 64 20 31 77 60 35 21 12 78 91 75 15 29 87 24 87 80 88 96 45 67 43 74 25 51 71 6 37 71 60 32 89 57 69 13 80 16 70 53
65 96 6 43 79 18 83 30 83 27 43 38 59 9 15 76 74 8 44 52 52 33 68 45 22 52 63 46 85 63 96 25 21 55 76 31 38 58 41 0 6 59 34 86 10 54 58 77 55 85 9 91 5 60 8 19 89 6 39 89 52 58 28 33 58 42 34 69 13 68 79 44 91 58 45 92 38 16 83 99 37 22 7 9 71 49 75 34 28 38 28 6 37 1 3 76 2 0 63 26 95 49 5 97 49 8 99 57 95 42 28 50 36 74 4 5 93 63 80 85 50 30 85 42 13 22 2 1 92 39 57 83 70 91 59 93 55 90 42 47 57 84 2 10 76 28 12 42 12 7
2 96 27 47 97 3 71 88 94 1 70 5 55 82 96 45 1 74 30 14 9 71 42 57 22 45 77 87 2 56 94 18 38 70 99 80 87 62 13 96 0 58 53 41 6 14 74 17 70 27 45 46 92 82 51 36 2 5 93 45 85 35 45 79 73 47 95 71 13 53 80 8 26 96 88 14 86 34 14 70 17 93 21 56 82 98 63 82 1 5 81 51 22 7 82 77 44 8 69 30 57 37 46 87 54 1 89 13 55 9 97 7 38 28 56 81 69 89 14 20 18 49 88 20 44 74 17 88 46 26 55 55 84 2 43 89 73 93 90 92 11 98 95 54 89 38 38 45 97 18
99 39 32 76 59 86 50 65 80 32 90 7 38 76 14 62 99 87 78 86 6 49 9 82 47 24 24 8 76 76 72 89 51 15 26 75 87 6 23 94 48 0 73 39 77 30 91 13 86 81 39 25 3 71 0 5 14 57 0 72 15 3 7 72 29 8 64 37 49 9 94 98 81 89 40 52 74 60 65 21 83 72 36 52 89 70 40 79 40 85 72 10 9 51 86 97 63 9 60 85 1 8 21 26 94 77 60 92 96 42 68 39 28 16 4 1 75 83 8 89 98 40 86 66 64 24 54 32 34 45 43 31 3 24 81 58 82 43 10 85 32 56 49 97 6 64 48 44 92 42
65 33 25 32 7 26 7 77 91 35 39 51 0 46 94 15 57 4 65 18 58 20 5 57 40 95 10 16 16 35 71 15 38 57 3 82 34 0 59 69 75 58 0 92 16 42 71 37 19 36 94 66 30 91 1 79 51 18 79 18 54 34 93 43 68 85 32 96 86 76 59 58 21 42 16 5 20 32 45 90 90 73 90 30 80 53 21 81 83 29 38 71 46 12 19 76 51 95 75 14 95 66 34 27 33 9 30 22 29 6 3 74 2 48 83 61 51 62 99 88 82 98 82 25 25 45 85 42 79 60 9 5 20 54 67 56 24 71 54 27 32 45 39 69 60 83 76 79 72 16
63 67 88 31 99 94 94 28 79 14 49 42 41 53 88 21 59 54 60 79 98 75 13 5 87 8 25 8 52 36 40 51 34 37 86 90 17 22 54 39 43 12 23 0 14 27 47 77 72 86 52 60 65 16 74 55 93 50 84 29 69 19 37 37 21 63 71 43 76 22 55 68 56 10 11 79 85 9 40 41 88 9 64 95 25 95 49 72 81 90 65 72 56 67 1 13 48 97 32 88 80 48 96 62 67 94 54 78 11 41 41 31 20 81 96 57 1 59 7 61 72 19 51 63 11 85 82 48 84 82 6 95 15 60 2 35 20 65 30 6 63 36 43 82 43 28 10 3 21 32
0 64 59 87 74 2 42 91 20 50 97 77 64 5 44 95 59 39 20 20 64 76 32 6 33 18 86 77 79 12 26 25 29 10 51 25 95 89 65 48 83 9 51 28 0 40 2 94 61 57 59 7 85 13 70 40 71 79 43 58 23 88 32 60 64 34 60 89 3 79 8 25 43 66 99 2 47 4 28 74 76 26 72 65 80 41 48 10 46 34 76 53 17 52 30 27 64 7 69 37 58 34 32 57 56 37 70 9 16 3 97 96 61 82 42 85 60 34 24 91 0 23 30 97 72 76 69 8 19 92 45 9 45 20 66 93 60 19 56 21 0 49 68 35 11 25 19 88 43 41
64 70 98 4 72 67 83 71 4 50 52 55 89 51 68 38 73 55 7 77 62 29 22 72 63 93 92 90 26 4 45 32 46 94 67 21 60 92 72 1 34 33 14 91 6 0 85 78 63 6 93 88 67 99 40 97 29 58 48 17 59 58 80 45 36 5 34 44 59 44 57 4 77 16 21 64 50 4 54 8 72 20 32 20 12 25 86 35 24 89 0 29 98 97 81 95 92 41 51 93 80 78 54 80 6 2 60 46 25 64 87 88 14 89 17 85 51 35 26 43 50 20 98 50 80 60 78 86 15 41 71 17 71 65 25 76 72 87 78 98 95 21 88 53 92 47 46 8 91 44
89 7 66 50 60 24 41 37 74 72 40 33 97 27 96 11 41 24 94 73 11 85 75 71 31 62 82 95 61 68 8 86 53 7 6 53 17 36 32 67 6 83 95 64 30 88 0 56 61 83 27 15 66 56 74 30 12 35 16 87 19 75 77 52 12 86 69 81 82 0 42 30 59 91 41 12 71 91 41 86 95 39 53 73 43 66 43 48 48 34 44 58 32 70 42 13 46 79 96 99 61 40 55 33 83 84 5 33 15 34 11 54 60 83 70 23 85 93 42 20 44 54 82 37 46 31 42 46 46 29 18 59 71 69 61 13 22 5 43 89 4 32 34 62 44 17 93 54 87 89
34 66 56 9 79 84 64 24 90 38 27 43 31 49 24 20 65 73 74 1 5 36 38 68 14 37 19 19 73 92 10 5 46 37 90 78 90 62 13 21 64 69 26 59 16 30 60 0 57 99 45 81 68 66 11 77 4 78 8 95 89 84 30 17 71 32 74 67 12 70 43 56 24 80 82 12 4 73 76 56 33 22 63 72 82 86 36 53 54 1 3 13 13 16 20 18 4 59 89 38 63 68 9 1 45 2 39 12 95 57 47 91 65 69 32 0 3 63 31 42 18 94 66 53 80 71 93 30 57 0 82 29 11 66 48 75 89 31 63 50 17 15 53 89 58 68 73 80 67 74
80 11 61 29 58 71 53 38 15 56 49 40 82 30 19 35 44 59 97 99 39 26 83 95 75 90 63 46 58 57 77 21 32 47 84 9 11 71 65 4 56 60 60 91 13 84 9 90 0 93 93 30 87 10 77 95 33 48 27 34 59 62 89 85 82 65 42 53 65 47 43 52 71 26 90 21 94 21 82 60 95 92 31 26 38 74 3 33 92 8 95 49 38 9 17 45 87 68 21 99 23 77 88 39 70 53 15 13 96 48 71 68 3 89 54 97 17 0 31 64 89 16 60 24 68 56 56 11 46 2 82 21 44 97 38 56 72 75 73 2 45 53 24 65 76 45 58 61 73 92
90 45 18 8 41 33 33 93 51 69 40 67 2 27 27 11 75 36 28 59 2 42 93 25 13 73 16 42 18 16 49 11 81 74 85 47 18 18 10 55 38 15 57 69 58 70 99 69 50 0 2 12 67 20 78 60 55 92 96 62 87 22 74 52 40 12 52 96 43 4 76 70 55 65 69 32 85 78 3 43 65 90 64 38 98 80 10 89 70 21 26 45 78 81 47 9 24 84 42 88 45 92 34 95 4 44 0 44 55 15 33 93 74 28 51 65 88 28 48 60 94 32 13 27 76 16 19 91 37 68 98 55 68 33 83 20 47 27 49 70 57 86 48 80 18 22 77 93 31 89
34 59 94 2 93 59 88 32 63 34 30 91 57 63 24 34 30 77 53 10 29 90 40 10 71 33 97 84 33 85 0 96 83 85 62 11 38 64 18 72 67 78 30 89 12 32 99 31 57 11 0 80 21 53 22 52 5 33 3 7 53 24 39 10 52 57 82 98 83 97 41 29 28 67 35 96 68 49 53 15 77 48 67 11 19 53 81 10 41 53 94 69 46 32 53 0 86 28 16 85 33 14 90 7 55 98 24 72 81 43 77 91 64 61 27 90 7 15 0 57 0 76 24 92 1 42 37 34 11 34 11 38 80 62 83 75 85 16 87 92 97 28 36 19 18 82 96 27 92 7
87 93 59 84 89 63 48 11 35 27 1 70 1 7 71 25 92 51 68 45 7 2 0 37 18 92 28 58 64 26 23 30 15 15 62 14 52 73 56 9 95 45 86 3 43 35 65 90 43 40 69 0 7 50 48 49 26 91 60 76 31 51 47 26 23 54 88 16 62 78 92 27 24 36 30 82 87 33 52 53 97 61 12 82 40 64 5 51 78 49 76 63 6 40 77 17 98 68 10 30 28 38 84 10 73 86 8 18 87 80 50 7 57 30 22 43 96 57 68 31 16 39 47 32 88 17 51 15 7 3 98 29 15 41 27 44 28 61 7 23 14 16 91 42 19 3 61 51 86 41
84 39 68 83 49 20 65 71 93 2 89 60 80 92 60 39 16 92 64 36 92 97 53 91 9 52 87 24 85 90 16 48 49 23 34 68 51 19 12 20 59 45 9 29 34 26 52 46 69 70 98 46 0 36 21 77 19 8 8 50 78 87 83 85 94 94 15 13 92 17 87 12 95 16 39 43 99 19 10 59 64 82 17 75 28 97 91 36 90 1 47 79 27 3 46 42 36 75 39 65 30 64 85 19 25 86 83 62 51 20 31 48 44 95 58 78 28 57 89 45 26 86 42 65 24 27 49 77 6 67 20 16 66 95 8 26 91 29 88 58 4 38 51 59 12 14 59 38 18 95
4 98 67 99 74 59 44 67 40 54 5 93 76 94 9 89 74 53 10 84 32 45 79 62 41 88 20 86 56 48 14 72 8 27 18 84 51 67 72 7 89 90 44 52 35 10 3 24 61 83 21 4 19 0 55 98 59 67 29 77 74 14 90 99 30 67 36 32 21 9 13 73 47 92 40 96 83 48 20 4 22 18 57 97 49 72 82 76 75 49 78 8 80 75 80 91 51 78 0 29 23 40 14 19 82 33 27 77 15 32 88 77 1 70 36 20 40 71 96 55 23 2 50 81 45 88 81 39 95 61 24 36 20 20 12 29 76 40 21 49 48 32 88 81 51 72 53 93 72 58
27 52 86 3 83 26 73 95 15 98 34 55 73 39 28 49 64 9 61 51 25 90 3 58 33 19 43 93 5 9 61 92 32 34 65 19 6 55 45 90 79 88 66 93 34 12 41 67 72 42 17 40 15 97 0 54 95 65 9 97 34 56 74 8 61 92 72 91 45 30 82 77 74 65 0 53 65 45 62 61 11 84 37 19 29 54 21 75 37 94 51 8 81 90 66 22 19 71 84 37 7 52 27 65 87 68 9 86 46 51 67 72 12 28 26 22 36 88 28 72 41 14 53 72 5 97 27 36 0 37 1 49 36 55 50 22 44 33 13 98 3 3 68 77 90 49 46 13 11 15
90 10 83 8 89 66 63 31 17 92 17 25 73 40 60 20 41 69 53 76 44 98 3 54 55 84 5 16 76 13 23 90 79 78 24 88 0 63 58 15 22 12 62 70 44 46 63 96 53 8 5 86 32 87 32 0 53 87 64 10 92 72 9 39 65 34 95 44 82 64 92 4 28 25 5 89 39 3 53 97 83 95 73 79 6 21 97 95 36 92 24 5 12 56 3 33 76 68 87 22 5 56 33 10 25 56 62 98 62 71 82 78 64 82 88 68 87 2 31 80 53 7 98 85 58 38 92 47 9 84 76 14 0 40 31 86 70 98 35 79 12 36 74 93 0 78 23 81 42 52
98 42 35 72 1 55 11 32 8 15 72 70 10 45 6 46 86 7 13 60 24 82 8 28 55 6 81 45 35 31 79 33 5 21 57 18 40 35 31 8 7 2 62 72 23 29 52 20 26 66 27 82 8 28 56 12 0 8 7 45 62 9 6 82 30 24 74 23 18 6 22 92 81 25 5 65 92 50 62 48 28 58 75 3 14 70 64 29 30 92 91 52 33 93 79 95 80 72 16 24 55 34 42 65 54 27 22 14 99 23 67 5 30 0 42 98 55 21 91 39 91 46 67 84 41 15 49 84 87 36 31 19 95 31 42 89 2 51 32 93 73 85 0 90 7 96 42 21 61 87
49 66 95 67 43 78 69 32 18 68 68 45 41 28 68 10 41 93 83 49 43 71 40 13 53 65 6 90 59 47 37 42 24 22 57 92 72 96 10 2 56 62 63 47 38 61 15 29 96 5 85 39 37 82 8 27 25 0 39 47 67 45 35 42 39 24 81 75 57 27 68 74 26 84 15 58 51 1 31 82 14 78 96 57 64 81 50 99 54 76 77 31 69 57 14 1 28 77 97 67 64 85 48 87 42 36 38 33 80 51 74 51 31 60 25 69 21 8 50 9 51 72 6 43 85 2 67 17 30 60 85 25 34 44 38 49 4 39 56 81 62 16 96 47 22 61 44 73 16 29
36 40 75 45 2 52 61 86 25 50 98 11 55 77 15 16 9 84 71 32 29 2 41 55 5 26 99 55 91 81 30 88 4 9 44 38 3 24 47 40 20 72 8 70 60 39 42 29 43 43 93 52 42 24 88 23 54 45 0 21 53 22 58 62 57 60 95 53 47 3 37 2 65 85 50 81 34 19 45 44 87 61 22 23 82 23 92 17 16 74 20 6 34 34 30 52 95 12 95 5 15 54 45 15 95 10 29 86 60 10 1 92 15 50 3 99 43 4 70 2 61 66 51 28 91 81 2 71 29 19 65 29 18 93 3 64 13 30 38 64 73 11 96 1 12 92 63 6 0 68
44 69 64 61 90 26 71 50 92 86 58 98 83 9 71 83 85 77 42 56 87 45 44 79 40 8 22 19 89 38 67 83 68 72 57 25 66 80 55 13 78 65 9 55 73 97 1 87 25 81 5 19 93 2 84 56 87 82 44 0 17 25 35 43 86 53 1 88 6 90 52 15 50 18 47 49 87 36 29 38 71 34 41 92 43 0 6 19 82 92 16 11 11 88 90 73 21 6 56 22 56 81 60 16 40 59 51 3 0 2 69 33 18 11 19 25 81 39 35 85 2 68 42 24 90 24 53 55 3 27 95 97 80 84 41 55 9 36 82 33 60 2 62 42 20 74 86 11 65 92
15 82 40 49 68 22 65 71 58 12 76 52 96 68 1 14 2 77 21 33 82 78 48 63 27 44 44 81 9 61 98 31 26 71 20 72 49 67 65 38 28 87 21 69 6 73 40 99 38 10 17 99 52 26 23 94 47 43 45 20 0 31 13 37 50 96 83 67 18 94 4 75 73 61 90 78 1 27 68 20 79 37 86 38 56 54 57 36 52 35 95 31 4 40 59 40 57 16 95 90 40 25 63 31 79 44 42 92 26 83 8 41 89 78 18 23 97 24 72 23 94 71 41 70 37 69 98 52 65 17 48 62 13 41 4 87 68 31 16 67 73 33 51 54 75 22 6 17 4 28
88 28 51 35 70 55 42 76 87 31 60 98 57 15 99 61 2 48 96 99 95 89 42 8 52 10 22 23 18 65 53 38 97 42 28 56 73 0 32 39 81 44 70 56 82 90 83 47 87 75 29 55 62 12 39 64 50 24 9 53 74 0 82 64 2 46 45 92 54 98 82 82 60 49 44 28 40 44 18 7 76 44 29 30 65 20 57 88 4 55 23 85 63 22 76 98 23 76 27 10 52 72 76 38 1 68 58 49 18 0 94 90 87 14 2 48 4 15 87 55 95 52 91 27 74 29 47 12 89 25 7 77 86 79 86 60 80 1 58 30 14 95 90 69 58 29 65 2 27 7
14 49 5 44 11 95 96 26 17 85 30 91 53 63 57 93 17 49 20 92 96 75 18 18 49 51 91 33 45 10 91 57 83 84 88 16 70 29 79 49 59 9 43 47 1 45 15 52 2 88 97 47 51 3 36 10 73 57 43 85 96 48 0 39 91 71 38 82 65 94 63 90 9 14 48 75 92 0 31 28 46 7 8 7 60 13 30 44 34 14 16 45 60 40 55 40 32 54 92 71 85 28 92 58 52 25 64 93 37 82 14 50 1 0 15 22 40 56 54 19 83 52 74 15 22 89 10 91 6 50 31 45 92 21 53 10 96 49 19 57 77 76 63 62 98 88 17 42 27 35
97 4 35 25 91 44 28 22 8 84 52 56 97 45 92 57 18 19 45 62 22 4 95 46 45 16 15 74 90 30 47 73 72 10 34 52 33 79 58 13 59 59 44 90 88 45 46 44 35 60 96 92 76 39 71 95 30 45 70 86 11 74 82 0 41 78 54 46 87 31 81 69 90 50 34 73 94 42 41 41 57 55 45 49 70 21 12 7 61 90 1 54 22 50 20 67 52 0 77 36 73 76 82 37 92 84 68 67 65 16 73 18 24 47 28 45 10 15 52 18 71 23 48 34 51 10 43 86 7 84 7 13 36 74 34 86 73 96 27 48 89 3 56 76 54 74 7 3 61 22
25 43 89 67 74 81 3 28 15 42 56 24 99 76 94 40 82 45 13 2 21 91 41 82 37 87 87 24 27 13 81 17 88 18 73 75 72 27 18 70 43 58 34 8 39 6 69 64 40 94 31 17 20 69 17 96 95 13 28 41 50 12 61 71 0 21 48 72 17 1 27 95 17 1 69 61 47 9 83 19 87 14 96 14 16 1 67 51 36 74 75 41 18 42 37 70 1 30 1 60 75 26 29 62 59 30 67 41 65 10 60 13 16 3 24 16 23 35 87 99 86 39 1 25 89 7 75 74 0 46 4 93 93 63 25 33 28 11 12 83 89 8 94 44 54 56 87 35 82 3
25 50 51 71 76 39 23 50 61 99 80 61 54 91 58 27 92 75 50 92 44 32 94 3 51 94 62 49 11 41 55 82 82 77 52 74 67 77 24 78 4 73 0 47 82 75 51 89 27 9 78 24 80 6 66 28 55 19 29 67 65 95 33 58 25 0 26 62 49 22 8 4 62 86 18 11 95 96 86 10 90 53 48 70 27 25 44 25 57 0 79 41 65 4 87 9 87 92 60 17 39 28 41 90 90 2 40 28 80 72 91 66 35 71 37 58 49 4 89 37 67 68 3 71 69 36 57 95 98 26 3 96 14 52 93 61 40 3 93 15 15 93 91 11 59 10 49 95 39 11
29 5 80 72 95 15 82 23 45 29 69 46 23 7 50 26 56 74 68 29 46 74 74 45 6 44 47 86 89 29 94 65 32 74 6 97 15 8 32 34 77 1 98 43 62 6 58 73 95 38 39 90 5 97 92 16 21 34 26 2 29 62 76 71 39 50 0 34 13 23 58 4 45 25 19 35 61 78 21 15 6 14 79 97 52 51 84 33 62 80 2 2 94 44 14 7 52 95 62 59 58 62 44 98 69 82 91 48 91 89 6 26 61 56 26 1 19 29 55 51 1 78 90 40 24 20 36 13 78 61 13 91 10 88 19 1 64 45 31 89 85 81 86 21 43 99 8 19 33 67
77 64 31 85 47 85 80 69 12 11 35 86 54 77 69 33 12 25 11 79 53 29 19 97 18 9 4 31 39 94 74 33 36 13 50 22 95 57 26 99 6 6 38 54 23 49 19 19 51 87 54 6 93 45 55 42 88 91 13 16 43 36 83 94 4 91 64 0 68 49 34 59 21 23 70 49 97 69 87 9 64 70 63 88 13 16 17 24 4 94 14 5 69 82 22 85 35 92 49 82 43 48 65 15 65 51 87 17 20 69 15 46 27 42 52 5 71 6 23 51 77 69 64 75 23 98 90 54 11 60 97 81 49 92 70 67 86 84 35 43 46 9 49 96 78 18 75 88 50 53
53 80 44 22 71 29 68 98 43 32 62 46 50 4 33 94 8 33 3 26 78 80 41 42 13 2 55 34 1 51 2 65 41 36 50 5 94 25 78 63 66 85 46 5 43 14 91 78 40 52 71 14 98 88 89 77 3 51 68 43 39 20 15 16 41 67 91 81 0 81 35 59 99 13 95 52 20 48 77 41 41 11 23 94 22 59 5 34 89 26 32 4 65 4 95 23 13 75 69 17 75 13 3 13 28 77 32 40 61 41 91 17 60 38 48 42 65 42 98 45 28 55 71 43 49 85 76 99 71 35 88 95 8 50 67 51 8 36 58 61 1 4 60 80 82 87 16 14 87 41
37 48 80 40 98 2 46 14 98 93 43 81 60 25 49 70 51 62 97 59 65 83 58 97 98 99 25 62 8 0 70 63 67 37 61 87 63 67 76 78 8 80 48 59 3 42 66 76 82 40 74 97 89 84 56 37 53 8 93 1 76 49 93 60 79 22 73 91 95 0 27 56 9 3 11 5 61 39 36 94 90 6 72 75 7 25 30 35 51 16 94 51 47 33 77 54 29 38 9 16 62 97 94 4 11 57 75 48 96 8 81 79 32 46 54 10 69 93 96 89 60 45 14 16 5 10 13 39 10 16 37 5 63 84 60 56 27 66 34 45 20 52 35 64 65 95 19 99 57 42
42 53 41 65 73 53 97 3 42 51 3 27 39 48 85 45 88 43 92 43 31 43 50 12 72 86 40 42 77 16 7 30 56 93 13 43 71 19 10 74 86 50 6 68 72 11 26 60 57 61 10 35 9 77 52 48 3 88 29 7 88 91 47 68 29 66 37 24 85 27 0 90 0 35 31 30 12 77 0 3 44 62 26 72 86 93 94 2 58 73 4 24 38 62 94 61 94 60 26 87 55 74 74 60 55 92 45 78 20 43 49 78 24 65 43 62 17 40 59 13 84 48 33 12 43 73 53 39 28 67 70 95 87 28 41 80 99 19 90 47 16 1 65 81 28 83 61 73 43 93
9 19 30 77 64 4 5 46 17 71 65 41 7 20 33 88 64 38 41 79 32 63 77 88 14 56 91 76 48 39 42 33 76 52 72 59 55 73 0 97 15 1 70 35 70 41 0 2 87 89 65 24 71 81 16 73 39 0 81 20 71 72 31 95 92 77 59 24 15 0 99 0 23 96 55 55 23 88 64 15 20 15 97 88 31 62 45 44 3 12 88 33 51 79 64 39 30 35 41 98 44 42 21 48 37 98 26 0 8 52 96 99 17 87 66 3 95 71 47 45 67 18 91 96 38 58 38 28 39 72 70 77 16 68 43 7 59 46 22 41 3 92 28 76 40 45 5 0 33 60
90 82 17 19 7 70 74 41 24 84 77 43 1 30 28 7 8 24 5 91 38 51 91 19 8 27 12 59 44 18 54 82 20 50 2 28 84 83 49 54 41 54 92 34 22 29 79 20 63 10 6 74 59 40 33 86 74 96 55 51 11 26 62 98 43 53 91 93 43 10 70 88 0 86 56 13 17 97 24 11 30 56 29 31 97 50 2 22 19 45 24 4 10 59 28 65 68 14 19 4 51 64 75 25 92 33 51 93 6 26 6 25 73 23 97 95 73 71 4 26 91 77 56 52 77 9 12 89 7 30 18 39 13 77 88 49 51 8 99 78 98 36 92 53 38 74 64 67 80 83
80 29 29 45 23 55 32 12 2 22 73 31 49 91 93 97 46 96 95 31 14 65 68 48 67 79 58 53 62 6 6 17 43 15 60 69 71 43 89 70 32 15 86 37 90 0 5 14 77 35 4 4 90 45 46 93 69 98 15 77 26 84 95 79 94 96 74 64 82 25 74 35 24 0 67 96 22 61 27 51 37 80 90 82 32 5 90 65 69 24 11 27 26 33 28 91 92 97 96 58 47 30 49 99 68 22 27 13 34 71 95 17 27 4 68 17 88 75 51 51 19 93 50 49 41 83 70 78 18 98 45 42 46 13 87 57 35 39 0 45 36 88 59 86 88 86 38 25 39 4
64 44 50 50 99 72 61 37 83 7 82 70 55 18 45 56 73 48 69 61 14 53 98 62 97 0 13 47 14 25 97 55 70 76 88 25 22 91 20 50 20 69 11 12 40 50 46 76 95 61 38 65 2 47 98 83 57 44 21 42 22 77 93 34 10 5 10 51 77 21 57 76 49 76 0 83 85 24 56 39 10 87 84 22 3 79 55 76 3 16 39 12 30 78 37 28 62 29 72 67 7 73 32 97 7 11 5 67 25 63 86 36 94 88 81 42 41 4 31 16 49 23 5 70 73 42 19 21 26 46 91 70 77 68 29 17 97 7 29 58 76 58 71 82 98 87 62 10 80 57
77 11 92 59 93 70 25 90 6 93 98 88 21 54 12 38 68 35 73 70 67 48 9 83 21 77 47 6 50 46 41 2 17 38 15 98 30 52 7 73 8 56 52 7 20 36 14 84 65 67 3 26 96 97 11 50 1 14 27 33 1 30 35 7 61 47 14 4 76 32 2 42 58 28 62 0 27 30 6 46 24 15 67 92 23 84 6 10 2 5 82 96 2 67 43 97 79 14 25 30 71 41 3 11 79 2 94 12 57 99 73 85 96 19 51 84 18 32 15 53 48 83 63 94 25 49 93 81 44 62 46 12 44 3 88 54 72 93 82 94 38 21 35 16 11 52 38 17 6 26
68 14 1 98 86 22 68 68 64 98 35 15 76 99 93 41 37 4 37 0 2 63 80 36 80 82 76 36 98 92 2 57 50 35 32 36 54 23 29 31 21 80 34 29 88 65 85 85 86 33 63 23 89 97 85 45 32 99 95 68 30 73 85 6 71 25 80 67 90 10 34 67 27 51 96 89 0 72 96 60 44 26 80 21 66 72 4 43 18 12 48 99 98 39 60 29 92 25 1 79 64 41 98 95 60 61 50 67 6 42 30 31 95 77 35 18 92 38 67 82 86 82 95 5 88 32 33 25 60 66 28 46 9 16 83 82 5 58 64 17 23 19 35 99 5 85 72 53 25 37
89 18 80 95 41 67 26 67 74 68 69 38 96 57 25 30 14 55 32 77 5 35 50 11 35 35 9 9 9 68 89 97 69 80 25 22 23 33 34 29 12 61 79 24 39 80 17 2 16 14 43 85 58 24 23 93 22 27 9 21 75 82 73 91 73 39 4 47 40 56 58 15 96 38 4 53 67 0 34 88 49 21 72 75 8 61 23 43 86 50 48 36 43 29 9 4 98 58 0 44 72 80 12 58 12 85 64 70 10 75 12 44 0 10 89 53 74 65 4 52 44 30 37 93 55 54 74 60 40 90 29 0 33 58 90 65 36 78 96 17 21 3 2 32 14 72 29 2 92 1
6 74 56 98 16 87 74 22 66 77 97 15 84 86 75 60 64 99 50 61 17 7 89 1 94 29 88 32 58 78 10 7 79 52 79 38 28 72 69 19 7 32 32 51 92 1 42 79 90 55 38 14 4 31 99 30 79 77 19 51 86 37 58 71 48 38 44 18 52 7 39 67 7 38 35 47 53 55 0 65 12 10 54 59 27 32 40 88 99 77 52 55 41 1 13 84 86 6 20 10 53 96 62 89 71 6 52 94 16 47 84 87 95 12 97 48 20 66 3 34 58 20 2 44 88 67 14 31 20 4 2 7 1 25 15 50 10 63 27 49 90 37 25 21 71 27 38 70 75 85
34 90 78 42 43 23 24 23 28 10 12 52 75 77 78 34 50 98 91 24 94 39 35 43 98 32 77 92 87 81 70 98 52 85 84 5 59 16 36 38 77 85 68 73 20 27 48 45 60 83 63 20 4 87 62 49 20 24 83 55 66 90 27 82 85 98 73 64 20 88 62 34 32 4 45 78 76 58 43 0 18 97 92 36 90 36 57 16 96 77 3 12 17 21 46 34 68 70 61 93 56 54 31 18 45 68 65 15 65 82 40 16 74 46 38 29 71 97 26 69 88 37 9 78 9 81 74 77 41 53 19 42 56 93 61 71 6 60 59 82 47 60 68 58 9 12 86 80 78 78
33 66 39 67 65 21 49 19 81 54 65 14 1 11 97 60 5 90 68 8 20 72 74 44 33 83 59 96 83 57 22 45 4 55 26 38 75 19 1 60 20 24 88 93 14 33 54 84 96 18 12 29 42 96 27 80 75 87 74 88 1 74 78 30 71 42 0 98 90 83 10 42 94 55 32 3 27 38 50 33 0 82 13 49 40 34 37 36 12 66 26 21 52 40 1 25 41 59 7 94 89 7 97 74 4 5 58 99 31 83 69 95 41 46 56 89 74 88 79 14 11 77 41 58 10 12 22 95 46 15 4 66 38 82 78 94 1 35 83 86 8 23 77 73 75 61 52 76 49 28
51 49 95 0 83 60 95 81 62 85 47 85 77 44 91 79 29 1 5 53 70 90 5 42 94 19 41 20 99 56 38 39 21 3 75 86 78 79 9 5 83 46 82 10 91 41 23 22 49 27 54 27 17 80 89 48 3 87 6 6 93 50 40 43 29 79 89 46 31 17 30 71 48 47 37 22 5 3 4 2 78 0 80 46 44 74 2 82 38 88 65 24 99 28 43 8 61 98 88 20 46 22 78 52 12 65 29 6 60 80 71 73 78 17 65 65 45 73 10 49 34 26 41 4 33 67 67 85 80 70 84 3 7 47 10 89 68 6 5 20 70 2 7 65 30 98 15 43 99 35
35 10 31 43 38 91 73 97 61 89 30 93 85 99 65 17 5 94 76 99 76 6 73 23 45 58 24 89 35 87 28 88 65 97 28 34 36 55 16 18 8 50 37 18 16 73 68 81 28 59 33 94 5 12 44 26 52 24 26 87 23 5 44 70 5 82 51 24 44 55 90 84 3 62 76 80 27 33 56 34 77 94 0 80 39 9 93 1 28 36 26 38 20 44 59 71 52 35 62 85 89 7 56 33 14 18 57 60 76 21 99 3 39 58 72 94 0 2 65 45 16 71 53 89 89 59 51 13 57 2 96 21 64 18 71 49 19 5 66 66 37 18 50 93 93 16 17 52 84 48
5 11 4 18 12 1 80 16 81 60 96 1 97 40 41 85 62 8 48 22 32 12 70 29 92 90 14 24 96 29 42 40 84 66 26 81 56 69 85 49 63 55 79 90 16 83 37 88 61 26 0 46 32 74 91 45 57 15 93 92 48 37 36 20 95 36 13 8 44 60 68 87 16 97 17 11 41 73 45 43 33 25 56 0 6 45 16 96 15 36 26 97 88 61 69 99 10 6 68 99 23 37 61 47 33 35 30 63 21 61 57 67 76 76 63 70 95 79 56 11 95 89 45 6 58 13 34 23 58 53 44 60 44 79 60 98 29 84 26 25 30 72 81 47 65 43 3 87 32 40
68 33 7 55 20 97 38 45 15 96 94 27 10 14 59 50 51 84 9 9 79 94 64 85 57 42 41 48 1 21 22 49 76 94 94 97 58 98 36 42 23 42 39 94 52 23 13 38 32 25 45 30 60 14 37 91 36 91 27 81 74 48 8 11 9 78 42 85 57 13 46 88 14 75 37 90 52 43 72 82 54 11 66 20 0 79 87 23 70 3 91 23 11 69 15 82 37 30 7 78 91 48 20 95 96 71 9 81 25 69 12 8 11 99 24 34 32 82 18 74 94 77 59 97 73 41 33 75 54 58 94 86 99 29 31 24 6 58 83 34 40 48 28 88 40 53 42 39 50 87
60 0 51 86 73 86 91 54 35 45 2 57 68 2 96 55 8 55 70 42 54 70 48 2 39 13 26 73 36 87 6 57 49 66 87 17 55 72 37 66 78 89 52 80 55 97 44 83 22 92 30 48 8 57 89 95 11 55 88 9 3 83 12 48 11 63 55 36 99 11 89 83 16 51 58 46 85 50 5 22 43 50 67 86 58 0 11 4 79 63 11 86 95 80 76 82 5 79 32 47 24 2 63 47 25 60 83 23 98 52 83 0 17 47 1 81 41 57 93 68 26 86 11 5 23 30 35 15 49 25 85 95 94 61 1 37 83 14 9 5 36 71 84 21 93 55 64 75 65 37
94 34 93 87 56 92 41 41 60 80 41 31 72 61 33 37 19 1 93 32 68 74 80 9 77 93 35 3 10 41 69 28 89 81 71 48 56 90 37 46 39 40 90 18 63 75 18 98 35 78 76 44 34 38 48 33 86 38 88 13 54 47 33 71 39 84 26 21 15 63 52 22 96 21 25 94 70 10 42 38 38 92 93 13 73 44 0 84 24 33 53 27 25 0 71 51 96 63 39 66 56 8 57 87 67 19 63 90 45 37 46 52 31 31 61 85 68 76 91 31 89 98 93 92 84 73 77 97 10 22 84 30 12 37 59 35 90 88 48 86 70 7 31 20 68 72 91 36 0 70
12 44 72 40 26 84 48 1 22 52 57 91 66 7 86 5 88 33 96 36 65 66 86 62 35 66 45 60 71 80 11 52 84 85 10 49 17 38 33 39 76 30 94 16 76 16 77 38 49 2 38 19 92 0 84 84 13 34 11 37 16 76 52 26 33 42 37 6 54 14 4 99 55 74 42 20 10 29 9 73 71 88 3 68 51 96 17 0 0 94 98 15 17 4 27 38 28 75 79 62 4 43 35 14 55 83 70 78 81 8 71 67 72 31 47 76 14 91 46 72 56 36 83 22 31 38 76 91 76 19 91 12 37 53 93 85 15 21 99 95 28 2 5 8 88 46 80 54 30 51
36 42 66 35 43 29 87 97 40 90 33 79 18 98 13 43 54 72 7 99 73 62 27 59 43 19 44 64 45 43 28 7 97 96 76 17 98 44 14 18 71 12 16 84 5 4 97 59 53 98 26 35 86 51 34 36 80 54 26 40 12 2 27 88 27 86 44 64 12 84 84 89 6 93 68 50 80 75 99 44 6 89 77 51 37 87 22 67 0 63 51 34 11 31 98 3 58 24 95 73 31 26 22 26 80 15 13 32 27 17 84 35 96 44 31 75 25 13 89 42 61 21 15 79 88 1 44 51 69 64 14 34 34 57 61 69 6 21 26 14 76 81 13 40 38 6 45 55 19 86
88 7 23 0 37 68 97 67 46 54 30 84 45 30 28 64 59 4 62 37 57 89 43 63 71 65 29 30 27 14 95 95 58 71 93 25 40 81 94 78 20 14 35 21 40 1 34 35 28 25 48 14 48 53 53 12 56 75 71 24 98 56 88 71 19 60 25 67 98 66 70 16 21 42 46 70 53 0 72 11 64 69 4 27 40 52 3 69 15 0 47 30 54 69 81 26 60 40 0 15 5 16 6 95 4 81 7 16 66 90 31 2 39 59 7 41 62 78 77 65 94 43 27 6 90 51 12 20 11 46 56 58 94 50 23 86 93 13 69 9 8 59 54 47 61 85 84 58 46 26
23 59 26 39 0 67 51 89 84 72 68 31 49 65 49 15 64 5 88 78 78 10 27 62 47 33 57 31 20 99 74 6 95 20 3 88 61 68 35 59 61 19 76 73 55 40 10 24 66 76 49 22 21 95 18 36 77 4 30 11 43 5 44 35 95 66 47 30 85 4 63 87 80 35 51 42 56 6 28 3 10 16 68 83 94 56 95 24 70 55 0 4 82 25 62 80 59 69 80 42 75 24 50 86 27 62 59 18 40 28 65 45 40 67 67 47 20 81 44 9 8 52 23 5 94 30 79 79 25 41 86 29 98 99 86 73 23 7 21 10 35 54 90 51 34 99 5 79 46 68
18 79 54 23 41 28 81 55 95 58 70 89 76 65 7 59 38 8 41 33 1 40 60 7 45 53 28 51 82 17 86 1 23 49 12 77 66 13 65 15 38 98 60 35 13 1 12 71 83 67 75 84 41 77 2 40 28 49 31 90 26 90 97 39 74 27 25 79 59 15 33 53 90 26 7 47 79 68 42 1 43 90 86 28 41 27 18 56 57 57 82 0 59 7 0 62 70 15 74 73 0 64 75 77 82 19 77 78 53 4 51 44 27 5 8 64 25 11 17 15 84 59 51 55 79 24 54 72 97 12 27 82 85 34 89 65 45 21 46 86 7 72 98 42 43 18 20 20 21 82
26 58 74 33 1 38 4 9 38 55 6 18 53 73 5 58 81 59 11 11 76 3 23 2 63 40 19 34 91 88 76 53 80 88 44 11 0 78 96 86 40 30 94 23 52 95 93 82 57 62 37 43 17 45 14 1 70 96 2 70 86 18 94 24 37 95 98 32 56 33 68 22 59 16 32 39 54 93 58 24 85 45 51 95 3 58 92 95 85 12 20 29 0 11 1 88 96 55 8 25 63 35 77 51 1 49 43 54 78 41 98 47 34 69 30 18 26 62 33 95 92 61 46 17 46 51 72 77 27 69 19 4 53 10 4 67 69 36 77 39 47 42 28 45 41 33 44 13 64 61
13 36 19 24 4 30 41 29 25 56 16 14 17 75 31 25 93 10 59 72 99 21 78 30 96 9 15 65 11 43 64 39 65 62 94 55 18 18 62 77 43 76 92 48 72 7 8 83 17 68 16 63 22 89 54 83 81 19 45 90 1 25 63 38 38 46 43 70 29 76 5 92 53 63 31 74 64 14 92 95 17 16 8 95 17 77 86 3 70 30 41 30 65 0 11 23 20 11 82 11 13 21 72 99 80 60 2 63 55 16 43 38 98 94 24 32 93 9 1 69 99 86 50 37 80 27 64 91 90 8 36 91 71 21 61 73 15 95 51 33 80 51 90 60 8 40 95 51 52 27
1 74 91 88 29 23 93 6 68 68 8 75 87 74 85 99 97 89 27 0 25 81 96 89 69 1 67 30 27 86 77 80 66 5 67 56 59 5 93 80 21 19 79 32 95 16 97 25 26 63 19 34 25 9 52 44 54 77 83 75 49 68 10 67 11 7 6 57 5 46 26 89 71 3 17 0 89 21 29 67 28 62 81 72 3 59 15 48 83 70 45 43 85 51 0 24 24 41 12 43 21 45 39 32 5 7 69 52 97 42 81 35 61 90 87 25 72 39 81 65 91 97 43 23 36 71 79 34 64 59 30 5 88 21 58 57 54 64 80 22 39 41 95 90 64 45 28 92 55 57
57 53 56 49 15 35 43 49 82 81 12 56 1 43 13 33 80 92 83 37 79 13 1 50 98 45 37 80 24 74 29 45 8 79 95 35 8 13 52 46 39 30 58 0 33 70 90 88 95 1 43 60 53 76 51 42 6 22 89 20 31 18 5 89 96 41 63 99 91 95 60 86 90 64 40 72 2 36 61 92 66 37 63 79 70 84 80 90 89 5 25 30 67 13 87 0 39 45 25 96 76 69 75 0 37 43 65 99 86 51 31 0 79 90 90 76 10 58 88 26 76 47 75 26 4 95 89 73 30 43 41 46 36 12 77 63 19 50 81 73 91 37 30 75 36 18 28 79 32 85
77 38 44 90 62 32 92 63 78 36 10 89 35 90 77 46 95 28 6 12 28 93 60 32 41 62 6 55 49 88 69 54 60 27 35 13 69 14 78 72 90 76 5 43 62 69 94 30 28 59 27 74 6 47 5 45 37 88 33 30 81 74 68 50 98 98 75 22 12 66 28 18 22 96 42 78 28 96 85 33 70 86 80 47 14 19 45 71 64 13 68 7 14 82 39 93 0 53 52 73 4 75 18 8 58 84 20 77 92 78 5 96 16 9 14 46 76 29 52 13 97 68 86 24 49 22 98 30 36 80 56 10 46 40 27 46 54 94 0 59 90 43 17 38 66 3 38 68 70 58
4 42 32 42 57 94 54 49 82 75 53 23 97 86 28 93 10 3 20 34 91 96 36 83 47 71 87 32 25 73 47 4 0 6 96 96 23 44 96 92 64 88 77 76 8 4 53 24 9 39 53 68 62 93 31 75 56 86 56 1 4 71 22 88 1 14 54 69 67 78 45 71 52 72 41 94 94 67 89 80 97 91 47 99 50 8 8 56 63 93 34 63 67 55 43 92 63 0 57 0 13 78 78 37 59 85 66 81 32 7 1 23 69 93 5 35 29 74 64 85 99 71 78 45 0 27 40 64 88 16 90 77 45 35 68 93 63 72 52 69 41 33 62 16 63 50 56 68 41 54
10 71 72 33 56 60 1 48 91 20 94 2 16 86 7 88 55 34 28 45 64 35 15 19 99 44 17 33 69 24 55 69 18 12 51 46 11 42 9 25 8 58 51 72 87 37 58 62 31 85 55 85 44 32 42 72 86 13 55 65 3 65 18 22 88 44 95 19 36 72 5 49 51 32 70 55 73 40 6 30 90 99 40 20 64 8 58 3 93 62 68 47 15 74 51 2 47 19 0 38 47 79 36 42 21 15 16 95 81 73 8 44 71 70 23 13 81 67 2 66 4 31 79 8 13 14 65 44 75 63 64 59 78 62 0 18 88 97 42 4 73 12 55 13 68 42 59 22 10 63
51 25 63 3 93 38 66 56 80 16 15 44 92 9 26 75 41 48 12 81 15 64 35 26 82 76 47 22 67 93 86 76 49 94 14 12 42 90 7 54 46 78 18 48 29 69 67 75 68 58 57 40 1 42 10 13 64 48 47 92 3 47 98 11 55 21 41 51 62 33 94 71 65 9 49 54 66 14 47 28 59 43 71 94 92 5 57 77 70 76 16 87 4 70 55 33 90 42 45 0 17 41 92 8 99 54 64 69 51 23 38 65 91 8 99 53 39 48 95 97 62 91 75 24 76 21 48 6 88 18 75 84 61 32 41 68 41 92 33 97 93 26 92 20 42 65 15 25 82 18
75 28 90 75 0 37 26 91 81 64 73 69 30 77 53 79 87 71 92 79 50 69 48 11 61 43 36 54 39 60 79 65 23 64 4 43 29 24 78 47 37 43 76 62 53 61 22 89 34 90 57 95 81 40 95 15 80 3 22 14 52 24 33 40 39 73 77 78 25 95 85 72 20 63 86 78 36 43 47 15 25 1 62 30 53 56 63 72 14 83 94 27 59 80 4 24 76 22 94 69 0 76 33 29 42 51 62 33 95 93 35 2 77 70 98 12 32 81 29 39 54 4 65 43 15 46 39 99 3 57 5 66 26 17 72 32 10 15 81 10 54 9 77 14 65 73 52 85 58 85
92 74 57 29 33 10 69 51 6 31 51 93 14 69 50 43 73 23 58 62 25 65 26 94 1 0 97 46 25 24 1 89 69 96 48 38 22 61 90 31 98 57 90 85 13 88 45 1 51 11 22 80 41 82 28 22 36 22 52 7 69 38 55 2 71 75 38 8 58 69 13 66 34 96 4 4 76 85 53 32 63 15 2 47 73 79 63 67 60 57 80 48 4 11 12 46 2 9 90 13 42 0 52 39 83 60 46 44 98 93 41 81 2 22 40 57 65 30 15 63 69 42 0 60 4 38 32 20 94 63 63 58 55 41 56 71 94 10 46 25 45 79 91 9 48 12 7 96 79 83
23 9 21 24 24 41 79 65 63 19 21 98 69 81 63 34 55 77 60 58 43 84 52 14 31 29 19 11 66 64 44 31 32 78 96 48 97 38 23 40 46 15 21 23 28 37 91 79 3 12 70 35 77 14 62 99 77 96 64 29 0 83 92 38 10 41 73 98 45 7 98 54 59 99 72 56 57 49 2 56 11 36 70 98 68 9 87 65 42 89 26 92 71 27 32 0 20 2 40 98 27 53 0 51 95 96 24 82 33 53 95 43 99 97 17 46 74 48 3 24 93 28 72 17 19 17 97 74 3 66 12 91 13 50 57 81 56 20 77 43 18 44 82 78 73 5 63 10 57 27
27 71 78 2 55 68 53 46 82 97 55 71 41 87 74 33 82 50 14 71 20 51 51 99 4 2 54 10 66 39 75 15 21 2 86 75 86 68 33 95 22 51 77 84 39 64 95 28 64 19 13 36 49 10 11 46 82 88 41 62 24 40 81 71 39 81 36 44 4 58 15 12 25 60 26 29 96 3 39 66 12 97 53 97 18 94 69 65 30 26 96 34 79 11 58 51 19 75 90 80 54 90 23 0 46 70 69 62 80 13 7 27 30 21 1 22 70 30 25 36 91 75 65 18 31 70 67 53 20 14 58 58 23 96 13 45 78 49 17 10 91 22 92 9 44 45 9 15 65 66
50 13 26 12 27 81 59 67 66 95 5 17 38 64 2 96 50 36 62 42 50 62 75 43 23 83 57 5 69 2 68 91 59 30 59 57 51 51 34 1 45 57 10 70 94 53 63 87 9 53 88 98 82 20 37 53 69 71 95 67 56 35 45 7 21 84 15 85 94 31 47 0 88 42 43 32 82 18 88 60 71 5 29 78 23 63 41 17 27 24 56 98 26 87 42 46 12 84 4 47 54 75 15 71 0 97 99 8 51 82 57 54 44 44 47 70 84 55 55 21 0 13 36 69 53 78 3 87 87 45 39 43 56 6 64 41 20 53 55 33 60 19 45 5 97 16 4 83 41 3
26 14 68 7 68 87 53 16 6 18 98 10 90 74 58 68 30 44 47 18 56 60 37 46 55 45 62 24 24 8 11 46 24 88 1 54 84 38 23 20 53 14 26 3 64 82 46 25 91 91 89 96 75 14 17 67 42 69 15 98 67 35 94 91 27 35 84 7 21 20 69 5 48 2 98 36 53 13 19 97 57 67 78 30 5 48 27 79 58 9 89 34 79 72 42 43 5 92 67 44 24 44 33 95 82 0 16 0 15 81 93 38 42 65 77 58 40 2 24 49 80 18 97 99 0 31 90 57 61 93 72 80 50 74 75 68 65 18 94 10 11 63 45 47 6 96 68 54 97 46
27 19 10 78 88 52 71 13 32 12 46 48 22 27 40 59 6 65 34 87 10 7 55 7 62 66 89 77 19 98 88 19 90 40 31 3 34 53 54 61 31 79 11 97 86 52 27 84 74 11 48 24 0 34 34 48 46 69 44 46 17 82 15 32 8 72 41 37 29 70 84 46 64 17 76 58 89 50 69 61 56 79 94 95 63 57 30 17 47 34 53 45 50 11 61 37 74 46 55 89 50 30 54 31 54 96 0 52 57 63 56 85 24 58 85 41 91 91 64 78 23 16 70 42 82 22 30 96 1 69 45 33 70 31 26 6 41 49 20 19 33 1 11 6 13 43 77 81 59 30
13 61 77 26 9 38 24 55 83 61 37 47 87 68 54 71 72 54 49 2 31 81 7 72 97 77 97 73 68 58 80 76 35 41 18 58 94 16 58 78 54 0 56 57 5 4 11 35 78 41 11 58 27 93 19 17 57 98 28 74 2 40 26 99 79 93 20 75 35 92 62 80 85 50 80 1 5 76 47 76 49 53 73 84 37 26 31 16 58 57 12 75 44 16 27 97 35 70 43 63 44 22 51 3 42 79 64 0 89 93 2 96 23 53 90 36 47 40 96 65 86 69 90 53 1 55 1 6 51 66 32 45 22 45 85 9 53 62 68 0 83 59 57 98 72 91 82 73 0 21
58 99 51 73 17 40 1 77 10 59 24 8 19 60 89 71 97 18 80 31 73 87 8 60 6 60 30 9 86 89 98 59 11 49 39 6 28 35 64 2 53 53 52 33 63 60 80 62 72 52 24 88 89 30 32 74 60 56 76 62 19 98 67 16 14 30 0 81 43 78 28 32 78 10 41 11 81 57 93 32 24 39 37 87 49 26 86 30 15 53 86 99 79 51 54 74 96 40 18 32 73 35 17 33 37 29 46 60 0 8 40 71 24 39 40 16 15 45 97 52 49 44 66 58 84 51 74 2 56 12 75 92 57 71 66 51 65 53 97 54 56 49 42 80 78 32 21 60 74 54
30 88 12 43 75 52 52 11 85 30 49 68 14 5 18 46 78 45 79 73 7 80 40 2 10 38 63 61 75 93 91 26 38 37 76 39 93 8 68 27 30 44 75 32 26 89 39 83 1 50 45 53 90 89 61 4 31 97 40 87 12 83 62 59 6 87 81 44 63 20 73 73 24 35 66 82 8 79 31 54 46 56 64 7 50 77 7 6 36 37 66 89 85 55 19 23 60 47 64 96 10 1 6 85 11 54 53 66 24 0 82 30 85 7 42 66 31 13 68 36 79 91 7 18 72 12 92 46 27 54 14 54 98 13 33 40 11 97 65 90 77 75 60 70 40 29 68 57 58 53
38 79 29 6 65 70 0 89 93 58 40 31 61 49 47 35 66 10 19 81 60 64 28 6 57 37 25 20 81 48 34 72 64 68 21 39 48 36 93 94 63 13 92 20 33 12 15 38 15 30 14 49 52 82 39 4 99 13 72 58 42 52 31 47 36 88 90 34 93 36 46 15 72 10 26 54 35 40 90 50 94 97 67 85 81 96 52 15 54 4 15 91 83 65 85 35 82 69 12 89 45 94 15 35 10 19 57 16 81 42 0 83 52 92 71 47 63 99 61 83 12 99 97 90 24 69 77 34 38 49 85 33 10 66 3 33 24 66 72 94 2 28 51 92 66 2 98 76 66 26
73 63 7 12 57 60 7 3 96 24 29 10 89 15 44 43 97 69 46 91 31 64 4 76 51 37 7 78 35 85 42 39 24 76 45 69 43 50 45 72 26 10 4 38 8 86 51 54 52 45 25 37 31 50 61 65 6 23 48 93 93 87 98 31 44 70 95 32 72 82 98 82 9 28 75 11 18 22 81 11 31 58 63 14 29 45 86 55 36 66 38 81 91 65 48 59 40 38 18 12 6 94 27 10 15 96 67 51 59 25 55 0 49 16 21 22 2 90 48 15 10 17 80 30 47 27 46 95 63 34 38 74 19 8 97 52 18 69 54 41 32 56 26 33 11 30 81 97 69 6
24 1 45 7 43 63 62 50 8 0 23 65 8 92 85 56 56 18 47 51 64 6 61 86 83 73 28 15 55 90 53 90 92 67 77 97 79 58 77 1 85 56 20 0 62 20 74 71 62 41 38 7 82 12 68 5 98 86 59 17 9 89 13 26 4 55 86 96 4 59 11 42 55 29 60 16 78 25 42 80 88 90 88 87 37 12 45 22 49 71 61 91 3 47 0 96 22 51 24 78 35 57 56 96 2 67 28 28 1 48 41 34 0 2 53 3 96 44 47 62 1 62 83 26 13 28 56 81 0 93 57 65 14 43 8 2 0 48 74 8 39 77 33 17 57 8 4 16 85 47
3 9 11 72 88 44 69 72 20 3 1 91 22 52 9 19 20 55 21 74 75 67 79 22 3 68 19 84 14 68 92 67 89 8 9 21 27 25 14 36 50 53 26 11 33 69 36 88 10 89 35 29 97 51 33 9 31 50 80 98 51 44 46 73 28 97 41 6 11 76 50 20 39 78 67 66 16 9 84 96 78 5 68 67 4 90 20 78 92 21 22 71 62 54 32 47 15 29 64 22 51 89 50 74 29 11 3 73 31 6 1 32 92 0 23 23 76 30 37 83 46 10 92 17 99 43 36 38 46 19 55 30 22 82 6 45 1 48 22 64 88 82 57 57 99 64 56 98 27 22
99 72 19 30 94 7 85 73 90 74 24 3 75 81 74 97 26 98 29 60 20 63 62 58 47 40 83 88 35 35 16 32 57 36 64 82 81 93 53 16 97 92 90 35 99 30 31 26 66 56 68 5 65 62 41 93 52 42 63 38 32 95 42 55 0 24 69 72 61 41 17 37 96 95 11 15 45 56 64 15 33 57 6 46 65 85 83 75 1 61 99 1 0 97 62 42 91 89 40 13 0 15 27 43 12 28 91 79 83 70 75 40 12 2 0 31 60 80 26 1 75 63 50 36 25 86 68 26 95 92 54 31 86 78 74 22 58 82 75 14 39 8 87 1 85 3 49 3 84 47
6 36 66 12 15 56 29 10 29 79 64 1 99 15 83 32 61 22 60 78 37 52 51 22 31 91 81 26 59 36 27 10 89 88 75 82 60 62 90 23 45 53 30 43 24 61 20 85 20 6 62 46 14 56 27 25 1 54 44 16 36 53 35 47 97 76 96 91 23 54 47 94 53 83 67 20 16 22 19 65 2 69 17 98 11 77 15 92 88 91 0 76 23 95 23 53 83 43 7 34 97 98 46 34 41 2 75 61 8 23 70 21 31 69 61 0 17 82 65 14 92 93 73 38 52 24 37 1 27 71 98 38 48 45 18 97 20 22 56 2 72 12 52 23 97 70 29 3 68 57
67 47 67 54 97 3 34 95 71 79 83 78 33 27 69 60 85 76 34 24 37 87 90 56 36 9 0 62 42 29 41 34 85 72 4 76 52 6 62 6 42 18 76 30 41 4 66 75 17 78 65 98 75 6 4 0 18 99 47 30 64 91 72 76 76 56 98 78 44 3 50 30 96 55 80 82 94 41 55 41 62 40 94 82 69 73 20 74 87 22 1 34 35 34 0 16 66 76 5 49 28 29 88 23 90 22 76 71 56 96 73 20 43 63 50 47 0 44 8 99 39 36 68 86 52 27 31 41 25 4 51 62 15 94 82 55 98 88 70 90 48 70 98 57 58 75 78 97 46 8
74 9 83 81 52 49 42 54 45 85 3 38 63 79 72 53 46 92 65 0 93 12 76 17 7 88 21 95 82 24 38 74 39 75 24 65 47 54 20 22 26 47 41 18 62 65 75 47 93 99 86 72 31 18 24 80 49 93 65 60 36 8 27 28 86 76 76 79 31 27 47 67 83 11 85 63 5 70 18 47 35 80 66 94 92 8 66 74 54 4 12 56 68 1 84 24 32 91 13 16 38 42 27 75 78 45 45 46 52 76 35 21 33 19 62 3 10 0 62 15 42 58 27 87 97 39 81 5 41 38 23 93 88 18 92 33 49 25 67 4 92 94 21 75 74 12 81 2 5 97
13 71 32 91 0 14 95 70 96 1 6 59 77 9 92 97 10 92 89 39 89 39 72 12 84 30 77 41 6 64 8 24 79 55 21 56 74 40 77 77 10 83 17 6 14 10 98 33 41 29 15 28 16 87 13 30 87 84 36 4 76 73 40 61 50 14 23 15 50 83 69 82 0 8 23 95 23 66 86 86 53 25 69 86 74 21 35 19 18 88 92 62 81 7 46 35 98 8 49 91 13 4 41 61 19 66 35 42 17 37 43 34 3 71 66 32 32 93 0 23 80 37 65 80 94 21 7 22 76 37 59 94 69 31 46 82 29 20 34 45 64 43 76 26 92 35 54 64 63 34
28 4 46 70 43 2 98 71 33 17 58 29 97 71 19 45 58 79 98 61 3 19 45 42 97 4 1 44 30 17 8 98 80 86 72 49 39 57 14 26 18 24 62 99 81 41 74 18 78 59 97 84 75 56 5 26 60 63 26 36 65 99 22 46 12 51 1 27 37 37 8 2 97 60 37 45 43 28 36 94 85 83 39 20 47 98 14 62 22 3 33 6 65 57 14 60 21 4 27 25 38 67 61 95 60 73 49 89 69 38 31 87 42 82 44 99 82 64 1 0 49 28 68 17 68 17 57 33 77 32 38 46 82 71 25 35 26 41 60 18 15 14 80 39 51 26 4 57 15 42
56 78 62 47 80 26 59 76 14 49 82 40 77 46 21 61 97 2 97 23 56 18 58 93 35 68 8 66 33 61 67 72 43 87 17 9 3 77 95 71 92 17 45 25 42 94 24 10 0 26 54 33 59 39 35 40 30 29 55 7 34 89 26 52 60 95 11 26 13 76 43 56 4 37 88 43 73 24 9 2 93 38 12 44 73 82 54 9 24 56 51 84 32 75 55 83 88 75 4 72 50 92 64 67 47 87 93 48 81 26 28 86 42 70 86 10 57 15 24 17 0 62 31 49 33 46 67 28 35 83 66 79 30 67 9 55 19 4 92 54 82 40 81 10 58 89 91 66 36 2
25 6 3 82 29 48 65 71 62 34 57 35 88 44 33 48 97 44 64 62 75 31 58 29 95 10 46 98 27 98 90 78 30 2 97 91 56 67 18 52 51 48 13 84 89 24 49 97 99 78 1 27 77 28 92 43 8 49 23 64 20 64 25 78 52 84 55 89 55 34 11 92 65 52 82 86 43 76 64 63 40 13 71 15 99 5 86 16 31 98 47 97 24 39 21 8 60 55 96 77 15 24 30 49 57 93 37 23 65 61 68 60 9 59 27 56 10 91 58 13 17 0 36 1 22 80 95 7 78 17 63 13 23 23 89 42 88 48 72 59 90 49 31 97 19 64 6 24 52 6
13 51 8 73 27 13 88 50 51 56 99 44 3 35 94 7 3 49 31 66 20 36 2 99 82 63 11 98 56 2 95 79 58 97 7 52 6 40 84 62 71 1 29 39 75 75 35 71 49 66 1 16 78 7 0 12 9 32 84 88 67 4 56 6 72 75 94 41 76 47 28 64 39 79 29 82 38 13 40 12 97 77 32 85 27 85 21 1 73 42 36 58 84 14 26 99 28 41 75 17 96 35 54 82 16 43 60 48 2 82 78 46 11 50 21 32 94 84 37 25 12 68 0 3 60 94 16 38 26 66 61 23 77 56 59 4 63 64 20 87 46 35 81 23 81 15 39 77 37 3
88 33 40 30 87 36 68 24 58 38 31 96 40 96 74 80 61 70 9 35 60 71 33 67 1 46 70 95 58 34 38 66 3 90 74 2 66 51 88 59 56 89 60 18 73 21 56 49 81 38 74 38 48 20 64 17 19 19 92 79 1 22 21 79 84 86 43 1 40 60 38 74 60 56 13 68 61 44 75 78 68 70 24 20 29 73 88 37 72 60 84 7 35 0 55 85 92 28 57 98 99 87 55 23 33 91 94 62 56 55 37 22 55 20 15 40 93 31 22 59 96 54 20 0 79 13 77 84 69 96 84 46 51 48 47 67 52 98 73 24 48 14 85 59 70 75 60 88 47 92
92 64 74 13 10 86 72 26 59 42 67 49 4 42 87 91 73 27 76 5 50 66 0 91 80 56 47 32 57 99 0 57 89 28 8 12 90 56 88 48 52 14 77 44 4 77 52 79 20 10 0 12 10 24 20 0 57 13 70 73 47 98 46 95 81 20 56 96 36 41 78 10 83 25 38 28 47 76 71 34 25 32 84 47 3 37 65 77 44 14 84 86 4 99 25 10 5 40 59 3 32 18 23 3 67 54 65 99 11 10 5 93 19 98 94 74 10 48 80 83 24 82 78 66 0 29 62 24 60 54 84 14 98 21 47 77 23 59 30 55 88 62 90 57 50 63 15 24 91 14
78 96 38 91 0 79 90 31 94 85 69 76 58 90 28 55 37 32 89 4 90 3 44 72 85 2 86 90 30 64 23 88 57 24 67 75 59 96 30 19 60 37 34 84 76 21 51 41 89 54 49 6 89 81 84 98 80 97 26 9 61 37 9 14 85 71 44 84 86 23 33 28 0 18 48 25 60 41 44 34 53 75 9 42 93 9 76 50 56 6 50 81 70 95 41 45 45 26 10 67 4 59 46 50 45 58 22 76 21 39 51 17 5 24 72 73 13 6 19 32 33 13 14 25 95 0 62 63 76 94 19 96 69 22 4 87 60 97 68 25 86 58 9 34 93 81 26 98 18 18
43 81 25 75 6 92 19 81 35 81 61 58 34 55 65 55 46 37 17 92 5 36 76 59 89 54 59 78 38 69 13 82 94 89 71 10 13 78 69 17 94 65 98 77 21 12 37 27 92 85 86 80 21 94 47 41 11 68 45 64 72 69 38 92 25 80 1 48 21 76 79 65 7 7 89 43 99 38 72 33 69 69 21 84 87 38 65 95 83 27 71 76 45 64 54 11 49 45 45 63 81 87 9 16 28 27 56 56 51 43 83 24 22 27 73 65 5 91 85 85 63 90 30 84 38 78 0 37 40 3 64 16 67 90 19 81 53 89 49 96 4 48 34 80 5 24 87 9 36 92
17 60 70 3 95 85 5 65 70 69 20 65 84 2 72 50 53 29 76 34 63 88 43 45 68 51 82 68 52 5 73 66 23 56 16 43 78 9 23 43 89 29 50 51 87 82 83 48 93 31 2 81 90 42 0 16 62 21 75 17 67 73 62 73 34 0 61 40 87 83 96 23 36 96 77 77 54 60 13 96 45 39 81 88 23 2 87 64 72 99 98 98 57 30 91 99 65 90 91 27 65 34 90 40 39 98 22 24 25 32 98 4 85 79 94 42 15 85 83 85 81 80 22 5 57 93 89 0 75 24 51 42 16 59 67 78 67 34 45 86 39 38 46 70 68 99 29 48 73 45
73 61 38 22 8 40 42 17 56 54 21 31 65 36 40 14 12 8 68 55 47 98 27 79 86 42 3 42 19 65 6 44 40 82 3 17 83 99 11 11 35 39 92 51 28 90 67 8 55 58 64 59 17 38 35 50 69 9 68 71 55 54 6 41 76 70 69 66 50 26 69 75 82 3 30 1 7 20 3 3 17 13 95 98 55 53 52 23 32 82 49 16 80 96 85 72 15 75 69 40 93 42 5 67 96 88 41 44 29 93 60 40 59 71 43 67 52 87 36 24 92 93 73 9 97 34 8 54 0 72 16 56 19 1 13 70 69 25 31 23 62 79 28 89 39 92 92 58 84 71
36 5 95 15 12 7 62 9 45 47 0 8 21 14 38 64 50 4 86 56 37 19 52 57 52 55 75 55 18 61 18 24 40 63 37 28 97 34 27 11 0 65 66 80 22 68 56 81 81 10 49 82 92 80 22 27 79 74 84 80 31 74 97 84 71 42 45 92 54 99 84 31 94 86 25 80 96 67 89 11 13 78 6 1 30 73 99 6 41 8 77 69 9 86 67 73 32 2 98 61 90 89 68 53 79 45 5 69 80 62 64 72 89 3 33 48 66 64 33 67 28 86 13 53 83 59 37 5 40 0 23 76 78 89 53 43 93 90 60 59 40 19 72 42 50 26 95 70 4 27
74 48 35 54 20 5 88 73 10 29 40 41 44 77 29 2 16 23 58 16 61 87 88 1 40 26 43 43 43 5 82 16 62 38 19 50 9 3 87 87 11 43 64 46 67 68 21 60 85 55 41 33 82 64 5 64 11 13 49 31 31 43 32 72 37 63 35 95 15 98 32 16 22 40 27 34 12 91 85 92 88 13 8 57 23 36 47 25 48 22 80 22 96 23 23 18 99 57 63 88 86 94 91 49 83 67 50 73 14 30 74 91 29 79 16 31 99 1 48 93 58 83 57 55 30 59 16 48 18 3 0 7 90 61 70 17 32 82 69 46 16 81 31 54 63 11 38 39 22 3
74 90 80 48 95 25 25 35 79 13 37 9 2 26 18 45 9 50 45 82 64 9 79 89 5 45 43 65 31 4 89 53 23 2 76 69 96 25 11 54 10 49 91 94 21 29 42 80 94 61 42 68 39 70 15 66 55 24 35 81 34 69 10 99 15 39 31 28 6 2 77 35 48 97 6 22 65 10 88 34 54 93 84 90 83 29 89 10 98 92 24 10 13 17 36 85 75 96 13 98 36 5 62 50 31 29 2 75 24 75 0 56 38 60 49 26 89 21 12 22 80 84 37 1 11 80 45 54 80 61 74 0 13 47 40 37 94 87 75 5 15 61 73 66 35 56 99 33 88 71
9 15 15 18 51 49 88 42 60 71 40 29 16 63 8 30 50 81 36 3 53 41 57 66 50 0 14 36 13 33 14 94 71 5 26 46 12 83 9 8 22 64 3 96 65 35 56 26 9 57 45 95 21 18 31 44 95 46 3 59 75 45 1 43 14 17 40 64 83 18 59 22 89 93 28 91 7 16 34 74 0 28 74 56 87 7 93 44 94 90 77 22 92 27 33 93 23 11 44 41 0 17 28 0 14 97 58 43 91 99 21 72 63 69 50 74 39 20 56 27 54 63 11 82 49 98 91 10 57 4 87 69 0 48 14 45 85 44 0 53 97 27 58 20 49 86 31 50 76 44
37 83 86 34 27 42 67 91 0 13 53 50 85 48 94 50 4 52 33 42 0 62 19 5 72 49 11 27 4 72 57 0 1 20 22 39 0 87 72 10 56 57 86 21 85 9 95 37 54 12 87 52 53 5 68 99 27 91 77 59 91 49 51 38 8 30 64 62 71 93 72 8 79 78 22 18 14 0 74 98 62 36 83 84 32 62 26 32 60 59 17 78 96 19 85 9 84 79 68 89 26 41 77 82 5 82 50 69 17 98 28 73 21 35 17 68 31 39 95 46 54 80 68 10 54 80 71 83 27 43 27 69 4 0 59 96 67 99 46 17 48 0 26 65 81 28 15 80 44 38
75 74 75 66 22 81 38 94 92 71 94 1 73 7 38 55 9 64 31 94 68 92 58 3 26 41 25 29 92 14 75 46 25 61 7 41 98 55 42 37 47 67 13 22 61 50 22 18 61 94 82 87 16 69 43 31 39 85 34 8 88 50 15 19 43 17 52 96 46 75 55 63 27 37 84 31 85 19 9 38 56 75 43 61 63 34 29 6 6 62 20 55 38 62 73 98 21 91 18 19 51 5 60 69 82 44 83 12 64 54 87 54 46 46 12 58 83 92 31 97 40 51 42 0 14 70 9 91 43 42 4 18 48 10 0 26 45 16 83 8 9 51 61 31 23 3 40 43 37 71
96 68 10 80 0 85 56 40 22 46 49 53 5 62 25 89 81 18 71 64 77 44 17 52 99 41 75 49 74 92 15 87 27 86 9 71 11 95 31 53 26 20 18 88 16 13 44 21 53 98 47 40 21 61 15 5 29 67 58 7 50 83 56 2 16 14 8 50 49 49 19 41 16 44 25 30 90 6 79 38 34 36 21 24 32 27 57 92 72 7 22 74 99 94 44 51 71 19 74 83 19 1 76 91 75 63 39 16 2 33 93 90 11 62 17 8 77 86 50 12 64 43 90 80 82 59 44 43 29 85 86 46 26 46 0 0 67 68 6 91 28 91 40 9 52 64 48 47 50 73
5 87 42 21 5 93 32 9 59 59 18 3 3 16 61 38 53 6 45 13 78 49 68 31 13 28 12 21 7 53 23 51 20 90 6 1 8 45 94 88 74 63 60 95 84 66 32 96 42 74 60 83 79 82 81 33 44 24 17 63 11 44 42 36 68 64 93 90 39 54 55 84 74 3 43 61 27 53 61 2 78 37 90 76 46 48 2 84 25 21 19 26 88 6 67 3 79 81 70 98 11 76 7 48 6 92 89 36 82 45 33 84 94 52 9 59 31 76 24 40 1 46 41 95 57 78 56 60 16 11 97 26 73 59 97 17 0 85 84 65 82 8 3 88 0 90 28 82 63 96
98 71 13 98 79 45 23 38 91 40 55 76 73 61 15 89 56 73 21 81 37 99 30 82 8 16 41 16 21 94 61 49 5 82 87 93 18 21 18 41 8 80 48 29 46 31 35 73 45 5 18 7 84 74 11 51 32 40 58 40 91 92 5 66 97 2 22 77 34 26 27 26 39 26 19 78 99 57 3 10 13 53 98 84 50 53 27 72 22 59 6 75 13 5 91 79 43 74 17 96 47 69 72 10 66 56 31 53 92 95 45 20 28 91 82 48 54 25 42 9 72 22 47 46 22 68 61 7 30 37 80 15 67 31 33 24 53 0 57 75 56 42 95 49 86 25 4 79 81 15
65 23 58 2 2 2 42 0 94 58 24 58 60 9 98 46 30 77 96 54 79 12 68 35 30 18 60 56 13 3 27 2 86 13 0 99 14 17 13 32 36 8 46 65 26 10 46 16 2 48 77 66 47 29 17 91 21 23 21 6 10 59 12 33 11 77 61 67 72 92 62 58 24 80 89 23 87 41 33 59 21 33 81 81 92 97 17 36 50 91 43 16 45 1 84 44 92 75 23 82 15 63 34 26 94 45 19 83 28 56 41 10 39 48 33 39 31 11 97 84 82 86 76 90 3 82 62 0 0 51 58 32 56 69 40 61 0 16 0 26 14 83 98 87 33 7 42 2 55 70
35 34 71 62 96 56 41 63 27 82 92 18 82 50 96 69 99 91 51 34 95 47 99 86 76 57 98 58 98 37 60 88 34 29 6 92 15 17 31 7 93 75 39 7 2 42 91 72 14 54 26 91 28 47 48 3 15 38 95 68 28 94 53 27 22 11 52 46 30 70 32 36 63 93 31 97 53 10 94 70 58 19 70 51 23 51 85 46 49 19 51 56 97 14 34 86 19 42 64 19 25 94 32 60 34 89 45 62 77 76 99 91 45 31 85 74 4 24 76 36 43 11 22 74 44 57 37 19 24 78 76 43 85 8 31 74 96 56 82 0 76 47 30 30 47 69 86 42 38 24
96 11 44 80 55 92 98 87 88 5 86 70 52 29 29 59 43 66 75 21 61 85 11 65 68 93 25 47 53 26 53 54 29 28 27 33 5 74 13 70 38 64 17 73 64 90 63 92 17 88 27 75 35 24 30 85 84 53 64 0 1 10 51 43 69 18 23 69 10 94 69 42 44 57 28 90 30 85 60 86 29 69 8 88 69 91 49 13 24 40 95 19 18 43 59 56 76 64 14 56 73 82 37 45 58 11 26 15 76 36 84 2 57 70 10 71 84 20 90 26 23 91 72 86 34 1 58 77 66 89 52 56 25 21 31 12 81 25 81 26 0 85 44 27 86 21 51 7 60 17
39 45 51 8 19 23 88 7 73 47 72 65 21 60 78 5 13 2 98 39 35 47 63 46 62 73 72 1 20 60 46 78 81 55 36 70 81 10 11 59 66 83 72 59 87 91 88 20 92 98 24 55 21 97 62 5 36 97 94 40 9 18 92 70 44 55 89 83 47 93 18 38 58 6 39 79 84 54 12 53 92 90 42 8 3 94 8 8 41 77 86 46 94 29 20 33 73 79 95 51 27 7 50 66 37 78 49 29 81 24 89 69 62 71 29 89 9 7 83 89 57 40 39 67 64 51 76 6 62 66 9 81 54 91 84 51 13 34 78 57 79 0 39 63 35 74 9 84 66 97
56 11 94 4 77 51 81 91 79 17 29 21 59 78 4 39 51 45 60 4 80 84 61 50 32 10 47 13 86 68 61 29 22 89 51 14 71 24 80 52 76 72 86 99 74 78 96 19 13 73 33 88 44 43 8 91 74 83 48 93 28 14 95 79 78 15 56 30 55 91 60 6 57 7 67 46 71 99 12 26 33 15 62 86 49 98 0 56 80 60 64 19 83 91 73 41 15 35 36 0 83 65 35 76 13 29 36 59 25 69 88 31 43 85 26 4 27 74 65 96 83 27 62 52 39 87 46 5 15 33 66 60 38 86 23 24 8 62 36 61 44 48 0 68 0 26 3 19 2 1
30 43 7 53 44 69 78 80 55 38 75 88 39 96 13 91 20 24 61 69 15 91 80 29 11 29 9 33 84 72 6 3 2 83 51 3 75 30 16 76 51 28 94 57 65 8 54 2 35 47 69 0 86 51 96 43 20 99 83 33 0 98 86 35 62 45 8 84 52 11 5 67 16 4 92 70 14 86 85 42 28 35 62 64 47 76 74 62 8 35 77 78 30 93 0 26 70 96 39 87 51 54 55 55 43 10 54 59 91 47 84 49 59 72 23 67 28 36 95 27 28 43 46 25 66 84 27 25 75 79 66 56 72 66 18 3 33 29 24 52 54 30 65 0 18 59 32 34 46 41
12 80 72 11 16 68 95 6 84 62 52 76 49 75 84 31 50 29 25 65 46 87 76 53 84 95 16 42 1 75 94 81 80 92 73 51 47 58 54 54 11 82 92 57 87 96 24 31 93 82 12 34 22 23 50 21 51 31 12 37 92 46 63 39 99 11 79 98 8 8 62 76 37 66 37 72 75 43 32 37 92 32 42 27 79 47 21 43 21 91 51 93 18 70 27 53 42 34 3 29 59 93 86 65 68 41 79 13 52 13 92 64 83 68 16 77 52 39 2 20 63 29 43 81 54 93 15 9 84 96 49 1 40 39 68 55 73 37 72 87 99 11 17 77 0 38 41 7 79 27
58 92 59 15 56 22 64 29 19 86 98 53 1 76 76 3 0 42 5 29 33 55 23 39 4 97 91 20 99 38 72 6 32 48 47 53 96 74 50 59 45 37 62 10 78 92 33 50 21 82 31 77 96 52 26 18 67 26 52 95 61 53 53 56 71 9 97 35 78 59 28 66 40 69 98 71 40 8 23 51 21 79 92 27 40 23 16 37 83 93 27 31 29 92 8 47 99 8 42 26 76 80 67 50 22 2 10 8 94 77 10 27 21 92 37 24 43 23 52 44 98 23 14 37 83 10 87 99 41 62 29 55 56 23 9 74 31 24 60 47 68 20 62 95 67 0 31 97 63 69
46 57 5 80 13 69 96 87 39 15 95 41 17 74 14 85 80 11 85 53 21 64 50 50 53 24 13 42 21 42 59 80 36 94 66 80 33 45 85 3 97 40 51 50 80 58 56 48 52 78 71 80 8 49 80 77 57 21 94 59 9 9 9 2 26 27 97 58 14 40 59 97 43 84 81 52 16 41 90 55 85 80 66 4 52 83 44 84 25 90 24 63 26 93 64 13 11 40 75 9 97 54 27 29 55 55 67 22 57 85 39 36 2 70 72 28 72 72 24 10 68 6 84 58 57 4 18 20 32 92 50 25 4 50 51 41 27 46 38 37 47 79 80 88 98 62 0 12 3 30
89 74 41 99 83 49 2 59 53 23 95 69 37 99 0 7 59 37 97 8 48 28 3 55 46 93 9 99 75 81 53 25 16 51 7 55 68 84 49 73 28 57 69 20 87 11 48 66 72 10 30 58 59 64 31 89 66 48 14 12 52 2 32 29 48 33 45 89 19 83 82 55 19 34 88 83 71 33 73 50 49 38 75 6 28 3 10 89 64 55 22 89 6 52 70 61 15 47 91 18 76 55 92 37 8 51 69 56 41 33 13 32 20 36 20 19 6 0 89 5 2 78 71 88 21 5 87 94 45 84 56 33 56 74 43 90 79 34 11 6 63 35 55 14 90 97 46 0 53 63
1 82 58 79 34 86 59 53 23 92 14 60 5 91 16 77 59 56 69 77 77 70 31 78 20 52 69 0 6 28 56 43 25 18 95 12 50 24 16 48 19 97 38 7 77 47 94 23 70 20 30 70 22 14 39 70 78 30 50 76 71 68 18 75 95 39 26 15 1 11 32 10 39 66 5 38 1 20 96 16 67 95 68 31 56 38 48 12 54 18 97 62 91 32 81 66 68 95 16 65 28 59 39 10 55 58 12 21 73 70 92 54 47 92 48 8 42 95 44 44 47 56 84 77 89 75 91 67 51 87 27 39 63 47 65 11 97 89 35 20 32 36 25 11 40 46 15 99 0 75
44 34 21 38 47 43 69 56 73 73 78 32 98 28 45 77 4 95 10 28 39 45 59 24 91 82 24 38 28 4 90 12 65 69 23 90 73 21 63 91 61 93 62 0 41 64 99 64 7 40 99 52 8 74 98 79 54 18 17 86 39 27 3 61 39 52 12 31 87 4 58 14 3 57 38 76 65 90 18 5 27 19 13 73 32 69 99 51 61 8 70 67 1 81 46 80 11 88 33 94 72 97 27 14 17 58 79 74 63 92 55 25 42 63 71 36 37 73 24 93 99 16 52 1 11 29 20 53 37 19 89 74 50 96 35 56 9 56 34 46 47 8 62 8 94 85 40 5 86 0
