100
882 1065
2 149
378 517
515 726
228 421
38 332
620 983
991 1323
399 677
850 1170
653 922
758 793
301 543
514 534
136 211
559 941
462 812
42 405
415 558
646 674
73 373
16 99
434 450
875 1057
529 557
381 690
689 1041
447 597
350 658
4 357
480 868
187 572
988 1217
230 244
32 217
959 1200
908 1269
539 550
944 1194
737 763
96 255
205 551
686 887
664 1038
537 555
474 717
531 541
869 1146
705 1087
779 844
153 273
455 632
506 754
863 929
928 1097
136 336
32 338
950 1099
717 769
404 653
840 1076
850 850
541 911
539 918
474 541
874 1195
327 692
378 695
482 834
399 612
487 868
520 594
234 285
142 286
351 358
157 502
876 887
866 1061
77 322
175 524
169 467
845 1216
477 589
382 647
653 766
503 682
353 437
898 903
581 729
479 553
971 1257
519 769
722 764
214 530
949 1172
952 1190
733 1103
964 1023
436 529
433 778
0 90 12 90 59 24 2 99 66 67 19 22 46 4 99 36 76 20 56 24 70 50 39 62 80 68 87 33 15 48 43 59 60 88 24 5 89 21 30 93 14 13 35 76 47 71 82 87 85 53 49 75 39 44 35 73 37 83 72 79 67 64 11 98 84 77 51 67 68 77 47 70 44 83 41 61 90 48 78 75 77 96 96 80 74 7 79 81 64 5 86 70 19 45 60 30 33 23 12 91
20 0 76 13 43 92 4 56 90 70 52 37 51 24 5 25 49 42 16 79 76 6 6 62 77 8 96 25 54 61 88 17 3 19 40 23 99 21 91 13 16 83 51 41 99 73 95 50 98 31 33 52 70 4 56 17 78 92 51 8 58 78 80 58 6 79 90 47 28 92 37 82 40 35 99 12 20 87 82 41 13 2 62 13 29 54 16 38 47 65 62 42 35 99 20 49 81 2 13 14
84 55 0 66 90 98 61 7 25 81 2 22 15 31 40 5 28 40 11 73 80 66 42 12 4 71 24 95 97 50 43 41 46 59 22 76 3 32 60 48 29 41 64 34 53 66 32 13 23 51 71 65 66 48 43 40 80 4 32 87 4 48 17 74 9 46 97 50 0 33 80 38 93 32 1 67 90 47 66 37 47 64 42 82 96 64 23 40 20 0 57 10 42 15 69 68 23 90 94 1
42 6 12 0 46 6 86 31 27 35 27 14 54 91 35 21 28 37 92 26 63 20 77 28 94 40 66 92 54 86 45 11 4 8 95 81 93 90 67 56 59 10 16 15 39 24 29 49 47 67 25 9 46 69 40 87 6 51 15 87 74 89 99 71 92 98 17 41 44 13 0 43 96 59 13 3 54 84 6 25 58 18 81 41 21 75 71 16 93 65 24 19 11 57 5 66 92 13 14 42
85 51 82 46 0 24 68 60 27 30 64 95 33 98 7 76 84 73 33 82 16 31 89 99 43 18 6 45 96 14 23 11 6 89 73 82 49 54 52 74 19 98 68 32 72 88 93 91 44 34 63 91 43 32 80 30 94 72 77 85 59 19 87 49 81 77 92 48 87 52 12 71 50 54 25 31 78 10 42 36 72 34 81 12 74 81 60 44 50 91 56 77 50 5 18 43 40 90 38 58
37 1 84 45 14 0 42 74 67 75 22 29 49 11 89 41 46 59 26 55 68 63 83 60 26 98 27 85 59 95 82 11 51 94 35 71 88 95 83 75 49 19 6 8 12 93 51 37 36 72 40 47 91 12 67 31 43 28 88 72 18 84 39 37 36 50 48 80 5 94 61 96 54 9 65 44 95 0 2 78 17 72 86 52 38 67 56 83 89 44 44 87 5 69 97 73 84 98 64 39
58 87 2 67 92 79 0 70 48 17 4 12 34 89 91 66 55 50 35 17 85 40 86 86 15 99 59 72 38 41 97 7 6 93 85 80 38 50 12 81 17 70 54 16 12 47 97 73 75 67 38 10 50 20 55 33 26 20 76 50 43 76 97 58 48 85 84 55 69 77 35 80 42 81 65 73 50 42 90 52 28 46 32 58 90 84 88 89 49 66 19 15 97 72 0 31 62 90 79 82
38 0 8 47 90 72 98 0 14 66 20 64 81 34 75 79 28 0 29 8 5 95 10 90 50 7 21 37 29 14 1 17 71 23 7 2 51 2 29 80 48 83 65 87 52 95 1 5 49 78 56 15 1 78 74 80 80 18 48 38 93 2 99 69 84 51 37 41 99 39 91 77 71 27 80 26 14 86 6 32 88 68 96 65 55 93 38 64 58 37 68 0 54 1 96 53 75 21 51 9
53 1 79 41 59 32 35 10 0 58 43 63 69 84 70 37 76 73 59 98 55 85 71 98 77 37 80 9 55 5 37 71 13 18 96 54 35 58 72 34 61 70 73 52 38 28 44 70 59 20 73 49 34 28 26 52 20 75 96 41 31 0 53 93 56 88 34 3 28 80 67 17 28 68 81 28 67 92 37 23 93 69 21 22 18 86 28 94 82 54 65 8 59 87 7 68 7 23 46 27
4 15 78 34 4 83 15 30 22 0 55 61 95 91 63 92 83 32 8 47 31 70 75 66 6 69 49 89 52 52 43 88 13 4 6 87 1 34 89 75 39 0 2 71 80 98 17 34 87 18 50 8 49 53 39 18 62 9 69 63 83 14 15 16 51 48 72 48 9 17 84 39 96 70 90 8 6 46 26 7 5 25 65 64 18 35 1 41 76 53 2 50 17 17 85 38 14 0 92 89
22 77 37 52 35 89 11 69 94 88 0 89 35 28 19 8 40 35 98 19 24 73 65 13 23 88 13 88 86 95 93 60 28 21 48 21 8 46 46 19 12 12 45 77 85 65 16 69 11 37 89 99 48 58 63 15 3 12 73 49 92 58 18 27 95 45 34 23 10 38 31 38 48 95 95 23 63 90 40 30 91 39 24 95 28 73 91 90 40 43 3 92 28 13 6 88 17 78 12 36
31 45 45 57 40 95 92 1 42 7 75 0 88 82 91 73 76 43 78 53 9 72 14 95 70 57 23 34 80 48 59 41 75 20 22 46 81 91 89 74 98 91 77 92 17 86 41 31 93 60 57 21 59 27 31 97 12 90 86 93 51 50 38 71 25 67 36 26 52 46 35 77 18 56 4 73 45 89 55 17 25 2 35 65 25 19 96 61 27 85 20 55 22 3 43 12 32 11 60 67
85 83 85 41 9 71 90 17 86 12 50 79 0 54 72 44 81 39 47 75 7 5 30 75 14 18 47 49 59 33 16 83 30 92 45 25 32 21 0 73 93 40 68 56 25 69 87 11 53 43 9 51 39 48 74 31 3 94 51 93 29 24 93 56 64 22 92 85 93 87 2 11 50 45 14 60 79 65 6 65 51 17 75 16 41 51 82 5 11 10 6 79 61 50 53 34 75 33 94 11
9 59 77 83 89 32 45 61 97 79 11 96 7 0 12 27 91 79 4 18 81 11 19 34 17 46 19 12 14 95 37 8 84 71 9 43 33 75 5 22 30 33 10 83 80 93 88 74 32 63 66 91 87 14 59 82 6 63 82 15 45 37 96 70 98 94 83 76 74 53 48 92 14 87 21 25 7 72 67 57 71 34 92 62 65 66 82 9 9 44 16 19 26 5 69 51 16 0 91 38
77 78 27 26 48 86 14 96 72 0 43 1 34 68 0 34 87 88 64 32 90 22 27 1 19 72 27 82 56 68 52 79 12 88 59 65 13 74 1 12 40 55 71 80 48 80 57 41 67 95 57 93 19 39 80 60 78 10 32 41 75 71 72 80 8 76 46 44 67 38 62 37 44 63 42 3 48 10 14 16 95 74 45 68 41 25 44 39 25 29 16 94 38 27 96 99 89 28 64 31
73 4 51 84 3 22 45 85 75 14 73 86 97 59 79 0 18 91 35 80 6 87 9 39 24 17 88 30 60 44 79 35 52 22 86 44 80 61 66 94 6 66 16 64 61 88 60 81 25 23 11 87 59 54 48 77 71 19 58 89 92 35 34 67 93 24 92 67 67 9 44 72 73 87 77 31 91 38 93 45 51 52 60 59 33 16 93 12 91 84 48 28 27 37 87 16 14 91 29 55
16 39 62 23 70 76 63 61 57 62 85 20 96 37 48 74 0 65 9 54 52 14 43 83 59 5 3 31 10 81 18 48 91 33 3 26 70 52 43 24 18 57 76 18 82 59 73 24 16 7 13 49 12 2 84 13 15 83 14 61 9 96 68 91 48 83 96 48 11 3 0 87 83 13 35 5 75 64 75 23 18 30 34 2 91 88 3 80 45 22 10 40 37 82 36 16 83 58 55 91
42 67 93 87 39 14 75 25 86 72 79 46 11 88 94 35 11 0 46 38 92 88 86 22 70 31 24 75 33 13 43 1 89 25 19 71 69 55 56 77 52 24 14 32 59 26 10 44 52 2 43 72 57 13 70 24 73 87 91 88 42 26 97 57 89 53 84 16 63 35 35 97 59 56 18 86 11 41 64 82 20 37 82 24 64 84 96 78 31 50 52 69 43 68 18 4 14 25 77 64
27 94 90 21 7 54 14 24 6 76 60 76 51 3 83 93 38 37 0 30 18 82 32 79 96 82 57 56 71 93 89 81 38 77 52 57 28 47 48 10 3 91 20 68 88 40 79 66 15 84 53 1 86 43 51 21 22 2 83 33 44 69 54 81 25 36 31 80 4 98 49 39 58 26 91 74 75 3 73 73 65 92 3 94 73 32 10 14 30 77 95 28 7 91 44 54 36 97 46 53
29 46 6 76 24 1 3 99 36 68 93 74 41 58 76 77 74 59 31 0 53 43 93 56 17 74 2 26 97 93 48 39 50 32 1 24 73 55 58 51 73 52 98 61 60 88 4 78 87 85 54 56 40 79 21 51 80 2 24 6 56 11 1 93 73 51 51 97 71 80 80 20 31 25 13 97 97 40 33 37 51 98 34 61 76 71 63 39 14 78 98 7 3 70 74 98 24 27 17 84
60 77 46 13 44 40 48 38 88 29 79 20 2 34 25 21 4 22 64 69 0 99 77 99 54 17 54 3 80 80 1 59 28 86 45 46 62 11 44 51 6 40 51 15 56 45 93 90 32 73 74 89 94 89 90 49 13 69 54 28 20 34 26 16 66 58 83 13 78 35 69 62 7 61 86 55 65 87 68 92 45 16 95 19 45 76 86 83 2 35 67 88 87 19 47 89 54 73 57 47
90 57 45 24 56 90 24 21 58 32 66 12 27 77 43 46 94 34 88 13 47 0 84 63 96 13 50 65 6 26 81 5 61 81 30 41 9 29 64 3 3 28 51 23 65 57 96 15 61 48 76 67 6 59 33 29 75 2 73 91 35 33 28 38 32 5 17 47 3 56 90 80 20 69 88 9 23 96 83 81 90 70 46 75 36 39 55 93 71 24 51 20 94 44 53 11 13 36 84 83
12 30 0 74 76 54 96 79 76 92 17 65 99 78 79 84 23 45 42 20 21 59 0 31 34 9 85 40 30 34 96 23 95 75 41 93 50 65 75 0 18 63 54 27 51 12 22 44 2 20 27 73 7 92 59 68 80 39 49 58 51 89 98 20 83 2 95 7 15 94 90 50 93 13 84 11 7 51 34 16 22 57 18 39 35 26 47 48 20 69 80 39 19 55 39 17 74 90 32 86
24 95 82 14 31 81 46 36 50 78 54 54 95 96 94 23 61 78 64 49 94 8 5 0 80 6 62 67 9 58 67 51 4 64 33 98 11 67 84 63 21 54 6 0 95 16 64 37 70 84 57 90 3 54 52 53 37 27 29 42 91 37 98 63 19 18 92 76 62 31 84 95 27 42 36 61 19 55 27 60 0 4 91 37 28 62 5 47 11 78 93 60 82 36 38 90 52 96 30 40
15 23 17 37 54 19 80 23 43 7 41 67 52 79 99 50 44 64 66 89 81 77 34 89 0 73 46 46 47 28 20 9 30 15 20 51 98 81 87 64 3 31 36 75 59 13 84 22 71 98 1 33 42 82 2 85 2 31 49 83 18 10 36 76 22 80 75 0 60 11 28 52 39 43 28 62 89 42 72 25 86 4 36 39 0 37 89 60 28 64 29 52 49 29 52 41 95 34 34 47
93 34 67 33 32 61 60 63 45 13 41 45 7 41 81 11 10 94 42 95 14 92 3 88 71 0 16 0 71 88 59 46 51 97 58 41 36 50 71 31 1 83 89 68 65 99 95 70 51 49 58 74 81 88 19 54 48 25 27 82 22 2 57 51 99 95 13 98 99 50 23 9 16 24 64 48 26 80 50 20 25 80 88 91 32 41 50 8 13 68 67 42 20 37 69 21 70 66 89 41
71 65 77 4 53 82 65 30 24 90 96 34 56 72 28 1 56 27 53 51 65 14 70 69 14 60 0 95 12 22 37 78 18 29 60 76 83 48 1 27 7 77 60 47 54 60 98 16 74 38 2 99 84 55 73 90 42 82 30 77 55 73 88 83 5 25 92 6 70 49 38 77 29 43 89 74 97 38 3 54 13 21 85 64 8 93 89 83 29 74 27 85 75 70 86 93 58 69 94 14
97 49 27 73 4 44 88 54 91 80 49 11 41 95 87 18 37 85 96 63 33 90 78 34 86 12 10 0 2 43 80 27 34 29 81 30 74 68 87 92 24 30 81 70 44 53 64 60 18 12 4 56 42 71 18 60 63 96 68 19 93 45 9 96 26 16 22 70 44 9 92 62 67 80 45 1 25 65 62 1 40 85 25 84 7 62 89 99 42 64 72 26 53 36 6 67 58 48 96 19
82 18 30 63 57 98 99 81 47 85 72 88 14 99 70 36 68 28 70 76 94 22 46 84 69 34 89 47 0 21 74 12 31 49 66 11 49 84 34 61 65 78 6 6 76 95 57 52 97 78 70 87 88 52 12 29 48 69 7 48 9 86 86 77 82 40 61 19 53 44 55 57 18 61 84 40 81 11 44 21 56 26 78 19 65 31 31 55 44 22 82 36 30 6 2 95 72 87 8 56
16 59 64 97 20 43 34 4 55 9 25 44 61 39 21 65 37 29 91 72 23 6 76 1 57 78 42 26 18 0 95 33 53 60 55 13 79 99 35 84 31 90 86 0 30 50 30 93 9 81 27 76 10 28 7 8 89 5 36 55 45 29 0 92 22 78 13 95 92 86 66 33 43 5 39 27 61 24 98 61 15 1 47 32 5 97 17 8 8 47 73 28 21 74 42 38 68 15 32 62
27 98 97 32 63 0 9 32 84 35 68 51 42 52 12 76 33 35 36 76 76 43 72 9 40 78 69 39 48 17 0 76 24 36 48 16 15 46 34 51 14 17 86 91 52 6 26 68 72 19 92 2 16 44 67 51 92 94 17 26 24 59 2 33 41 0 71 30 50 5 21 59 42 2 69 73 82 60 92 69 87 40 11 18 64 28 13 71 84 56 21 79 80 67 91 70 40 55 81 98
26 74 75 13 17 58 46 77 22 96 54 20 57 34 63 56 55 55 92 2 48 43 75 45 43 19 96 57 84 60 81 0 16 19 4 58 65 62 92 86 47 56 37 81 2 86 69 25 94 3 90 65 34 94 96 58 78 55 25 2 58 55 78 76 61 30 55 14 84 83 54 39 9 28 98 74 61 59 75 47 34 46 55 9 67 69 53 80 37 90 97 96 95 83 21 92 47 27 10 61
6 53 81 28 46 13 18 67 35 52 51 63 80 80 76 11 15 96 44 27 4 45 53 80 40 73 85 78 91 62 30 11 0 35 34 0 46 40 45 4 71 45 47 96 9 0 25 16 73 84 11 66 16 97 84 99 21 11 10 48 95 48 99 39 27 67 46 18 20 10 11 64 35 91 58 39 19 6 28 16 65 0 61 33 57 7 25 27 67 72 88 71 27 79 55 98 82 6 75 54
10 0 67 93 74 32 42 71 29 46 61 6 96 90 21 93 47 61 84 63 58 29 47 1 17 30 86 38 16 9 19 41 0 0 7 84 88 71 63 12 52 58 15 28 14 8 60 1 70 65 66 97 22 9 97 90 40 5 0 5 88 32 83 6 88 33 39 91 55 97 18 53 55 69 25 67 12 47 82 22 29 27 27 34 48 42 45 80 17 6 33 58 2 97 9 11 13 16 44 96
71 2 56 0 91 93 56 14 29 32 20 36 70 83 43 38 26 86 86 10 83 42 0 37 78 7 51 74 10 22 57 52 38 49 0 12 61 96 42 29 13 36 49 14 98 90 6 47 52 58 4 36 84 81 64 63 22 40 67 87 5 67 11 0 33 3 60 84 12 13 60 19 19 49 1 44 48 55 41 80 76 68 73 7 63 43 2 53 65 8 95 39 91 32 47 0 52 48 73 1
61 30 26 55 38 4 7 36 31 84 38 35 57 20 90 42 37 32 32 55 28 95 59 69 85 39 93 34 59 86 24 24 69 37 50 0 81 50 41 56 87 83 49 47 40 16 57 70 10 14 96 7 36 10 36 24 92 75 70 83 10 49 24 62 93 95 35 10 95 45 85 87 64 99 58 99 30 35 21 17 46 91 79 95 72 7 14 14 78 27 20 36 93 75 85 34 47 85 0 91
48 3 63 98 28 83 75 80 90 23 30 71 39 70 73 16 54 40 84 73 95 51 6 1 20 58 12 88 55 39 3 20 0 33 16 63 0 90 46 97 74 9 93 74 62 93 58 51 48 83 65 49 86 62 83 61 38 18 68 31 30 41 42 26 33 92 29 90 80 92 75 14 8 52 98 82 19 9 10 98 89 84 21 86 62 26 53 66 49 47 12 38 17 10 49 77 43 0 38 31
24 38 0 46 38 15 38 63 10 61 57 55 79 26 71 49 70 85 32 25 76 76 32 5 54 6 95 21 43 95 3 50 32 25 47 73 17 0 17 78 67 48 13 47 86 5 42 66 79 89 67 69 9 93 27 98 7 24 51 67 25 98 13 39 90 1 41 88 58 54 30 52 74 18 3 65 51 53 40 21 38 3 12 39 98 80 80 34 48 70 38 27 37 81 55 4 67 66 5 36
31 39 30 41 69 9 76 3 81 70 50 8 4 53 64 1 18 31 7 8 82 85 32 83 85 0 60 92 22 59 35 34 9 54 71 84 3 27 0 4 72 79 49 21 61 19 52 5 56 14 12 81 67 72 50 46 65 43 90 41 75 57 96 68 0 18 57 51 75 32 22 28 26 71 22 87 74 75 9 18 55 38 45 65 45 31 37 77 30 11 95 59 25 79 78 92 87 6 79 61
20 76 24 89 66 44 5 45 22 30 50 97 30 81 12 4 84 27 19 45 18 47 99 99 62 83 52 67 95 87 28 0 69 95 75 24 40 40 2 0 23 53 45 12 61 28 51 43 71 38 93 75 18 56 94 30 59 88 44 36 76 8 87 51 15 23 73 94 3 31 29 16 59 5 43 4 7 43 50 2 29 20 71 99 48 10 82 96 92 65 51 74 94 23 12 21 57 98 22 15
43 30 31 11 12 1 86 72 98 65 69 40 62 99 22 1 28 9 51 61 31 87 75 24 60 22 24 86 32 89 85 15 87 94 95 38 66 8 60 25 0 21 78 70 83 42 49 38 48 5 26 14 58 97 1 91 55 58 51 48 24 17 56 44 14 29 0 22 73 83 50 35 71 47 81 77 13 98 79 0 12 2 96 67 79 46 34 19 9 70 20 91 46 4 20 92 35 32 52 66
3 3 51 95 34 74 72 42 84 46 74 15 96 5 5 70 78 16 23 21 34 30 80 13 83 69 90 62 85 66 0 8 73 98 97 93 60 87 24 2 79 0 47 81 56 86 22 86 6 94 73 92 7 44 61 44 83 5 18 80 12 93 17 84 52 24 10 0 61 65 22 66 93 72 76 14 1 46 13 57 23 30 99 38 16 69 10 88 93 89 1 87 44 17 32 84 83 14 26 17
69 77 91 90 46 8 47 48 38 51 55 33 88 17 63 50 11 1 78 5 21 10 85 87 80 6 68 94 15 42 49 46 5 23 46 91 13 56 82 43 42 70 0 79 22 69 15 93 85 21 28 51 8 30 35 66 39 86 82 10 77 79 53 1 77 93 73 89 47 80 43 83 0 60 16 74 88 10 82 3 48 3 86 26 46 76 53 54 97 98 12 47 78 4 78 77 98 81 33 44
74 35 84 4 49 17 52 93 35 51 49 30 62 2 64 5 23 50 66 65 24 67 14 18 61 67 30 58 50 48 84 50 11 19 54 10 73 84 96 37 67 28 71 0 55 68 61 81 23 60 40 52 20 82 1 41 65 85 43 76 22 6 80 35 7 76 2 4 43 69 98 40 75 90 0 85 96 49 40 1 60 12 33 47 59 48 9 89 91 59 6 25 25 48 3 56 22 94 10 4
89 1 80 26 95 42 15 89 90 17 16 97 59 81 83 23 2 21 18 75 68 96 27 72 93 36 76 92 58 60 12 82 29 14 29 16 36 73 66 70 25 35 56 52 0 65 58 6 86 75 54 94 90 95 76 64 97 13 64 66 73 90 36 68 66 86 74 7 10 75 60 48 95 28 61 81 69 86 12 33 50 21 99 48 17 2 30 5 75 84 33 48 60 28 60 88 37 32 6 66
31 59 18 64 46 27 36 47 65 28 27 27 80 75 82 59 30 56 74 18 77 86 74 69 35 68 16 4 61 98 68 91 69 36 41 96 38 32 21 76 40 37 22 56 33 0 66 41 57 91 54 67 64 14 35 96 98 88 59 58 31 36 15 71 78 61 9 70 98 66 11 12 50 51 45 63 29 23 21 58 40 10 58 56 47 64 63 42 63 68 81 59 1 21 27 37 21 17 72 56
90 84 68 10 74 96 45 84 33 46 72 38 30 85 80 30 67 7 17 43 18 6 69 86 10 96 51 29 58 34 9 19 88 25 71 55 4 58 4 40 3 10 61 68 32 51 0 41 61 51 54 59 79 92 24 98 21 57 73 8 3 88 9 4 71 29 70 12 57 21 18 54 88 96 83 56 36 11 37 47 46 6 51 81 90 37 66 19 2 87 80 46 97 79 80 78 8 27 90 43
42 97 51 91 36 17 29 92 49 65 37 52 9 96 94 97 96 83 58 63 67 9 23 18 80 42 33 38 83 43 48 98 49 52 5 14 29 29 76 38 34 31 9 9 19 53 43 0 50 97 76 21 77 65 18 22 14 17 84 59 22 93 29 29 99 62 89 58 0 82 95 83 59 15 13 88 71 78 26 53 94 86 86 63 56 57 48 0 89 18 18 18 21 15 75 26 2 13 11 81
89 84 43 22 31 40 27 38 44 60 70 13 20 33 94 75 68 22 46 50 75 36 90 35 19 59 74 34 56 9 73 99 47 78 7 16 74 25 68 83 42 90 18 47 37 8 74 10 0 22 98 61 51 51 95 82 32 21 98 78 99 81 48 59 14 56 7 88 62 8 34 13 22 28 52 75 62 26 81 71 36 32 2 12 85 50 34 18 2 75 74 0 1 0 14 72 10 75 83 49
73 96 64 81 42 92 42 14 67 46 47 73 21 53 25 90 32 38 96 43 41 83 90 7 54 72 35 90 90 61 21 74 33 17 40 49 2 11 10 10 84 63 59 48 85 36 17 34 55 0 6 83 89 29 30 34 62 19 98 81 14 0 15 98 90 17 32 41 59 57 20 54 49 59 98 82 23 77 64 23 93 43 89 65 86 32 14 97 93 20 75 86 6 84 86 98 91 85 38 51
22 73 25 40 42 62 92 64 23 87 71 88 54 98 94 42 22 50 43 40 69 32 84 93 16 37 12 70 97 3 74 75 27 22 25 2 64 99 26 60 44 65 58 40 3 95 60 69 36 89 0 90 87 55 43 32 3 94 47 55 56 20 79 71 71 39 10 0 50 62 23 77 98 58 50 31 27 12 30 89 18 73 12 78 81 62 89 51 10 42 81 20 33 78 36 27 45 60 8 91
35 68 91 36 2 75 11 14 55 65 77 74 93 28 86 93 32 56 22 72 81 2 88 64 70 47 51 49 51 35 1 51 32 62 39 12 26 52 89 93 44 93 27 50 45 53 23 92 80 82 76 0 91 19 2 86 57 93 5 35 8 17 92 23 80 5 76 56 1 57 85 76 23 29 13 96 91 28 24 32 75 92 19 67 66 17 15 16 52 9 27 44 65 0 85 60 71 84 45 94
85 40 38 72 0 26 3 70 82 49 40 25 28 47 42 11 70 62 17 25 23 71 47 78 19 31 95 65 91 96 1 87 34 80 67 2 93 37 33 27 39 68 46 64 35 26 88 8 41 83 77 61 0 44 12 47 78 48 93 54 54 76 88 65 13 12 40 40 20 55 40 53 18 67 38 70 10 72 81 51 90 92 52 5 39 77 38 1 2 41 57 58 81 91 45 26 12 90 81 23
33 29 99 20 50 76 58 62 45 16 21 6 72 64 31 49 73 71 46 86 28 95 6 37 76 62 40 36 46 25 52 54 31 86 32 54 40 66 3 2 47 38 50 33 18 41 60 62 46 18 9 6 47 0 94 86 18 96 16 53 8 47 37 44 56 14 5 10 73 30 7 18 89 62 22 57 65 23 71 18 91 60 30 31 91 73 26 10 57 34 48 11 59 62 11 98 33 46 38 97
26 34 84 71 84 99 12 36 89 43 38 16 21 20 48 28 41 46 32 35 59 86 99 56 9 5 53 31 63 35 21 99 14 62 37 69 63 31 76 46 81 78 70 17 24 33 6 67 70 54 54 49 60 4 0 58 69 92 23 6 71 81 50 60 14 57 25 35 18 57 62 70 57 60 38 10 2 9 37 35 98 46 98 26 75 78 71 47 50 96 27 84 10 43 55 29 63 32 30 9
43 7 95 35 27 76 82 47 32 11 86 90 73 10 2 51 68 61 72 28 43 19 18 29 81 94 15 8 82 29 38 50 84 14 62 16 18 45 66 98 67 24 54 29 86 39 64 70 31 47 22 7 64 35 77 0 32 93 12 26 71 77 77 95 94 16 55 27 0 91 48 49 41 63 7 23 30 15 2 62 74 49 49 61 39 83 29 21 48 10 31 51 35 52 3 12 46 47 32 19
23 20 98 57 49 26 86 13 58 51 18 62 54 69 79 54 83 2 10 4 95 21 55 89 9 33 67 84 87 65 40 11 8 2 17 31 8 58 30 33 16 19 83 9 27 96 54 80 59 24 3 59 0 16 78 60 0 53 67 89 20 25 14 34 78 42 40 55 24 58 47 73 69 73 82 37 97 22 31 19 38 46 98 91 70 67 89 52 51 33 16 62 98 50 87 53 82 12 12 76
18 94 37 60 84 33 19 8 59 1 43 27 30 10 59 80 51 50 23 9 69 27 99 8 21 97 59 55 12 37 15 37 21 59 57 69 7 4 5 85 43 24 86 44 87 36 12 60 15 47 96 53 22 50 41 85 46 0 66 32 75 80 53 29 97 58 0 6 24 6 17 20 52 84 69 49 80 22 82 89 12 63 75 63 10 99 91 73 36 38 70 86 32 10 4 80 1 28 14 71
71 13 61 96 90 42 70 21 41 81 11 76 97 66 99 76 41 68 57 67 18 25 66 40 67 13 78 49 6 94 69 87 68 62 20 66 77 59 57 96 68 2 53 22 53 2 93 98 7 46 8 53 61 58 92 46 22 19 0 28 75 21 27 59 59 81 47 23 9 64 17 36 13 60 0 76 50 6 75 45 17 3 26 2 66 41 39 7 59 19 48 39 61 63 76 69 50 12 34 62
41 3 71 17 48 58 64 88 97 0 17 22 61 3 53 42 35 79 43 51 23 76 3 75 29 6 3 17 70 76 88 97 94 18 95 31 83 64 20 61 31 24 71 53 37 58 9 95 58 25 97 53 46 96 85 0 77 31 90 0 59 89 12 12 0 75 63 15 35 97 62 30 52 84 98 82 41 7 86 57 78 73 7 72 82 23 46 40 72 26 69 30 50 46 99 32 66 49 78 11
67 79 46 73 37 79 11 44 92 95 16 34 41 80 32 20 78 14 94 13 21 85 71 62 9 15 85 15 27 21 2 16 16 26 66 0 76 95 62 53 92 13 82 38 34 29 5 71 36 24 32 9 58 20 3 80 24 19 39 45 0 49 48 7 79 68 21 97 68 9 21 81 69 25 26 41 25 24 61 69 85 91 95 81 55 82 17 57 88 13 17 0 25 88 90 86 85 41 56 87
6 60 84 3 44 85 6 95 29 57 98 37 62 39 49 66 3 34 28 11 23 73 80 78 35 94 73 64 69 86 37 16 82 51 37 35 31 33 80 45 89 77 15 7 35 76 83 29 91 26 56 53 32 9 28 41 5 76 3 71 57 0 55 84 25 28 72 83 55 44 54 26 11 80 19 2 20 63 72 39 60 7 81 44 93 76 42 0 37 47 83 25 30 1 83 48 63 87 38 40
11 90 43 59 30 56 14 91 70 38 71 63 74 19 32 96 8 60 27 88 88 98 44 74 8 57 31 13 44 73 46 64 9 19 72 34 7 10 15 74 52 83 36 51 23 92 34 13 15 41 67 84 47 80 44 89 51 91 56 28 42 27 0 38 39 23 49 70 35 42 80 0 52 50 76 90 49 48 45 62 26 64 0 83 26 43 99 18 82 26 17 40 10 24 37 63 59 13 41 44
65 20 27 79 31 42 55 73 6 66 14 56 96 34 5 42 14 47 18 59 93 79 44 50 74 99 14 66 4 97 87 66 30 2 19 31 56 79 76 60 40 3 4 36 10 34 40 47 59 69 4 66 9 5 31 64 64 6 83 10 60 35 76 0 66 34 49 30 46 25 4 15 81 53 77 73 47 89 76 55 63 58 1 64 32 45 42 49 56 50 44 42 18 45 77 30 45 84 83 96
94 49 12 3 70 10 98 25 59 0 14 91 85 63 78 85 71 88 87 17 52 64 47 97 27 38 11 43 61 81 22 66 5 6 24 7 17 1 77 24 67 24 66 98 78 7 71 36 74 91 69 24 21 21 68 78 50 58 37 33 49 59 7 31 0 0 4 27 2 52 74 70 32 47 33 29 61 11 50 92 57 40 5 53 80 61 65 29 21 61 30 67 27 81 68 51 53 42 38 97
52 58 95 64 53 71 49 67 85 48 40 68 19 6 81 14 87 2 68 74 30 48 55 15 38 4 92 75 57 34 55 68 93 2 36 87 81 59 84 53 93 75 67 64 16 3 4 24 86 16 22 71 46 42 23 48 31 97 5 45 77 4 65 7 33 0 80 43 69 94 57 5 19 13 89 81 30 10 80 99 78 59 77 80 7 86 96 99 21 25 66 33 28 13 86 27 39 75 98 28
82 43 71 40 78 99 61 29 56 0 15 33 4 96 61 40 24 36 48 85 3 12 11 73 54 94 92 27 67 16 70 97 53 64 79 75 63 32 84 32 9 27 88 14 57 38 61 8 59 56 33 73 80 74 29 43 96 63 22 75 70 94 34 52 43 96 0 22 28 70 57 92 29 71 64 4 17 53 61 59 56 40 0 70 34 3 91 4 0 44 66 74 1 91 34 63 29 84 18 60
82 32 68 86 61 87 56 94 73 32 56 98 17 23 68 86 61 58 46 30 99 57 35 52 60 95 59 77 18 56 44 52 82 4 10 14 69 45 32 18 90 30 99 67 68 29 9 97 63 20 81 58 94 41 85 1 14 49 90 97 60 99 81 71 32 46 83 0 69 93 63 21 85 53 37 99 22 97 98 9 85 2 16 92 97 27 52 27 49 94 62 75 9 88 48 90 9 16 66 98
19 91 22 85 84 15 85 91 21 59 10 1 54 21 45 2 8 81 77 62 39 13 53 97 74 44 70 85 6 54 37 14 22 19 92 11 29 27 47 43 38 29 6 50 20 3 23 87 72 81 68 87 89 11 61 29 79 20 45 36 53 9 65 43 3 95 22 51 0 54 80 93 48 80 42 37 82 2 70 44 75 8 28 48 71 14 81 52 77 91 77 76 25 46 18 60 5 91 20 74
13 25 10 46 52 25 6 37 27 51 86 72 51 36 41 24 37 71 22 5 48 85 26 88 13 42 89 65 38 32 88 40 24 96 65 92 31 48 76 27 39 54 0 56 74 73 39 98 14 29 83 58 18 23 55 9 27 63 14 57 68 28 98 47 53 76 67 0 10 0 28 16 20 88 39 91 28 25 8 13 3 6 90 58 32 70 61 36 71 5 86 87 17 74 11 49 17 74 80 36
81 39 5 7 64 83 88 14 63 33 92 72 11 53 92 16 42 94 17 45 35 70 79 70 10 25 63 63 2 79 43 40 22 41 79 33 60 41 64 10 84 51 97 58 0 35 38 37 3 37 74 98 52 81 6 74 94 12 87 93 9 44 88 26 57 80 49 33 45 49 0 51 49 5 48 93 61 87 80 38 60 15 58 34 3 87 38 29 9 49 1 25 82 6 81 86 74 70 16 83
8 57 37 32 29 64 18 7 94 27 58 90 14 67 78 78 10 39 28 65 69 83 36 24 1 47 37 26 50 68 1 27 70 93 73 25 51 46 17 15 29 88 85 91 31 18 52 77 72 55 34 3 60 59 75 35 72 46 91 29 55 52 98 83 57 71 39 59 51 56 46 0 26 63 5 22 39 29 92 25 32 32 63 46 52 93 76 93 52 62 98 6 1 60 99 13 35 55 70 70
19 22 4 24 54 74 48 40 37 53 31 30 62 88 28 24 25 49 98 0 70 10 84 50 99 34 54 26 2 90 87 42 34 7 1 57 9 2 39 97 76 35 50 94 46 62 89 46 54 33 88 31 65 76 49 28 77 13 12 53 98 33 90 64 15 8 85 32 38 77 63 75 0 28 81 88 20 90 31 2 14 24 84 27 34 76 63 54 14 47 23 7 12 15 11 89 32 5 18 51
44 72 82 46 42 92 80 32 2 6 6 55 18 66 54 35 67 8 75 75 92 15 77 3 56 70 40 17 24 68 96 54 73 93 88 62 81 52 54 96 57 18 80 10 70 89 13 12 40 47 78 36 59 21 89 74 6 68 22 46 64 3 19 62 57 30 31 3 1 17 24 81 80 0 3 33 92 3 19 7 25 36 78 10 5 17 80 16 95 57 7 78 17 45 95 52 55 39 15 58
29 19 79 29 23 6 84 66 59 39 46 8 10 94 96 3 29 24 63 68 86 20 45 39 25 2 37 69 21 50 99 87 41 17 97 44 44 33 61 45 95 93 60 56 39 91 64 22 7 59 42 38 85 71 68 12 32 25 31 10 41 62 72 15 15 70 83 24 45 42 47 84 56 11 0 24 47 33 95 93 2 33 38 30 63 5 10 73 34 73 98 96 14 63 73 90 13 85 31 55
98 7 64 12 41 85 11 95 54 27 4 8 46 46 30 4 38 86 51 47 67 66 3 71 14 98 21 59 22 33 92 55 12 67 18 83 17 48 84 76 91 91 74 32 17 15 48 36 56 49 42 0 29 68 66 78 6 53 4 36 17 74 49 39 81 86 58 60 1 20 92 2 89 51 45 0 69 27 36 30 54 16 97 45 49 34 33 48 86 94 25 35 44 98 3 66 74 5 59 40
69 17 61 18 19 75 85 87 36 87 0 14 74 26 44 0 8 50 26 87 73 68 67 70 2 31 89 84 81 98 34 16 50 22 33 95 41 97 4 71 81 92 34 51 65 52 73 20 65 41 18 94 9 40 54 19 36 0 39 5 22 55 83 5 96 44 35 33 64 18 88 89 56 46 9 92 0 69 60 8 32 20 16 40 2 13 24 50 54 40 44 70 48 26 46 94 32 61 95 73
12 34 30 91 98 27 43 58 15 86 83 12 94 23 1 68 89 18 69 25 49 77 51 17 27 67 62 55 55 46 30 93 56 29 49 46 59 87 42 48 67 67 5 37 6 63 74 20 90 19 97 27 62 99 5 10 97 28 82 11 40 40 54 51 11 84 22 54 44 13 89 12 58 1 59 86 63 0 62 92 24 12 22 53 62 93 71 33 31 2 21 86 95 65 53 93 85 38 78 32
35 90 70 52 12 27 19 20 61 3 25 31 11 81 93 53 18 19 31 46 37 20 6 54 86 74 27 69 79 91 8 15 48 90 82 43 85 75 31 35 41 61 89 89 36 5 15 69 44 8 32 62 4 41 18 90 61 47 85 57 68 28 70 37 21 88 69 76 31 30 81 98 87 3 82 4 16 14 0 29 53 31 45 27 41 44 82 18 85 43 45 25 98 80 91 50 4 87 5 86
65 71 60 12 6 16 36 82 21 90 41 97 85 10 95 82 3 94 74 54 3 9 13 7 78 83 86 93 96 37 24 0 6 64 7 42 22 76 18 56 78 91 11 55 22 96 36 46 42 36 28 97 2 85 0 77 64 28 58 22 98 52 60 17 39 30 25 3 64 4 79 52 74 36 15 84 13 64 77 0 41 54 25 1 82 8 61 31 61 13 92 87 21 69 77 2 77 75 95 26
34 70 17 19 22 16 78 18 44 63 46 90 46 39 85 85 32 40 61 2 88 88 95 86 48 65 45 0 87 64 52 60 99 7 74 29 10 17 87 51 20 14 32 97 16 33 61 44 69 52 84 14 61 79 38 72 37 94 82 25 34 17 76 0 40 24 81 83 86 60 74 32 90 49 17 35 81 41 88 28 0 73 25 14 81 36 66 97 15 8 93 76 76 4 38 54 87 86 12 50
53 79 26 89 17 39 96 33 55 55 34 34 32 45 90 60 86 88 45 38 36 93 37 61 37 26 30 88 35 87 74 82 10 38 75 86 23 59 0 20 52 47 5 36 95 77 68 77 59 3 51 97 77 66 11 42 75 7 11 61 14 81 21 75 90 77 59 4 18 29 28 11 44 99 76 35 55 67 22 20 98 0 46 16 95 12 88 52 59 75 0 26 23 11 1 83 61 46 11 53
75 4 94 58 9 70 54 73 46 42 15 55 38 20 22 97 34 41 40 14 70 24 79 28 5 2 87 82 39 35 38 45 85 21 96 79 47 89 23 69 24 88 85 90 99 10 23 27 62 61 18 79 56 96 62 3 55 0 12 58 87 44 33 38 19 76 14 7 76 27 14 88 45 36 36 35 59 92 72 46 83 39 0 85 88 13 75 51 43 63 67 74 72 71 50 33 72 47 31 77
95 32 47 7 28 60 82 88 33 17 18 81 20 85 23 44 51 30 58 56 61 71 67 83 43 70 13 33 29 76 34 33 13 39 55 82 10 63 52 90 72 26 66 38 5 92 50 75 41 50 20 97 46 57 21 19 97 46 79 26 82 24 96 60 36 78 29 26 32 85 73 8 83 13 93 59 55 17 53 25 78 21 65 0 10 94 55 70 78 86 93 72 33 94 82 90 57 11 57 71
57 37 40 18 23 47 53 34 83 52 77 87 63 5 44 20 40 98 19 41 6 68 44 43 78 67 83 45 23 58 45 6 33 55 32 94 81 27 54 38 22 3 82 99 15 95 36 52 66 92 95 96 22 48 4 29 54 35 51 4 46 93 56 68 23 51 59 66 90 47 58 28 42 77 42 39 55 25 30 92 10 45 62 8 0 87 79 44 19 77 62 61 45 44 88 65 9 26 87 15
32 77 55 19 56 6 84 38 12 99 53 26 56 92 18 32 39 62 53 68 74 84 37 98 93 77 72 49 7 75 62 7 6 93 37 66 54 33 41 28 98 21 22 99 16 9 72 48 68 1 53 33 9 62 85 3 19 45 69 84 48 99 60 34 24 79 4 73 85 83 45 88 0 32 87 48 90 47 76 17 8 2 37 14 12 0 75 46 61 83 72 26 15 73 64 52 87 99 18 23
62 32 36 14 84 74 20 52 51 90 55 12 40 6 41 23 28 73 53 37 10 51 62 10 90 15 95 80 21 35 1 50 40 31 61 64 77 78 90 28 19 21 86 79 53 58 60 3 75 78 42 5 63 93 81 98 40 25 26 14 67 40 52 73 18 62 37 5 65 15 60 84 6 18 85 89 51 95 93 19 93 30 41 7 7 8 0 91 77 15 24 4 15 5 47 8 56 42 14 77
88 82 85 32 26 44 23 48 35 69 6 61 17 52 91 4 7 22 24 15 84 23 82 36 53 21 31 55 82 3 61 44 67 5 75 45 52 23 31 46 88 25 52 26 16 31 91 24 17 37 76 19 70 42 63 2 22 92 76 23 65 68 33 15 80 37 47 32 71 68 35 31 99 51 78 15 0 87 34 55 99 7 63 88 22 69 99 0 37 21 79 72 57 23 87 54 16 94 12 15
49 28 32 50 37 97 16 78 96 75 42 61 87 75 72 47 37 26 96 1 44 16 1 29 72 45 80 44 18 79 21 18 39 68 56 93 36 65 48 30 23 18 45 50 84 33 73 49 18 89 74 82 52 52 59 56 71 96 6 25 59 52 71 92 58 45 75 72 47 6 53 55 59 72 82 40 4 91 73 30 83 55 78 55 79 70 33 55 0 86 18 2 16 68 24 91 78 33 52 13
96 76 53 80 72 25 43 9 60 16 37 16 10 56 38 95 90 72 75 67 49 65 61 22 84 0 23 88 52 49 23 97 85 83 83 98 17 15 78 60 25 45 6 37 12 24 66 54 48 37 84 57 28 21 90 40 85 90 19 11 42 25 23 4 27 8 60 61 71 65 96 16 93 17 59 43 57 75 36 99 36 1 84 87 65 77 16 68 70 0 63 63 15 87 19 84 55 98 31 84
49 49 39 41 1 13 62 9 61 52 44 47 19 71 7 49 40 69 98 85 54 5 1 42 70 12 57 61 63 26 54 69 55 76 73 92 1 42 63 99 23 13 78 46 11 9 58 43 57 5 0 49 64 79 34 90 89 59 40 9 11 97 92 2 10 84 65 31 93 52 85 63 46 27 35 86 13 66 9 13 17 83 55 17 83 38 92 73 81 63 0 33 84 53 31 27 87 9 75 18
33 62 85 0 34 71 27 84 37 10 91 92 96 74 67 5 48 57 81 32 94 95 14 99 33 81 50 68 58 48 22 45 8 92 98 74 88 49 3 2 20 11 6 28 33 75 41 33 42 61 14 17 18 63 90 47 80 96 56 7 12 77 50 70 60 76 30 45 62 58 15 5 60 72 27 13 80 46 29 33 26 59 88 26 88 56 24 37 85 98 85 0 10 57 41 22 49 74 67 2
45 49 49 35 39 5 3 76 4 82 37 88 86 0 79 23 6 33 84 94 78 97 9 81 78 65 70 90 8 10 51 90 63 95 25 6 81 78 75 84 27 86 56 96 68 13 72 28 73 49 98 85 64 22 67 41 62 47 63 42 91 20 9 88 92 42 46 92 48 33 6 93 21 82 77 88 18 61 29 74 96 64 70 32 91 78 7 95 13 59 53 22 0 99 85 79 58 90 27 21
45 1 56 26 71 65 8 40 58 53 46 19 88 8 40 64 29 37 1 77 39 38 21 90 71 99 25 43 3 34 31 25 3 2 99 16 58 27 61 13 55 81 80 29 19 19 15 33 74 54 94 89 17 32 54 4 81 0 30 1 29 47 79 46 79 83 88 71 2 22 86 79 35 74 21 59 37 62 72 14 33 71 43 20 38 20 2 89 40 7 61 85 93 0 32 56 76 4 77 62
5 7 51 93 45 43 86 45 43 69 86 42 11 10 72 36 1 71 48 43 80 96 29 99 6 22 64 60 21 60 96 20 27 21 32 0 1 38 7 90 76 48 18 13 97 30 73 42 27 16 37 11 11 68 14 0 32 48 60 19 24 93 64 73 65 20 40 24 22 65 56 73 28 97 98 20 87 17 60 12 20 37 82 34 38 33 45 56 57 24 13 9 72 98 0 75 4 80 49 43
22 26 98 94 69 56 21 97 28 92 55 55 82 9 52 66 91 99 25 50 24 62 60 30 2 55 20 2 72 19 50 65 65 38 68 12 68 72 85 86 72 32 31 35 18 24 26 31 66 77 14 8 22 7 11 48 15 38 5 96 44 42 47 61 95 34 14 48 28 87 78 19 7 55 99 3 84 47 45 40 72 8 74 81 86 23 76 31 77 65 2 33 35 30 40 0 99 62 39 86
67 33 18 84 75 3 61 48 30 72 1 31 19 52 27 70 82 6 99 49 86 33 6 47 55 71 42 17 15 1 44 52 96 27 40 79 46 27 83 65 27 71 60 81 83 80 48 39 36 18 81 24 49 41 57 18 66 19 4 52 90 48 65 31 28 62 0 2 71 95 26 25 72 16 39 62 18 49 70 53 11 6 51 55 16 94 70 4 32 50 90 16 16 69 33 86 0 81 42 73
67 16 5 35 99 3 72 72 0 23 88 16 21 81 65 78 46 92 13 71 99 72 26 57 90 97 5 76 76 87 15 89 71 0 37 54 96 59 54 51 61 61 87 72 14 31 18 93 12 9 45 24 27 5 93 31 51 77 18 19 26 49 3 22 43 43 69 41 65 87 94 62 85 45 54 8 17 78 56 2 81 81 93 93 3 70 70 48 35 15 45 91 29 56 65 17 92 0 16 41
72 68 56 74 32 70 0 22 49 76 85 38 87 5 13 82 7 63 15 90 80 78 22 99 55 5 98 48 61 76 51 7 75 58 50 49 47 83 91 2 5 87 33 88 5 13 28 6 98 53 53 42 97 60 48 57 13 38 37 74 3 25 12 80 68 13 64 31 83 16 27 30 4 70 67 80 76 78 72 72 69 88 70 89 47 48 29 12 65 81 24 61 41 69 92 3 84 22 0 69
98 80 41 61 5 37 17 10 98 14 90 29 47 79 44 4 51 78 99 16 13 41 9 16 63 88 26 30 32 92 57 25 97 11 90 84 26 37 14 33 30 36 44 23 33 79 56 57 77 22 91 36 32 33 32 59 75 36 25 4 63 12 91 40 92 1 35 94 41 70 66 43 94 65 56 57 53 25 65 68 69 27 41 80 80 30 90 56 68 91 40 38 97 65 54 9 20 52 59 0
