50
400 500
558 568
207 443
862 1081
972 1345
891 892
408 612
463 617
685 848
15 336
876 1145
304 343
901 1075
926 1180
486 797
475 709
239 271
215 355
494 628
713 726
674 719
454 504
677 991
827 925
595 744
944 1235
311 629
195 423
583 784
7 14
21 318
266 613
329 549
88 322
755 935
504 737
130 150
149 409
267 491
867 932
878 1157
780 934
237 462
496 576
328 716
108 495
588 611
789 1057
953 1273
906 1062
0 21 50 69 89 98 36 37 2 61 22 9 91 86 75 3 27 79 65 23 66 76 16 81 4 96 71 62 26 63 79 16 71 39 40 13 13 92 49 68 30 4 37 45 22 69 97 48 54 77
30 0 12 79 2 7 93 36 9 16 14 24 56 33 83 36 73 42 7 2 48 93 20 75 52 5 34 77 32 14 16 16 84 83 99 94 57 35 73 93 73 74 56 23 87 46 94 96 82 43
65 0 0 38 43 94 61 94 94 60 48 68 32 99 7 81 57 75 73 51 46 38 49 65 93 9 93 99 18 88 48 57 43 27 15 89 22 34 81 63 93 77 87 34 79 50 84 6 99 81
49 42 79 0 11 42 75 26 39 20 67 16 11 13 85 17 27 48 74 49 68 36 71 81 24 54 46 50 16 81 37 60 14 25 16 34 50 22 22 42 16 1 43 62 18 33 43 74 75 72
6 52 98 24 0 54 5 82 41 83 42 41 13 84 20 33 73 81 66 55 92 85 95 15 5 20 90 48 99 29 61 98 40 65 41 21 97 67 44 72 85 70 16 99 31 68 61 18 76 25
41 27 7 79 29 0 76 53 90 53 88 96 60 97 69 38 3 33 41 94 94 78 29 39 46 57 46 55 13 47 61 72 66 15 83 59 92 11 24 7 74 53 98 56 78 97 99 70 95 51
16 28 5 78 28 95 0 79 33 94 9 84 38 38 67 86 5 96 5 50 74 21 48 90 53 77 55 11 34 44 14 51 6 61 44 90 11 72 30 85 5 28 41 11 46 0 94 91 42 64
9 33 45 6 76 18 16 0 59 6 92 91 63 85 54 27 57 99 37 29 63 26 22 76 34 66 41 15 72 61 4 16 28 56 27 63 93 28 29 16 2 50 9 39 47 73 98 26 38 13
34 49 61 31 52 97 40 34 0 54 88 13 18 22 79 13 67 95 95 90 22 15 46 41 18 68 60 38 91 87 22 87 81 86 43 63 44 92 75 97 90 51 58 46 96 28 13 50 77 41
51 29 4 14 44 59 26 99 0 0 85 13 80 7 39 18 86 99 4 93 47 50 3 10 50 50 3 2 75 84 8 49 66 53 13 11 62 65 91 55 69 24 73 59 65 90 34 51 5 40
40 81 26 93 26 37 6 65 50 40 0 30 25 9 17 43 89 11 46 46 51 50 10 6 77 77 59 32 95 65 53 31 30 6 85 82 2 10 96 99 25 9 54 52 18 62 5 47 62 57
6 63 8 73 44 20 0 58 59 84 67 0 95 57 99 95 33 87 88 83 89 26 21 66 75 93 48 65 34 23 91 19 44 3 99 89 85 29 95 3 17 98 46 43 31 15 34 55 86 69
94 27 6 31 91 66 72 98 43 46 2 50 0 34 95 30 54 36 86 12 42 57 14 20 67 50 97 83 21 60 50 87 73 98 64 65 10 22 11 20 33 46 20 92 66 9 45 98 49 57
58 73 12 24 97 16 85 14 31 40 93 90 99 0 88 1 74 21 51 41 19 79 60 33 97 95 59 35 79 46 44 88 2 87 62 70 28 34 8 62 94 74 59 77 12 30 14 64 73 55
30 16 11 55 42 6 41 92 18 11 99 88 15 30 0 92 74 41 64 74 66 31 17 49 42 95 23 25 78 56 13 51 18 50 90 96 9 10 76 0 18 32 58 45 39 70 97 60 30 27
65 5 59 53 61 98 77 97 86 11 89 41 57 4 47 0 30 82 87 53 80 63 47 71 20 54 84 12 31 32 6 35 84 0 86 79 66 75 53 19 84 23 17 5 73 13 57 96 56 58
32 21 30 51 48 82 10 27 15 89 47 39 34 15 78 2 0 60 66 22 20 94 93 64 68 7 72 25 7 21 44 45 78 33 50 57 23 11 2 65 30 21 22 93 10 63 35 91 13 98
82 79 31 32 57 36 16 7 80 37 54 98 62 87 85 65 93 0 37 81 45 24 29 45 36 31 93 23 14 79 32 23 53 89 96 95 61 14 67 59 90 58 8 21 3 78 8 35 3 17
90 79 33 63 8 47 10 8 29 2 33 2 82 32 63 52 0 86 0 2 51 3 80 1 51 67 1 43 27 69 50 2 60 92 1 44 61 99 46 94 0 2 42 41 5 34 37 21 56 77
28 24 1 88 27 31 99 9 0 72 44 77 11 35 48 92 47 0 30 0 82 6 26 24 94 1 22 85 25 58 68 17 43 60 94 73 79 20 52 61 50 68 7 58 99 34 48 24 60 89
99 13 52 37 81 53 11 67 97 8 35 33 39 59 23 61 93 58 73 95 0 99 34 65 78 36 29 20 41 52 50 20 99 2 30 27 1 41 15 26 72 45 6 59 11 59 63 90 98 17
49 54 85 62 42 30 3 33 78 23 23 14 97 36 23 15 33 45 89 10 45 0 25 26 3 51 61 6 74 35 61 56 47 16 17 59 79 30 84 66 21 97 71 11 63 37 86 51 56 83
90 35 69 19 11 87 48 12 41 77 80 22 2 85 46 67 60 36 73 67 10 58 0 2 36 95 52 88 65 95 40 18 99 96 8 30 33 28 29 21 75 73 72 8 37 52 77 3 64 90
53 82 28 51 21 85 48 60 30 73 61 50 36 91 78 46 64 22 1 59 86 84 34 0 52 55 98 36 57 22 53 16 72 72 27 38 69 71 35 17 6 81 13 17 86 92 53 73 3 81
23 42 44 47 10 8 49 56 88 98 92 57 91 96 89 55 89 30 82 80 69 32 48 37 0 71 67 34 77 73 14 18 30 69 58 61 31 19 0 32 98 88 66 90 3 65 29 96 83 31
97 12 84 17 72 11 4 55 83 87 22 62 45 96 42 87 48 79 17 38 90 75 35 0 92 0 29 99 81 42 46 95 7 68 50 19 36 36 11 61 61 13 15 94 52 26 24 2 53 27
56 85 28 82 72 3 94 63 82 26 55 17 68 32 44 69 40 5 71 70 25 25 12 57 52 12 0 24 99 33 93 5 1 73 80 92 17 82 31 8 17 30 85 63 49 26 65 32 60 72
27 44 30 84 57 25 76 49 66 3 63 86 81 65 91 8 29 5 95 27 6 55 14 81 41 48 63 0 30 65 3 40 60 14 5 62 96 93 46 16 14 26 25 74 79 1 36 55 65 86
43 35 53 91 26 77 88 8 14 27 74 83 85 54 83 61 13 28 41 9 81 80 68 79 12 25 74 17 0 3 22 33 20 8 11 58 5 94 97 73 27 67 58 70 27 29 11 57 98 36
8 33 48 43 31 57 54 83 88 96 42 50 16 13 46 65 60 1 84 56 98 15 32 55 11 95 26 53 42 0 47 90 53 65 34 87 71 29 49 77 94 7 93 91 36 81 18 51 36 42
41 98 92 79 94 61 15 14 42 53 87 35 70 17 51 26 27 2 3 99 33 32 99 96 26 37 1 52 26 65 0 60 73 58 36 34 87 6 28 89 90 41 92 70 37 60 78 44 77 25
11 15 48 57 26 24 51 41 76 53 43 30 66 33 85 28 87 64 19 12 71 16 39 94 47 45 1 49 73 83 33 0 57 83 43 13 5 98 94 56 16 30 44 84 4 43 56 16 77 96
34 23 50 69 8 76 27 55 52 75 66 30 96 7 15 40 17 72 0 86 22 11 86 39 43 84 61 67 21 90 74 53 0 89 47 90 81 8 41 44 59 48 53 8 19 52 95 81 41 25
26 22 81 8 42 77 46 83 14 79 23 40 23 91 71 79 38 24 7 96 8 94 23 92 20 56 14 59 83 63 18 98 42 0 79 69 68 46 43 12 57 24 51 61 65 8 23 54 39 42
23 67 28 5 49 25 0 37 28 18 7 63 90 81 33 53 32 97 19 12 15 11 41 8 8 70 48 0 49 20 24 14 15 70 0 91 33 37 11 42 6 4 33 95 9 53 61 33 40 20
91 15 64 92 32 92 77 49 5 62 69 11 19 27 50 6 68 47 55 8 53 62 27 14 10 8 91 30 14 96 40 71 51 87 53 0 31 67 26 75 36 17 82 42 37 67 66 94 78 26
71 78 12 9 49 82 46 0 1 83 26 88 85 56 71 25 66 72 44 42 75 57 43 72 38 97 46 25 46 7 77 13 57 80 28 59 0 73 23 27 81 58 8 50 79 71 4 20 51 8
75 77 96 92 26 11 4 72 24 63 6 82 75 57 4 20 24 40 81 1 81 33 74 63 68 59 5 45 83 18 61 82 83 21 92 27 74 0 94 48 98 3 5 45 59 50 70 28 71 47
84 95 18 98 27 89 79 38 25 78 62 73 24 3 52 20 71 45 9 67 5 86 38 4 24 62 94 30 86 70 52 59 55 76 68 80 6 70 0 68 15 21 73 82 61 54 11 18 80 67
74 84 60 46 46 40 78 77 31 29 70 87 68 24 79 35 87 14 73 69 49 33 17 42 13 32 62 81 45 51 32 3 17 22 38 61 60 36 45 0 38 26 48 89 35 76 44 74 17 62
24 0 33 94 37 39 17 35 6 49 40 71 70 34 26 20 65 83 19 76 21 65 71 62 42 73 75 4 72 4 27 69 29 1 26 41 99 83 4 33 0 15 4 50 0 83 19 43 62 92
92 32 20 11 63 33 80 54 59 68 84 41 86 89 54 1 21 28 86 6 84 20 88 99 63 88 6 79 9 69 63 53 49 14 0 57 48 49 52 27 75 0 42 12 83 14 87 60 57 22
57 35 38 94 68 94 8 63 98 38 66 61 9 64 13 18 23 18 0 79 70 22 69 25 72 80 79 99 60 31 99 91 67 70 7 53 1 79 61 44 11 69 0 58 29 20 56 23 24 74
11 69 29 2 95 60 56 92 68 27 22 76 40 27 46 7 46 9 4 57 23 78 75 65 66 55 35 93 91 8 26 9 71 74 85 97 64 67 41 43 33 8 67 0 43 25 73 82 46 78
67 71 79 88 79 40 76 61 45 2 2 81 85 27 55 93 14 95 9 64 99 17 51 51 31 89 90 47 16 38 11 10 5 10 29 98 38 97 34 13 23 80 30 49 0 48 71 0 74 41
51 19 98 29 26 52 74 64 89 36 68 67 66 27 5 90 93 74 94 47 26 91 50 1 56 83 77 33 34 90 93 18 89 55 5 22 76 78 37 86 41 22 40 54 98 0 70 62 19 20
3 2 10 15 86 55 39 24 18 50 87 53 7 4 47 80 34 27 16 23 61 22 17 57 69 83 57 18 14 13 13 98 68 26 42 44 63 59 78 48 0 82 53 26 34 75 0 60 20 96
72 25 50 85 22 10 6 77 95 41 22 12 7 11 20 78 22 71 81 97 34 34 14 65 51 21 92 33 98 65 36 58 81 46 25 83 15 20 96 42 0 83 29 11 37 50 54 0 90 93
45 24 9 25 83 26 10 1 94 85 32 2 93 72 72 44 28 51 41 7 93 75 7 12 0 50 22 14 64 50 91 97 37 99 6 33 28 34 76 5 8 85 70 80 58 4 27 51 0 12
80 57 70 23 64 21 57 11 91 25 84 97 16 97 70 69 11 60 79 95 2 31 92 92 3 89 28 6 73 51 38 28 10 54 75 85 47 23 27 98 51 21 13 56 0 79 46 56 77 0
